File,Gamma,Tnb_gmDEC,nb_gmDEC
test0745,2,0.0426,1117
test1002,2,0.0424,736
test1086,2,0.0126,701
test1256,2,0.1106,1241
test0705,2,0.0312,570
test1094,2,0.0459,948
test0390,2,0.0209,706
test0016,2,0.04,1147
test1349,2,0.048,714
test0306,2,0.0383,762
test1159,2,0.0122,475
test0835,2,0.0713,1186
test1417,2,0.0549,1059
test1148,2,0.0226,709
test0256,2,0.0226,514
test1258,2,0.0505,643
test0581,2,0.0626,1003
test0100,2,0.0322,812
test0102,2,0.0162,601
test0800,2,0.0213,467
test0320,2,0.0751,941
test1020,2,0.0475,794
test0231,2,0.0287,644
test0062,2,0.0462,816
test1257,2,0.0323,977
test0892,2,0.0528,1039
test0910,2,0.0312,533
test0570,2,0.0488,881
test0398,2,0.044,1002
test0028,2,0.0154,419
test0350,2,0.0248,440
test1327,2,0.0194,528
test0594,2,0.0223,671
test0533,2,0.0307,927
test0343,2,0.0264,731
test0807,2,0.0562,1126
test0895,2,0.0308,726
test1026,2,0.0075,287
test0022,2,0.0196,425
test1265,2,0.0192,411
test0050,2,0.091,1433
test0198,2,0.0499,759
test0383,2,0.0773,1283
test0658,2,0.049,1765
test1221,2,0.0412,752
test0816,2,0.0134,411
test0317,2,0.0296,847
test1385,2,0.0421,825
test0098,2,0.0342,679
test0130,2,0.0297,922
test0507,2,0.0076,493
test1431,2,0.0634,1283
test0870,2,0.0418,863
test0604,2,0.0481,1029
test1435,2,0.0319,949
test1161,2,0.0121,587
test1100,2,0.0156,432
test0838,2,0.048,1168
test0683,2,0.0506,998
test1262,2,0.0565,1203
test0861,2,0.0226,678
test0492,2,0.0163,390
test0230,2,0.0383,735
test0737,2,0.0276,1056
test1260,2,0.1024,1526
test0114,2,0.012,439
test0536,2,0.02,600
test0358,2,0.0227,607
test1353,2,0.0173,846
test0170,2,0.0503,971
test1047,2,0.0263,605
test0128,2,0.0138,548
test0849,2,0.0323,1102
test0617,2,0.0299,678
test0478,2,0.0544,886
test1414,2,0.067,1574
test1487,2,0.043,779
test1317,2,0.07,1590
test0448,2,0.0303,634
test0107,2,0.0081,477
test0193,2,0.0286,875
test0417,2,0.0637,1551
test1462,2,0.0099,414
test1149,2,0.0322,957
test1393,2,0.0784,1360
test0565,2,0.0519,986
test1110,2,0.0537,788
test0271,2,0.0129,566
test1292,2,0.0482,956
test0272,2,0.0359,826
test0117,2,0.0332,760
test0650,2,0.0321,782
test0781,2,0.0313,1060
test1065,2,0.0214,839
test1076,2,0.0442,864
test0640,2,0.0486,931
test0534,2,0.0182,547
test0803,2,0.0178,509
test0506,2,0.0587,1223
test1071,2,0.053,1077
test1240,2,0.033,636
test1001,2,0.086,1137
test0555,2,0.0241,497
test1270,2,0.0096,353
test0508,2,0.0127,604
test1441,2,0.0351,700
test1139,2,0.0628,1223
test1318,2,0.0495,984
test0063,2,0.0514,1070
test0980,2,0.0359,937
test1323,2,0.0988,1774
test1035,2,0.0202,741
test0470,2,0.0451,879
test0637,2,0.0173,670
test1040,2,0.0362,624
test0755,2,0.0192,496
test1189,2,0.036,721
test0476,2,0.0627,709
test1478,2,0.029,529
test0583,2,0.0903,1462
test1436,2,0.0368,744
test0134,2,0.0476,725
test0460,2,0.0181,601
test1362,2,0.0621,834
test0729,2,0.0176,371
test1133,2,0.062,1181
test0563,2,0.0318,594
test1339,2,0.0486,1041
test0738,2,0.0154,462
test0378,2,0.0103,416
test1395,2,0.0151,671
test1382,2,0.0777,1250
test0093,2,0.0399,795
test0991,2,0.0445,702
test1105,2,0.013,584
test0916,2,0.0298,801
test1314,2,0.0687,1090
test1246,2,0.0108,393
test1434,2,0.0331,755
test0163,2,0.0104,434
test0125,2,0.0362,797
test1101,2,0.0148,692
test1005,2,0.0136,485
test0818,2,0.0255,639
test0799,2,0.0265,879
test1394,2,0.0296,600
test0877,2,0.0394,811
test0784,2,0.0211,636
test0059,2,0.0159,402
test0898,2,0.0241,579
test0833,2,0.0132,459
test0834,2,0.0528,1271
test1250,2,0.0557,1136
test0258,2,0.0585,987
test0474,2,0.0406,874
test0299,2,0.0185,451
test0406,2,0.018,655
test1298,2,0.0114,375
test0922,2,0.0384,426
test0626,2,0.0482,417
test1015,2,0.0709,954
test1388,2,0.0672,670
test1301,2,0.0207,523
test1168,2,0.1545,1237
test1198,2,0.0529,1109
test0952,2,0.0782,1061
test1424,2,0.0454,1127
test1082,2,0.0196,484
test0779,2,0.0119,586
test1125,2,0.0179,511
test1192,2,0.0436,798
test0557,2,0.0785,1344
test0086,2,0.0181,540
test1135,2,0.0118,515
test0554,2,0.021,792
test1460,2,0.0414,779
test0407,2,0.04,1042
test1126,2,0.0322,614
test0073,2,0.0162,566
test0351,2,0.0492,1018
test0375,2,0.0213,635
test0748,2,0.0543,1157
test1481,2,0.032,842
test0060,2,0.0307,849
test1083,2,0.0616,1363
test0396,2,0.0259,670
test1019,2,0.0237,529
test1124,2,0.0944,1336
test1038,2,0.0703,1151
test0207,2,0.0275,822
test1155,2,0.0191,374
test0023,2,0.0513,1007
test0986,2,0.0255,947
test0029,2,0.0229,560
test0887,2,0.0096,464
test0395,2,0.0379,1072
test0285,2,0.0615,1235
test1443,2,0.071,1115
test0500,2,0.0272,615
test1018,2,0.0335,1081
test1354,2,0.0339,652
test1396,2,0.0202,688
test0774,2,0.0421,687
test0419,2,0.0104,501
test1492,2,0.0357,707
test0889,2,0.0262,780
test0901,2,0.0266,705
test1056,2,0.0197,522
test0444,2,0.0658,1108
test1000,2,0.0102,444
test0164,2,0.0524,1052
test0544,2,0.0338,659
test1136,2,0.0375,851
test0976,2,0.0168,513
test0974,2,0.0552,1105
test0422,2,0.0345,930
test1064,2,0.0489,1321
test0447,2,0.0232,865
test0342,2,0.0209,626
test0731,2,0.0666,1207
test1477,2,0.0169,669
test0030,2,0.1025,1494
test0845,2,0.0227,764
test0187,2,0.0277,861
test0619,2,0.0479,922
test0053,2,0.0156,497
test1333,2,0.0316,720
test0621,2,0.0531,1067
test1073,2,0.0183,752
test0921,2,0.0924,1255
test0176,2,0.0428,1151
test1143,2,0.053,794
test0136,2,0.0449,882
test0897,2,0.0284,836
test0467,2,0.0236,802
test1024,2,0.0086,361
test0628,2,0.0218,684
test0596,2,0.0487,1243
test0657,2,0.0255,763
test0509,2,0.0552,1157
test1208,2,0.0354,829
test0730,2,0.0148,637
test1277,2,0.044,872
test0061,2,0.03,563
test0185,2,0.0184,589
test0293,2,0.0241,771
test0461,2,0.0367,820
test0248,2,0.0215,614
test1488,2,0.0398,1100
test1489,2,0.0655,1162
test0665,2,0.0368,877
test1355,2,0.0312,883
test0966,2,0.0125,573
test0796,2,0.0884,1316
test0573,2,0.0106,315
test0566,2,0.0243,977
test0575,2,0.0229,797
test0825,2,0.0196,492
test1006,2,0.0474,881
test1430,2,0.0326,929
test0510,2,0.0188,914
test0131,2,0.0561,1322
test1499,2,0.0365,878
test0286,2,0.0524,1093
test1233,2,0.0181,561
test1072,2,0.0592,1038
test0224,2,0.0268,655
test0409,2,0.047,1003
test0623,2,0.0618,1123
test1157,2,0.0231,913
test0770,2,0.016,693
test0341,2,0.0423,967
test1426,2,0.057,1093
test0899,2,0.0333,811
test1271,2,0.0364,1285
test1238,2,0.058,892
test1234,2,0.027,700
test1112,2,0.0147,609
test0374,2,0.0609,1341
test0975,2,0.0231,511
test1027,2,0.0465,976
test1448,2,0.0428,1182
test0532,2,0.0613,1229
test0535,2,0.0744,1728
test1085,2,0.0311,729
test1075,2,0.0616,1027
test1330,2,0.0271,655
test1152,2,0.0254,614
test0630,2,0.0611,1384
test1461,2,0.0131,371
test0933,2,0.072,1256
test0165,2,0.0448,957
test1232,2,0.0538,824
test1384,2,0.0188,505
test0389,2,0.0175,512
test1432,2,0.0434,865
test1131,2,0.0725,1189
test1457,2,0.0331,1025
test1342,2,0.0216,662
test1482,2,0.0572,1211
test1197,2,0.0535,924
test1485,2,0.0443,1051
test0960,2,0.0221,688
test0852,2,0.0199,521
test0831,2,0.0431,864
test0962,2,0.0532,1046
test0252,2,0.0199,851
test0614,2,0.0284,845
test1151,2,0.0454,1265
test0854,2,0.0293,685
test0069,2,0.0234,879
test0260,2,0.0252,686
test1025,2,0.0715,1303
test0549,2,0.0824,1032
test1371,2,0.027,875
test0813,2,0.0503,796
test0645,2,0.0164,780
test0003,2,0.05,860
test1348,2,0.0252,394
test0585,2,0.0782,1258
test0031,2,0.041,857
test0316,2,0.0446,883
test0735,2,0.0402,997
test1473,2,0.0345,768
test0042,2,0.0452,849
test0274,2,0.0502,1525
test0524,2,0.0197,569
test0914,2,0.0224,953
test0311,2,0.0813,1291
test1111,2,0.0358,883
test0263,2,0.0452,966
test0413,2,0.0166,376
test0195,2,0.0308,693
test1181,2,0.0605,1540
test0026,2,0.0662,1497
test0278,2,0.0652,1500
test0848,2,0.0482,977
test0122,2,0.037,792
test0392,2,0.0219,684
test0132,2,0.0266,643
test0055,2,0.0212,738
test0896,2,0.0341,645
test1187,2,0.0465,1067
test1433,2,0.0622,1157
test0750,2,0.0342,1062
test0629,2,0.033,709
test0761,2,0.0236,506
test1296,2,0.0146,574
test0904,2,0.0285,873
test1130,2,0.0723,1717
test0787,2,0.0196,639
test1214,2,0.0448,994
test0822,2,0.0248,604
test1062,2,0.0105,502
test1313,2,0.0579,986
test0211,2,0.0457,962
test0082,2,0.0711,1362
test0359,2,0.0237,1026
test0079,2,0.0282,614
test1037,2,0.0181,684
test1193,2,0.0253,721
test0144,2,0.0233,694
test0485,2,0.0517,914
test1340,2,0.0839,1447
test1483,2,0.0308,702
test0878,2,0.0931,1059
test1404,2,0.1158,1318
test0250,2,0.0608,1038
test1428,2,0.0459,621
test0223,2,0.0225,672
test0032,2,0.0758,1718
test0773,2,0.0272,725
test1440,2,0.0366,1155
test0885,2,0.036,628
test0196,2,0.0192,432
test0454,2,0.1328,1209
test1268,2,0.0563,634
test0937,2,0.03,559
test0240,2,0.0844,990
test1053,2,0.0302,779
test0539,2,0.0354,685
test1375,2,0.0144,599
test0438,2,0.0192,596
test0727,2,0.0488,990
test0891,2,0.0154,584
test0907,2,0.0482,980
test0672,2,0.0671,1411
test0463,2,0.0115,377
test0056,2,0.0341,982
test0466,2,0.0298,538
test1177,2,0.0135,440
test1439,2,0.0433,894
test0208,2,0.0165,437
test0503,2,0.0884,1315
test0560,2,0.0605,1235
test0850,2,0.0348,670
test0864,2,0.0741,1344
test1279,2,0.0618,999
test1003,2,0.0245,537
test0021,2,0.0269,503
test1312,2,0.042,908
test0923,2,0.0538,890
test1041,2,0.0251,647
test0501,2,0.0231,674
test0926,2,0.0498,1021
test1495,2,0.0312,775
test1175,2,0.0276,699
test0863,2,0.0512,1013
test0456,2,0.0133,571
test0048,2,0.0322,569
test0881,2,0.0254,609
test0199,2,0.0688,1404
test1475,2,0.0665,1324
test0579,2,0.0092,470
test0830,2,0.0712,1399
test0036,2,0.0277,417
test0105,2,0.0526,992
test0874,2,0.0578,1028
test0983,2,0.0279,782
test1377,2,0.0534,888
test0701,2,0.0208,811
test1450,2,0.0252,727
test1310,2,0.0254,573
test0953,2,0.0316,697
test0301,2,0.0099,388
test0365,2,0.0399,762
test0698,2,0.0205,519
test0627,2,0.024,494
test1267,2,0.0735,1163
test0574,2,0.0709,1407
test0393,2,0.0146,325
test0724,2,0.024,718
test0679,2,0.1101,1681
test1363,2,0.0237,815
test0255,2,0.0499,1176
test1320,2,0.0401,1049
test0902,2,0.0391,606
test1030,2,0.0214,530
test1272,2,0.0282,887
test0979,2,0.0437,1031
test1289,2,0.0248,546
test1373,2,0.0423,1357
test1403,2,0.0151,390
test1328,2,0.0374,729
test0408,2,0.0191,739
test1222,2,0.0651,817
test1336,2,0.0451,665
test1113,2,0.0605,1113
test0664,2,0.0246,841
test0631,2,0.0338,625
test1266,2,0.013,594
test0584,2,0.0352,868
test0025,2,0.0229,717
test0323,2,0.0426,874
test0612,2,0.0332,693
test1119,2,0.0314,613
test1484,2,0.0184,807
test0906,2,0.038,961
test0556,2,0.0509,976
test1253,2,0.0225,598
test0209,2,0.0294,650
test0279,2,0.0599,1202
test1220,2,0.0571,1004
test0610,2,0.0288,693
test0568,2,0.0666,1176
test0469,2,0.0387,473
test0106,2,0.0415,945
test0310,2,0.0264,848
test1011,2,0.0287,732
test0810,2,0.0659,1240
test0720,2,0.0581,947
test0759,2,0.1025,1502
test0656,2,0.108,1625
test0155,2,0.0337,735
test0725,2,0.0249,590
test1093,2,0.084,1216
test0970,2,0.0588,1461
test1249,2,0.0722,1215
test0893,2,0.0124,404
test0019,2,0.1076,1575
test0688,2,0.0194,772
test0792,2,0.0325,675
test0113,2,0.0562,1015
test0331,2,0.0089,406
test0119,2,0.0468,696
test0716,2,0.0368,780
test1109,2,0.0361,752
test1409,2,0.0183,638
test1169,2,0.0439,742
test0929,2,0.0345,621
test0859,2,0.0337,618
test1153,2,0.0203,571
test0011,2,0.0266,832
test0150,2,0.0343,939
test0197,2,0.0204,984
test0742,2,0.0229,665
test0993,2,0.0362,1020
test0884,2,0.0353,602
test0775,2,0.0339,911
test1372,2,0.0475,911
test0442,2,0.0691,1446
test0496,2,0.052,941
test1069,2,0.0195,537
test1345,2,0.0364,937
test0913,2,0.0917,1411
test0452,2,0.0267,674
test0481,2,0.0517,999
test1276,2,0.0495,1053
test0183,2,0.0171,677
test1166,2,0.0121,561
test1398,2,0.0514,885
test0707,2,0.0635,1056
test1299,2,0.0487,995
test0998,2,0.0604,1257
test1471,2,0.0512,947
test0606,2,0.1076,1375
test0225,2,0.0207,644
test0110,2,0.0138,581
test1383,2,0.0206,757
test0717,2,0.015,649
test0836,2,0.0456,1205
test0171,2,0.038,1013
test0890,2,0.0222,657
test1346,2,0.0235,488
test0112,2,0.0481,922
test0088,2,0.0548,905
test1084,2,0.06,1063
test0766,2,0.018,469
test1203,2,0.0253,797
test0526,2,0.0069,366
test0523,2,0.0486,943
test0790,2,0.0204,670
test0089,2,0.0599,1089
test0782,2,0.0278,768
test0912,2,0.044,1198
test0355,2,0.0139,514
test1200,2,0.0242,933
test1321,2,0.0625,1164
test0399,2,0.013,350
test0327,2,0.0474,1339
test0302,2,0.0616,1144
test0955,2,0.0354,878
test0558,2,0.0139,478
test0352,2,0.0494,1089
test1479,2,0.02,585
test0514,2,0.0687,1381
test0074,2,0.0238,953
test1190,2,0.0421,1033
test1470,2,0.0324,667
test0212,2,0.0645,1201
test0663,2,0.0099,553
test0743,2,0.0766,1149
test0477,2,0.0306,925
test1402,2,0.0465,914
test0336,2,0.0646,1027
test0601,2,0.0671,1511
test0337,2,0.0426,992
test0076,2,0.1,1605
test1144,2,0.0078,390
test1178,2,0.071,1292
test0182,2,0.0503,862
test0651,2,0.0544,1095
test0857,2,0.0393,836
test1055,2,0.0358,684
test0217,2,0.0614,874
test1300,2,0.024,721
test0360,2,0.0166,514
test1134,2,0.016,635
test1285,2,0.0155,517
test0147,2,0.0227,314
test0908,2,0.0273,654
test0752,2,0.0148,706
test1090,2,0.0501,991
test0903,2,0.0515,1148
test1378,2,0.0398,840
test1365,2,0.0157,598
test1182,2,0.0429,1063
test0733,2,0.0227,635
test1066,2,0.0732,1456
test1427,2,0.0257,856
test0420,2,0.0107,463
test1290,2,0.0392,1055
test0865,2,0.0194,519
test1219,2,0.0632,1153
test0700,2,0.1127,1773
test1243,2,0.0398,692
test0237,2,0.0188,282
test1408,2,0.0381,636
test0828,2,0.0396,806
test0357,2,0.0782,1473
test0676,2,0.0429,940
test0746,2,0.0747,1425
test1458,2,0.0184,623
test0097,2,0.0579,897
test0270,2,0.0455,687
test0290,2,0.0492,904
test1048,2,0.0567,1082
test0034,2,0.03,1184
test1380,2,0.0249,549
test0686,2,0.0315,672
test0347,2,0.034,808
test0644,2,0.0515,1031
test1170,2,0.0211,758
test1496,2,0.0501,1120
test0160,2,0.0234,707
test0361,2,0.0411,1006
test0314,2,0.0858,1280
test0180,2,0.0251,601
test1209,2,0.0614,1073
test0429,2,0.0497,1164
test1179,2,0.0347,798
test0856,2,0.0941,1682
test0559,2,0.077,1282
test0111,2,0.0573,1107
test1081,2,0.0244,1020
test0931,2,0.0306,833
test0726,2,0.0357,874
test0414,2,0.0653,1008
test1447,2,0.0254,571
test1123,2,0.0599,968
test0646,2,0.0324,770
test0220,2,0.0211,845
test0846,2,0.0326,525
test1239,2,0.0227,646
test0602,2,0.0487,866
test1399,2,0.0232,719
test0704,2,0.0129,343
test0179,2,0.0107,644
test0177,2,0.0126,527
test0070,2,0.0363,993
test0412,2,0.0491,1045
test1291,2,0.0286,765
test1389,2,0.02,585
test0744,2,0.0213,589
test1459,2,0.0262,688
test0708,2,0.016,446
test0468,2,0.0284,846
test1454,2,0.0117,566
test0245,2,0.0231,844
test0978,2,0.029,675
test0373,2,0.0458,947
test0821,2,0.0299,745
test0004,2,0.0098,428
test0618,2,0.0148,392
test1418,2,0.0242,807
test0692,2,0.0598,966
test0101,2,0.0094,492
test0973,2,0.0396,1012
test1120,2,0.0309,878
test0455,2,0.0715,1305
test0935,2,0.0508,909
test0634,2,0.02,612
test1397,2,0.0298,924
test0174,2,0.0332,781
test0071,2,0.0096,355
test1195,2,0.0428,936
test0751,2,0.0834,1364
test0777,2,0.04,612
test1281,2,0.0746,1442
test0719,2,0.1105,1471
test0768,2,0.014,533
test0552,2,0.0183,426
test0043,2,0.0288,513
test0696,2,0.0492,1096
test1022,2,0.0576,969
test0298,2,0.0176,447
test0371,2,0.0303,887
test1114,2,0.0402,1114
test0370,2,0.0249,519
test0092,2,0.0274,686
test0588,2,0.0392,1001
test1307,2,0.0523,903
test1180,2,0.0449,901
test0905,2,0.0252,670
test1263,2,0.0321,953
test0915,2,0.025,707
test0291,2,0.037,854
test0142,2,0.0106,488
test0685,2,0.0094,266
test0622,2,0.0421,908
test0334,2,0.0439,749
test1347,2,0.0534,805
test1229,2,0.0896,1463
test0450,2,0.0106,492
test0780,2,0.0659,1276
test0108,2,0.009,415
test0842,2,0.0452,1293
test0589,2,0.1011,1665
test0262,2,0.0132,499
test0990,2,0.0301,570
test1252,2,0.0456,750
test0951,2,0.0618,1616
test0511,2,0.0484,1316
test1244,2,0.0479,1039
test0820,2,0.0753,1696
test0437,2,0.0206,516
test1174,2,0.0462,656
test1269,2,0.0532,983
test0972,2,0.0541,1048
test0613,2,0.0569,1084
test0992,2,0.0159,475
test1351,2,0.0317,632
test0005,2,0.0551,858
test0572,2,0.0927,1643
test0338,2,0.0189,718
test0855,2,0.064,1108
test1156,2,0.0432,738
test0802,2,0.099,1103
test1224,2,0.0346,627
test1021,2,0.0437,964
test0783,2,0.0332,552
test0551,2,0.0763,1231
test0348,2,0.0905,1001
test0120,2,0.0351,410
test0680,2,0.0746,752
test0741,2,0.0231,406
test0443,2,0.1278,960
test1366,2,0.0462,537
test1140,2,0.064,678
test0315,2,0.0805,721
test0425,2,0.0762,1292
test0354,2,0.0346,648
test0446,2,0.0362,932
test0344,2,0.0675,952
test0917,2,0.0629,1390
test0013,2,0.0271,688
test1413,2,0.0981,1324
test0691,2,0.0343,975
test0697,2,0.0849,1052
test0017,2,0.0407,854
test0789,2,0.0143,359
test0161,2,0.0552,1048
test0776,2,0.0328,961
test0103,2,0.057,924
test0432,2,0.0217,427
test0927,2,0.0438,872
test0172,2,0.0308,1099
test0173,2,0.0201,475
test1306,2,0.0118,534
test0372,2,0.0471,938
test1254,2,0.0316,606
test0540,2,0.0135,363
test0129,2,0.0447,846
test0762,2,0.0868,1176
test0292,2,0.0477,918
test0888,2,0.0134,513
test0553,2,0.0141,571
test0312,2,0.0125,533
test0611,2,0.0356,971
test1057,2,0.0481,913
test0154,2,0.0306,597
test0242,2,0.0226,451
test0632,2,0.0531,804
test0969,2,0.1037,1551
test0259,2,0.0547,906
test0880,2,0.0325,539
test0689,2,0.0668,1141
test0239,2,0.0411,877
test0205,2,0.0146,550
test0911,2,0.0532,1196
test0764,2,0.0217,654
test1013,2,0.0332,853
test1188,2,0.0427,693
test0431,2,0.0193,586
test0218,2,0.0194,800
test0138,2,0.0638,1263
test0580,2,0.0102,529
test0710,2,0.0153,445
test0367,2,0.0322,562
test1247,2,0.0588,817
test0756,2,0.0124,442
test1196,2,0.0596,1472
test0872,2,0.0516,1050
test0168,2,0.0452,835
test1420,2,0.0078,359
test0757,2,0.0158,587
test0505,2,0.02,629
test0001,2,0.0244,635
test0116,2,0.0322,534
test1059,2,0.0273,645
test1364,2,0.0216,387
test0499,2,0.0181,625
test0669,2,0.0182,534
test0722,2,0.0501,710
test0703,2,0.0595,1030
test0426,2,0.0468,1035
test0522,2,0.0139,643
test1034,2,0.0379,818
test1463,2,0.05,739
test0564,2,0.0251,820
test0472,2,0.06,996
test0345,2,0.0668,1168
test0971,2,0.0147,398
test1451,2,0.0465,921
test0300,2,0.0448,750
test0427,2,0.0406,828
test1293,2,0.0326,842
test1392,2,0.0429,570
test0797,2,0.0179,515
test0763,2,0.0663,999
test0571,2,0.0356,881
test0221,2,0.0295,735
test0758,2,0.0329,947
test0620,2,0.0218,648
test1046,2,0.058,1053
test0721,2,0.024,670
test0871,2,0.0358,790
test0018,2,0.0162,428
test1007,2,0.0494,1505
test1236,2,0.0165,549
test0806,2,0.0342,548
test0267,2,0.1148,1475
test1023,2,0.0118,490
test0219,2,0.0158,478
test0397,2,0.0395,984
test1008,2,0.0449,976
test0415,2,0.068,1024
test0356,2,0.0208,668
test1261,2,0.0798,1713
test0678,2,0.0497,677
test1121,2,0.0425,897
test0077,2,0.0143,559
test1031,2,0.0318,872
test1077,2,0.0206,417
test0007,2,0.0313,547
test0829,2,0.0228,541
test1118,2,0.0239,731
test0041,2,0.0244,727
test0900,2,0.0292,606
test0215,2,0.0338,984
test1012,2,0.0604,1224
test0866,2,0.0283,686
test1051,2,0.0423,732
test0666,2,0.0177,602
test1259,2,0.0361,620
test0930,2,0.0182,658
test0307,2,0.0858,1113
test0702,2,0.0359,400
test0349,2,0.0269,734
test0550,2,0.0859,1175
test0157,2,0.0244,605
test0671,2,0.0223,378
test0233,2,0.0175,519
test0920,2,0.0668,1261
test0977,2,0.0318,669
test1446,2,0.0223,998
test0445,2,0.0373,844
test0567,2,0.0435,865
test0694,2,0.0369,776
test0760,2,0.0164,681
test0484,2,0.0593,1086
test1173,2,0.0291,800
test1137,2,0.0136,454
test1376,2,0.0603,1542
test0739,2,0.0215,454
test0335,2,0.0192,427
test0945,2,0.0223,838
test0178,2,0.0208,450
test1230,2,0.0945,1635
test0490,2,0.0469,901
test0377,2,0.0207,544
test1255,2,0.0235,715
test0591,2,0.0222,633
test1415,2,0.0646,1154
test0046,2,0.0578,1126
test0928,2,0.0272,627
test1010,2,0.0424,982
test0104,2,0.062,1320
test0394,2,0.0317,584
test0869,2,0.0693,1206
test0712,2,0.0118,395
test0541,2,0.0218,539
test1092,2,0.0284,666
test0228,2,0.0199,500
test1337,2,0.0238,707
test0681,2,0.0428,1334
test0175,2,0.0764,1463
test0080,2,0.0301,592
test0593,2,0.0527,824
test0488,2,0.0221,793
test0318,2,0.0416,807
test1374,2,0.0247,660
test1091,2,0.011,537
test0369,2,0.0528,1055
test0430,2,0.0514,1008
test0747,2,0.0214,720
test0459,2,0.0917,1819
test0033,2,0.0521,995
test0313,2,0.0302,821
test1061,2,0.0175,383
test0873,2,0.0517,1203
test0184,2,0.0603,1113
test0326,2,0.0579,1224
test1352,2,0.0448,798
test1287,2,0.0401,718
test0458,2,0.0505,1063
test0660,2,0.0518,1150
test0699,2,0.0219,563
test0006,2,0.0377,797
test0767,2,0.0439,904
test0282,2,0.0639,1002
test0754,2,0.0595,994
test0362,2,0.0664,1177
test0934,2,0.0198,727
test0876,2,0.099,1683
test0599,2,0.0321,684
test0562,2,0.0084,431
test0234,2,0.046,1027
test1422,2,0.0302,856
test0785,2,0.0435,921
test1237,2,0.0416,1032
test1468,2,0.0464,954
test0981,2,0.0269,1003
test1107,2,0.0321,983
test0304,2,0.03,947
test0411,2,0.0164,553
test0385,2,0.0623,1186
test0653,2,0.0108,437
test0961,2,0.0283,792
test0127,2,0.0538,1016
test0718,2,0.0222,594
test1115,2,0.0123,472
test1302,2,0.0057,342
test1044,2,0.0321,681
test1379,2,0.0278,864
test1387,2,0.0532,1020
test1050,2,0.0579,999
test0502,2,0.0439,674
test1036,2,0.0559,944
test0957,2,0.0252,506
test0648,2,0.0391,813
test0495,2,0.0918,1649
test0932,2,0.0433,767
test1029,2,0.0153,470
test0525,2,0.0771,1430
test0636,2,0.0478,716
test0400,2,0.045,912
test0368,2,0.0159,513
test1425,2,0.0248,342
test0379,2,0.0154,483
test0363,2,0.0112,499
test0948,2,0.0336,699
test0266,2,0.0504,1116
test0235,2,0.091,1183
test1465,2,0.0412,819
test0749,2,0.0338,686
test0875,2,0.0214,593
test1162,2,0.0449,965
test0227,2,0.016,454
test0084,2,0.0288,837
test0153,2,0.0519,742
test0295,2,0.0181,506
test0440,2,0.0133,412
test0545,2,0.029,845
test0837,2,0.0539,973
test0139,2,0.0402,727
test1167,2,0.0476,1019
test0095,2,0.0408,1272
test0840,2,0.0147,579
test1325,2,0.0557,1161
test0736,2,0.0818,1341
test0616,2,0.0233,550
test0309,2,0.0543,1078
test0711,2,0.0102,399
test0518,2,0.0741,1424
test0241,2,0.063,1511
test0090,2,0.099,1709
test0094,2,0.0481,805
test0808,2,0.0454,1049
test0162,2,0.0496,1227
test1106,2,0.0525,966
test0015,2,0.0194,577
test1350,2,0.0616,1271
test0936,2,0.01,511
test0590,2,0.0116,490
test0264,2,0.0176,497
test0436,2,0.0402,791
test0020,2,0.0188,465
test1282,2,0.0365,507
test1096,2,0.0222,525
test0959,2,0.0257,669
test0145,2,0.0185,487
test0995,2,0.0308,517
test0099,2,0.0523,963
test1305,2,0.0426,834
test0561,2,0.0388,766
test0662,2,0.0287,536
test0288,2,0.0477,832
test1211,2,0.0325,715
test0037,2,0.0164,508
test0137,2,0.01,418
test0213,2,0.0521,946
test0273,2,0.0253,540
test0586,2,0.031,678
test0504,2,0.0892,1461
test0625,2,0.0224,533
test0297,2,0.0298,606
test1104,2,0.0531,984
test0091,2,0.0199,500
test0471,2,0.0853,919
test0578,2,0.0191,363
test1359,2,0.0296,641
test1275,2,0.0393,962
test1231,2,0.0187,439
test0753,2,0.0284,575
test0009,2,0.0319,558
test0659,2,0.0171,557
test1235,2,0.0545,1435
test1421,2,0.0387,736
test0287,2,0.0476,842
test1097,2,0.0358,707
test0600,2,0.0627,1395
test0925,2,0.06,1234
test1322,2,0.1166,1664
test0968,2,0.0418,1013
test0812,2,0.0234,687
test0958,2,0.0403,631
test0332,2,0.0629,1312
test0051,2,0.0879,1344
test1329,2,0.0111,312
test1028,2,0.0266,473
test0381,2,0.0143,300
test1213,2,0.0441,951
test1498,2,0.045,1322
test1419,2,0.013,575
test1361,2,0.0265,520
test1165,2,0.0466,908
test0038,2,0.0478,873
test1452,2,0.0503,1374
test0987,2,0.0745,1180
test0251,2,0.0188,599
test1160,2,0.0555,941
test0734,2,0.0135,368
test0677,2,0.0216,593
test0832,2,0.0605,1026
test0194,2,0.0264,829
test0690,2,0.0673,1257
test1045,2,0.0219,675
test1370,2,0.0707,1162
test1386,2,0.015,449
test0200,2,0.0255,605
test0673,2,0.0442,930
test1147,2,0.0543,1092
test1476,2,0.0177,638
test1164,2,0.0529,1229
test0152,2,0.07,1195
test0706,2,0.0319,936
test0595,2,0.0416,915
test0480,2,0.0456,910
test1088,2,0.0169,532
test0542,2,0.014,434
test1199,2,0.1144,1651
test1356,2,0.0159,510
test1453,2,0.0275,562
test0823,2,0.1009,1470
test0159,2,0.0558,948
test0418,2,0.0347,617
test1494,2,0.0805,1674
test1294,2,0.0283,494
test1311,2,0.0131,604
test1225,2,0.1214,1782
test1486,2,0.0171,422
test0772,2,0.0824,1314
test0809,2,0.0866,1431
test0254,2,0.0408,831
test0325,2,0.0154,541
test1474,2,0.0128,577
test0386,2,0.0852,1620
test1491,2,0.0256,857
test0947,2,0.0406,954
test1049,2,0.0771,1028
test0087,2,0.0117,404
test0066,2,0.0431,1067
test0201,2,0.0512,994
test0275,2,0.0514,867
test0324,2,0.0552,1174
test0498,2,0.0347,588
test1127,2,0.0202,388
test0894,2,0.0306,860
test0191,2,0.0403,698
test0346,2,0.0744,1174
test0801,2,0.0305,819
test1132,2,0.0277,467
test0943,2,0.0867,1595
test0740,2,0.0293,699
test1410,2,0.0159,592
test0999,2,0.0464,1198
test1367,2,0.0176,456
test0530,2,0.0192,382
test0989,2,0.0596,1534
test0226,2,0.0412,607
test0633,2,0.0479,749
test1278,2,0.0499,808
test0940,2,0.0475,961
test1455,2,0.0314,866
test1437,2,0.0346,794
test0638,2,0.0835,1369
test0075,2,0.025,816
test0965,2,0.0151,340
test0387,2,0.0308,803
test0229,2,0.0181,621
test1303,2,0.0312,658
test1014,2,0.0421,569
test0489,2,0.0197,427
test0083,2,0.0215,440
test1400,2,0.0643,899
test1341,2,0.0463,975
test1245,2,0.0517,1025
test1217,2,0.037,1018
test0081,2,0.0692,1081
test1369,2,0.0232,767
test1438,2,0.0183,569
test0769,2,0.029,823
test0044,2,0.0783,1498
test1467,2,0.0322,424
test1142,2,0.0524,1042
test1216,2,0.0182,632
test1390,2,0.0167,413
test1016,2,0.0286,854
test0592,2,0.028,656
test0047,2,0.0229,466
test0181,2,0.0553,916
test0115,2,0.0198,628
test1017,2,0.0215,541
test1060,2,0.0317,635
test1358,2,0.0384,652
test0010,2,0.0272,625
test1304,2,0.0199,539
test0064,2,0.1022,1423
test0603,2,0.0546,1025
test0667,2,0.0419,603
test1405,2,0.0303,689
test0851,2,0.036,764
test0569,2,0.0678,1155
test0464,2,0.0746,1467
test0641,2,0.0577,1060
test0732,2,0.0595,1354
test1223,2,0.0401,697
test0882,2,0.0576,1456
test0169,2,0.0411,579
test1103,2,0.0306,1067
test1412,2,0.0436,1343
test0949,2,0.0701,1405
test0238,2,0.0066,354
test0203,2,0.0208,414
test0423,2,0.0295,710
test0012,2,0.0255,722
test0045,2,0.0444,917
test1079,2,0.0331,760
test0805,2,0.0193,547
test1068,2,0.0225,528
test0819,2,0.0227,611
test0479,2,0.0202,567
test0670,2,0.0192,511
test0192,2,0.0214,395
test0364,2,0.0558,971
test0997,2,0.0393,941
test1472,2,0.0223,707
test1326,2,0.0285,592
test1141,2,0.0358,793
test0605,2,0.0429,930
test1128,2,0.0595,818
test1334,2,0.023,533
test1357,2,0.0257,611
test0257,2,0.0474,948
test0167,2,0.0463,743
test0654,2,0.04,868
test1464,2,0.0456,848
test1150,2,0.0731,1314
test1283,2,0.0259,647
test1297,2,0.0914,1218
test0453,2,0.0507,862
test0547,2,0.0281,910
test0109,2,0.0529,1042
test1117,2,0.0208,565
test1343,2,0.0215,450
test0294,2,0.012,383
test0283,2,0.0715,1189
test1202,2,0.0448,790
test1274,2,0.069,1231
test0713,2,0.0246,884
test0214,2,0.0196,560
test1171,2,0.0548,917
test0475,2,0.0785,1355
test0693,2,0.0519,975
test1429,2,0.0122,310
test0728,2,0.0278,662
test0985,2,0.0207,607
test0244,2,0.0226,622
test1043,2,0.0111,436
test0243,2,0.0124,495
test1095,2,0.0234,740
test0786,2,0.0504,1103
test0462,2,0.0405,1290
test0054,2,0.0592,1115
test1381,2,0.0287,727
test1338,2,0.0114,415
test0924,2,0.0193,388
test0668,2,0.0233,589
test1207,2,0.0764,1261
test1469,2,0.0166,635
test0674,2,0.0651,1266
test0956,2,0.0409,773
test0938,2,0.0173,637
test1360,2,0.0424,792
test0941,2,0.0173,499
test0232,2,0.013,546
test0868,2,0.0239,577
test1172,2,0.0207,589
test1186,2,0.0189,666
test1309,2,0.05,1049
test0942,2,0.0593,1124
test0284,2,0.0198,636
test0141,2,0.02,608
test1102,2,0.0384,690
test0513,2,0.0452,733
test1227,2,0.0477,711
test0684,2,0.011,384
test1480,2,0.0441,871
test0493,2,0.0462,1026
test0189,2,0.0179,407
test0824,2,0.033,550
test1406,2,0.0123,388
test1332,2,0.0233,414
test0791,2,0.0179,489
test1201,2,0.0251,861
test0642,2,0.0321,693
test0950,2,0.0458,996
test0216,2,0.0351,675
test1242,2,0.0268,634
test0771,2,0.0268,959
test0723,2,0.0383,916
test0035,2,0.0115,443
test1185,2,0.0288,618
test0388,2,0.0114,522
test1116,2,0.0476,1048
test0236,2,0.0235,806
test0963,2,0.0233,702
test1042,2,0.0625,989
test0246,2,0.013,570
test0661,2,0.0366,602
test0639,2,0.0137,558
test0577,2,0.029,552
test1063,2,0.0241,521
test0085,2,0.0262,655
test1401,2,0.059,1277
test0433,2,0.0133,638
test1442,2,0.069,1444
test0515,2,0.023,967
test0424,2,0.0366,1062
test0072,2,0.0684,1292
test1411,2,0.0472,1211
test0531,2,0.0373,669
test1445,2,0.0832,1579
test1391,2,0.0204,723
test0853,2,0.0322,706
test0068,2,0.1134,1567
test0520,2,0.0165,442
test0804,2,0.0692,1281
test0815,2,0.0679,942
test0166,2,0.0243,565
test0058,2,0.0754,1194
test1228,2,0.0864,1599
test0967,2,0.0508,862
test0451,2,0.0162,455
test0321,2,0.0428,666
test0057,2,0.0157,566
test1206,2,0.0728,1466
test1070,2,0.0393,809
test0709,2,0.0665,1438
test0024,2,0.0625,1125
test0839,2,0.0321,804
test1204,2,0.0127,497
test0598,2,0.0197,603
test0206,2,0.046,1141
test1280,2,0.0485,922
test0655,2,0.0239,712
test0403,2,0.0395,661
test0281,2,0.0206,391
test0156,2,0.0379,710
test1284,2,0.0903,1758
test0473,2,0.035,789
test1449,2,0.0169,422
test0121,2,0.0164,382
test1344,2,0.0686,1349
test1205,2,0.0155,664
test0494,2,0.051,998
test0188,2,0.09,1291
test0126,2,0.0531,1062
test0340,2,0.0274,664
test1122,2,0.0905,1834
test1163,2,0.0305,663
test1080,2,0.0132,401
test0624,2,0.0272,507
test1493,2,0.0591,919
test0793,2,0.0108,440
test0615,2,0.0641,780
test1194,2,0.0215,538
test1210,2,0.0389,786
test1154,2,0.0564,1076
test0039,2,0.0579,935
test0401,2,0.0148,496
test0608,2,0.0523,1163
test1286,2,0.0179,493
test1074,2,0.0608,1150
test0133,2,0.0339,984
test0380,2,0.0323,898
test0410,2,0.0273,639
test0416,2,0.0293,848
test0695,2,0.0539,1001
test0249,2,0.0561,977
test0376,2,0.0208,670
test0788,2,0.0134,554
test1331,2,0.0606,1281
test0954,2,0.0331,718
test0428,2,0.0608,1252
test0014,2,0.032,878
test0817,2,0.0882,1417
test1288,2,0.0937,1331
test0253,2,0.0236,656
test1158,2,0.0324,1045
test0491,2,0.0412,1026
test0190,2,0.0332,937
test1039,2,0.069,1473
test0521,2,0.066,985
test0714,2,0.0309,806
test0939,2,0.0396,840
test0607,2,0.0392,808
test0268,2,0.0583,987
test0682,2,0.01,512
test0434,2,0.0154,380
test0308,2,0.0414,879
test1407,2,0.043,845
test0148,2,0.0421,747
test1218,2,0.0229,644
test0151,2,0.0624,996
test0497,2,0.0218,484
test0543,2,0.0424,1016
test0487,2,0.0575,939
test1004,2,0.0399,895
test0210,2,0.0193,783
test0847,2,0.0272,703
test0277,2,0.0459,950
test0269,2,0.0084,390
test1099,2,0.0475,1149
test0149,2,0.0303,785
test1273,2,0.0241,571
test0635,2,0.024,1064
test0841,2,0.0123,446
test0391,2,0.0277,604
test1054,2,0.0436,878
test1176,2,0.0424,595
test1033,2,0.0308,800
test1423,2,0.0173,616
test1368,2,0.0498,1309
test0538,2,0.0187,544
test0675,2,0.0285,549
test0366,2,0.0563,1193
test1264,2,0.0261,743
test0794,2,0.035,883
test1315,2,0.0383,618
test1319,2,0.0747,1224
test1146,2,0.0335,615
test0918,2,0.0741,1283
test1466,2,0.0455,918
test1308,2,0.0858,1790
test1497,2,0.0317,541
test0140,2,0.0504,956
test1191,2,0.0303,703
test0078,2,0.0144,598
test1324,2,0.0225,427
test0982,2,0.0224,530
test0482,2,0.049,861
test0027,2,0.0208,469
test1248,2,0.0462,1244
test0909,2,0.0113,440
test0305,2,0.0751,1142
test0919,2,0.0623,1051
test0886,2,0.015,635
test0158,2,0.0433,814
test1087,2,0.0284,807
test0528,2,0.0585,1085
test1145,2,0.022,452
test1129,2,0.0139,570
test1226,2,0.0174,525
test0486,2,0.0205,629
test1490,2,0.0426,858
test1052,2,0.0283,566
test0186,2,0.0638,1108
test0844,2,0.044,1031
test1444,2,0.0158,426
test0465,2,0.0073,344
test0124,2,0.062,1253
test0529,2,0.1104,1496
test0339,2,0.0519,823
test1183,2,0.0565,1168
test0860,2,0.1036,1299
test1295,2,0.0089,434
test1098,2,0.0935,1412
test1212,2,0.0144,355
test0843,2,0.0375,767
test0946,2,0.0157,355
test0862,2,0.0517,1158
test0052,2,0.0099,304
test0065,2,0.0219,741
test0798,2,0.0317,876
test0204,2,0.0111,369
test0687,2,0.0221,513
test0008,2,0.0144,465
test1067,2,0.0148,417
test0546,2,0.0229,686
test0537,2,0.0636,1184
test0516,2,0.022,696
test1184,2,0.0292,583
test0261,2,0.0526,946
test1058,2,0.0211,817
test0289,2,0.0318,568
test1215,2,0.0482,1320
test0527,2,0.0685,1510
test1456,2,0.0217,577
test0582,2,0.0166,441
test0517,2,0.0357,795
test0319,2,0.019,446
test0883,2,0.0278,798
test0002,2,0.0162,563
test0576,2,0.0254,581
test1251,2,0.0571,1294
test0609,2,0.0218,663
test0858,2,0.0504,926
test0457,2,0.0515,1205
test0280,2,0.0121,468
test0322,2,0.0293,496
test0765,2,0.0454,928
test0067,2,0.064,785
test1032,2,0.0606,898
test0384,2,0.0205,475
test0984,2,0.0541,1116
test1108,2,0.0419,961
test1138,2,0.0534,1211
test0778,2,0.0204,617
test1241,2,0.0447,957
test0421,2,0.0843,1173
test0276,2,0.0107,372
test0435,2,0.0506,1267
test1089,2,0.0292,784
test1416,2,0.017,652
test0814,2,0.0224,440
test0597,2,0.0437,765
test0826,2,0.0092,369
test0135,2,0.0484,1052
test0118,2,0.0489,731
test0329,2,0.0201,397
test1316,2,0.0591,1187
test0652,2,0.0259,974
test0879,2,0.0158,422
test1009,2,0.0269,542
test0402,2,0.0153,520
test0587,2,0.0184,472
test0049,2,0.0933,1225
test0647,2,0.0167,700
test0548,2,0.0715,1136
test0096,2,0.0213,509
test1078,2,0.0397,1092
test0964,2,0.0217,694
test0146,2,0.0394,739
test0715,2,0.0537,786
test0449,2,0.0203,585
test0867,2,0.0715,1458
test0328,2,0.0208,502
test0996,2,0.0185,510
test0040,2,0.1039,1516
test0643,2,0.1029,1346
test0519,2,0.0705,1157
test0649,2,0.0251,776
test0811,2,0.0386,837
test0202,2,0.0143,448
test0303,2,0.0325,1093
test0944,2,0.2404,1384
test0439,2,0.0988,1521
test0333,2,0.0299,900
test0405,2,0.0652,990
test1335,2,0.0436,835
test0353,2,0.0531,1242
test0988,2,0.0573,945
test0441,2,0.0553,877
test0994,2,0.0303,618
test0382,2,0.0552,995
test0296,2,0.0129,685
test0795,2,0.0323,606
test0330,2,0.0561,1218
test0222,2,0.0194,541
test0123,2,0.0218,429
test0483,2,0.0063,306
test0265,2,0.0689,1113
test0247,2,0.0088,403
test0827,2,0.0292,718
test0143,2,0.057,1042
test0512,2,0.021,428
test0404,2,0.022,552
