File,Gamma,V,T,E,TG_edges,Tnb_gmLS,G_edges,nb_gmLS
rollernet45,6,62,222,51683,145.7709,0.1105,5386,539
rollernet21,6,62,476,69107,444.294,0.2953,3523,756
rollernet339,6,62,30,21149,35.5526,0.2121,2832,106
rollernet710,6,62,15,14361,11.024,0.519,2645,58
rollernet964,6,62,11,12148,7.2024,0.4588,2271,30
rollernet628,6,62,16,15321,11.5412,0.4861,2729,59
rollernet493,6,62,21,17672,14.1035,0.3943,2943,82
rollernet330,6,62,31,21388,20.6728,0.1907,2810,108
rollernet864,6,62,12,13027,8.4405,0.6886,2690,49
rollernet137,6,62,73,31487,44.3177,0.0576,2764,210
rollernet440,6,62,23,18633,39.798,0.928,2924,84
rollernet10,6,62,998,91133,663.3431,0.2808,6115,1309
rollernet177,6,62,57,28233,39.0134,0.0703,2691,175
rollernet615,6,62,17,15572,11.2281,0.4026,2632,59
rollernet473,6,62,22,17900,14.8135,0.3186,2716,81
rollernet871,6,62,12,12959,8.2976,0.6565,2638,48
rollernet188,6,62,54,27480,36.8763,0.2287,2734,167
rollernet96,6,62,104,36981,175.1245,0.0749,3437,284
rollernet66,6,62,152,43582,159.2621,0.0931,4469,399
rollernet208,6,62,48,26516,35.7908,0.0962,2776,157
rollernet694,6,62,15,14580,11.512,0.5952,2773,58
rollernet185,6,62,54,27655,38.158,0.0782,2709,168
rollernet431,6,62,24,18768,17.2277,0.2902,2692,85
rollernet786,6,62,13,13658,9.5893,0.5619,2551,55
rollernet65,6,62,154,43913,101.2214,0.26,4477,394
rollernet968,6,62,11,12122,20.2865,1.0994,2263,31
rollernet359,6,62,28,20585,55.6576,0.7337,2807,100
rollernet127,6,62,79,32634,97.1188,0.0737,2894,224
rollernet510,6,62,20,17156,37.8758,0.8163,2668,78
rollernet641,6,62,16,15245,32.1184,1.2358,2720,56
rollernet686,6,62,15,14735,36.2879,1.8019,2855,57
rollernet619,6,62,17,15483,35.4717,1.5221,2679,59
rollernet695,6,62,15,14555,40.7804,1.8674,2758,57
rollernet78,6,62,128,40451,124.9562,0.077,3974,331
rollernet329,6,62,31,21406,19.5353,0.1796,2782,104
rollernet829,6,62,13,12994,7.8426,0.5481,2494,50
rollernet928,6,62,11,12136,10.1137,0.421,2115,31
rollernet509,6,62,20,17172,14.157,0.3422,2680,80
rollernet51,6,62,196,48886,109.2571,0.1002,5097,492
rollernet481,6,62,21,17808,16.1473,0.3584,2802,79
rollernet950,6,62,11,12175,6.9585,0.441,2247,30
rollernet307,6,62,33,22034,21.9986,0.1413,2665,115
rollernet684,6,62,15,14751,10.2327,0.5461,2828,57
rollernet75,6,62,134,41075,76.7444,0.0826,4116,350
rollernet541,6,62,19,16804,12.5632,0.3806,2776,74
rollernet561,6,62,18,16366,11.8159,0.416,2759,63
rollernet965,6,62,11,12138,6.9832,0.4435,2250,30
rollernet927,6,62,11,12138,7.123,0.3818,2108,31
rollernet311,6,62,33,21879,20.8225,0.1705,2819,117
rollernet376,6,62,27,20185,20.6616,0.2248,2857,101
rollernet902,6,62,12,12358,7.0656,0.3891,2162,42
rollernet15,6,62,666,77989,324.6907,0.107,3468,825
rollernet371,6,62,27,20310,17.9702,0.2868,2960,100
rollernet230,6,62,44,25217,27.1078,0.1076,2747,142
rollernet272,6,62,37,23384,23.4426,0.1422,2713,127
rollernet411,6,62,25,19280,19.0341,0.4626,2896,89
rollernet690,6,62,15,14654,12.2215,0.5705,2851,57
rollernet942,6,62,11,12173,7.4,0.461,2275,30
rollernet556,6,62,18,16468,12.0328,0.4181,2753,64
rollernet237,6,62,43,25097,26.708,0.1324,2939,141
rollernet245,6,62,41,24599,35.7086,0.1447,2901,141
rollernet472,6,62,22,17980,14.5981,0.3493,2763,82
rollernet913,6,62,11,12202,7.2767,0.3944,2099,31
rollernet543,6,62,19,16836,13.0063,0.4112,2792,73
rollernet669,6,62,15,14783,10.3283,0.5035,2669,58
rollernet742,6,62,14,14018,9.4564,0.5042,2557,57
rollernet352,6,62,29,20703,18.758,0.2434,2912,103
rollernet815,6,62,13,13217,8.3926,0.4733,2388,54
rollernet277,6,62,37,23124,23.1872,0.1516,2821,126
rollernet906,6,62,12,12266,7.421,0.408,2135,34
rollernet35,6,62,286,57341,157.4333,0.1164,5485,637
rollernet315,6,62,32,21949,21.5988,0.2085,2886,119
rollernet233,6,62,43,25163,28.0722,0.1203,2865,141
rollernet754,6,62,14,13904,10.6819,0.641,2626,55
rollernet476,6,62,21,17767,14.5473,0.3104,2678,78
rollernet678,6,62,15,14776,10.5916,0.5787,2801,59
rollernet459,6,62,22,18155,14.7059,0.3384,2843,82
rollernet498,6,62,21,17416,13.8806,0.3718,2782,77
rollernet623,6,62,17,15327,11.4742,0.4883,2760,59
rollernet802,6,62,13,13395,9.094,0.4976,2429,54
rollernet660,6,62,16,14976,10.4989,0.4315,2532,60
rollernet618,6,62,17,15504,11.3514,0.435,2671,58
rollernet565,6,62,18,16344,12.6775,0.4551,2834,63
rollernet259,6,62,39,24084,25.7903,0.1375,2871,135
rollernet375,6,62,27,20157,18.2888,0.2321,2844,99
rollernet638,6,62,16,15284,11.5757,0.7741,2745,57
rollernet150,6,62,67,30202,55.231,0.1008,2720,193
rollernet649,6,62,16,15064,13.4667,0.7397,2511,57
rollernet485,6,62,21,17760,14.7786,0.5063,2883,80
rollernet963,6,62,11,12161,7.4894,0.4892,2275,30
rollernet1001,6,62,10,11721,7.1501,0.4724,2210,31
rollernet412,6,62,25,19234,16.5846,0.3308,2934,93
rollernet614,6,62,17,15581,11.2597,0.3999,2611,59
rollernet385,6,62,26,19777,24.5057,0.3976,2747,98
rollernet254,6,62,40,24032,26.4662,0.1268,2826,134
rollernet289,6,62,35,22945,23.0809,0.1754,2956,123
rollernet999,6,62,10,11742,7.0744,0.4538,2224,31
rollernet336,6,62,30,21185,19.9353,0.1843,2810,106
rollernet966,6,62,11,12129,6.8645,0.4397,2252,30
rollernet487,6,62,21,17713,13.4798,0.3786,2889,84
rollernet152,6,62,66,30283,38.4018,0.0611,2764,195
rollernet226,6,62,45,25682,28.6595,0.1146,2926,153
rollernet74,6,62,135,41502,73.186,0.0756,4056,354
rollernet889,6,62,12,12644,7.5322,0.481,2402,48
rollernet231,6,62,44,25100,26.2316,0.1043,2725,141
rollernet905,6,62,12,12272,6.8582,0.3857,2146,35
rollernet434,6,62,23,18628,14.5918,0.2831,2744,82
rollernet856,6,62,12,13039,8.0635,0.6236,2664,49
rollernet696,6,62,15,14540,9.7118,0.5144,2739,57
rollernet580,6,62,18,16165,11.4039,0.4431,2883,63
rollernet921,6,62,11,12142,6.7381,0.362,2076,31
rollernet590,6,62,17,16010,11.0879,0.4023,2685,57
rollernet334,6,62,30,21303,19.3956,0.183,2832,104
rollernet788,6,62,13,13622,8.6822,0.5079,2538,55
rollernet842,6,62,12,13052,8.1535,0.6168,2634,49
rollernet579,6,62,18,16174,11.6675,0.4596,2895,63
rollernet477,6,62,21,17795,14.1082,0.3178,2729,79
rollernet969,6,62,11,12103,6.9232,0.4476,2251,31
rollernet492,6,62,21,17690,13.5603,0.3761,2924,83
rollernet547,6,62,19,16817,12.209,0.4056,2790,73
rollernet810,6,62,13,13255,8.1092,0.451,2377,54
rollernet993,6,62,11,11892,6.8216,0.4926,2305,31
rollernet474,6,62,22,17846,13.6872,0.3025,2711,80
rollernet278,6,62,36,23117,22.8342,0.1527,2807,120
rollernet161,6,62,62,29552,36.6825,0.0636,2709,181
rollernet779,6,62,13,13685,8.5257,0.478,2510,55
rollernet655,6,62,16,15021,10.1327,0.3951,2487,58
rollernet409,6,62,25,19342,15.989,0.2746,2833,90
rollernet64,6,62,156,44184,82.8256,0.0884,4568,404
rollernet996,6,62,11,11812,6.7012,0.4812,2269,31
rollernet418,6,62,24,19139,15.515,0.2967,2923,88
rollernet667,6,62,15,14781,9.736,0.4362,2548,59
rollernet423,6,62,24,19026,15.4522,0.2727,2849,87
rollernet325,6,62,31,21480,19.447,0.1874,2825,109
rollernet192,6,62,52,27338,31.8701,0.0806,2708,161
rollernet524,6,62,20,16900,12.3829,0.3635,2748,73
rollernet716,6,62,14,14243,9.1235,0.4505,2496,56
rollernet542,6,62,19,16818,12.228,0.3899,2797,73
rollernet347,6,62,29,21014,18.3441,0.2374,2970,105
rollernet134,6,62,75,31961,43.0161,0.0592,2821,219
rollernet503,6,62,20,17309,13.2676,0.3448,2746,77
rollernet720,6,62,14,14249,9.3173,0.468,2521,59
rollernet386,6,62,26,19755,16.8856,0.2153,2708,100
rollernet144,6,62,70,30971,39.9116,0.0665,2883,201
rollernet341,6,62,30,21187,19.0882,0.2088,2893,103
rollernet363,6,62,28,20583,17.8009,0.243,2885,104
rollernet713,6,62,14,14268,9.1896,0.4727,2549,56
rollernet890,6,62,12,12617,7.6811,0.48,2381,47
rollernet897,6,62,12,12480,7.4072,0.4165,2245,47
rollernet598,6,62,17,15832,11.0179,0.384,2595,59
rollernet146,6,62,69,30672,40.2626,0.0624,2852,202
rollernet180,6,62,56,28075,32.9431,0.0789,2816,175
rollernet118,6,62,85,33799,48.5285,0.0548,2935,243
rollernet419,6,62,24,19120,15.8932,0.2821,2880,88
rollernet988,6,62,11,11990,6.8576,0.4711,2280,31
rollernet613,6,62,17,15585,11.019,0.3806,2606,59
rollernet759,6,62,14,13847,8.8554,0.5124,2627,55
rollernet248,6,62,41,24469,24.8867,0.1399,2890,135
rollernet584,6,62,18,16050,11.3631,0.4139,2755,61
rollernet244,6,62,41,24663,25.6978,0.1196,2811,141
rollernet708,6,62,15,14409,9.5624,0.5167,2669,57
rollernet145,6,62,69,30949,40.4191,0.0588,2757,198
rollernet56,6,62,179,46991,4917.5238,0.2474,4872,445
rollernet858,6,62,12,13039,24.386,1.6864,2660,50
rollernet281,6,62,36,23123,52.6272,0.1482,2788,123
rollernet528,6,62,19,16860,13.784,0.4113,2822,73
rollernet811,6,62,13,13253,8.4658,0.4816,2392,54
rollernet733,6,62,14,14079,9.2582,0.4339,2444,57
rollernet956,6,62,11,12193,7.4036,0.4546,2278,30
rollernet727,6,62,14,14169,9.5072,0.4188,2414,57
rollernet387,6,62,26,19783,16.9225,0.2282,2762,99
rollernet717,6,62,14,14238,10.1397,0.8544,2497,57
rollernet644,6,62,16,15131,12.8506,0.4583,2613,55
rollernet839,6,62,12,13037,13.0553,0.8328,2587,49
rollernet41,6,62,244,53741,151.1346,0.1092,5505,588
rollernet919,6,62,11,12140,7.0805,0.3543,2027,31
rollernet491,6,62,21,17687,14.654,0.3763,2912,81
rollernet81,6,62,124,39813,70.5993,0.0772,3877,330
rollernet175,6,62,58,28518,35.6167,0.0725,2765,178
rollernet770,6,62,13,13689,9.2257,0.4991,2538,54
rollernet760,6,62,14,13831,9.1949,0.5228,2632,56
rollernet18,6,62,555,72913,275.819,0.0933,3274,754
rollernet133,6,62,76,31966,43.7766,0.0565,2798,215
rollernet447,6,62,23,18467,14.7796,0.3186,2887,83
rollernet849,6,62,12,13052,8.3168,0.6435,2656,50
rollernet734,6,62,14,14053,9.1524,0.4471,2465,58
rollernet190,6,62,53,27471,31.8419,0.081,2750,171
rollernet110,6,62,91,34789,51.7673,0.0643,3205,250
rollernet214,6,62,47,26063,28.5394,0.0924,2737,152
rollernet426,6,62,24,18988,15.5871,0.2794,2819,85
rollernet781,6,62,13,13681,8.7056,0.4995,2529,55
rollernet181,6,62,56,28108,35.0802,0.0793,2808,172
rollernet879,6,62,12,12817,7.8795,0.5513,2489,49
rollernet369,6,62,28,20355,17.5861,0.2766,2967,99
rollernet331,6,62,31,21398,19.2882,0.1935,2838,106
rollernet497,6,62,21,17504,13.2984,0.3552,2824,80
rollernet952,6,62,11,12186,7.0034,0.442,2236,31
rollernet617,6,62,17,15537,13.599,0.4147,2665,59
rollernet501,6,62,20,17359,13.2223,0.3649,2818,78
rollernet755,6,62,14,13886,9.0233,0.515,2614,55
rollernet453,6,62,23,18368,14.7429,0.3212,2858,82
rollernet138,6,62,73,31546,42.0602,0.0637,2920,211
rollernet403,6,62,25,19621,16.4417,0.3002,2937,92
rollernet892,6,62,12,12553,7.4999,0.4556,2322,48
rollernet723,6,62,14,14225,9.3965,0.4825,2507,60
rollernet820,6,62,13,13127,7.9872,0.4753,2393,54
rollernet683,6,62,15,14772,10.0794,0.561,2841,59
rollernet876,6,62,12,12877,7.8893,0.5813,2549,48
rollernet402,6,62,25,19621,16.4836,0.31,2960,91
rollernet877,6,62,12,12861,7.9293,0.5648,2522,48
rollernet513,6,62,20,17121,12.945,0.3222,2645,79
rollernet540,6,62,19,16767,12.2659,0.3798,2766,72
rollernet427,6,62,24,18943,15.5005,0.2676,2768,83
rollernet916,6,62,11,12176,6.8159,0.3583,2046,31
rollernet935,6,62,11,12132,8.2148,0.6584,2160,31
rollernet39,6,62,256,54937,130.6195,0.1127,5484,608
rollernet800,6,62,13,13454,8.6064,0.4861,2473,54
rollernet783,6,62,13,13654,8.6534,0.5039,2532,54
rollernet348,6,62,29,20923,18.5824,0.2361,2936,106
rollernet799,6,62,13,13485,8.3603,0.4904,2488,55
rollernet268,6,62,38,23583,23.5073,0.1586,2877,126
rollernet85,6,62,118,38904,64.0832,0.0698,3642,307
rollernet335,6,62,30,21230,19.0374,0.1873,2823,108
rollernet656,6,62,16,15010,10.3068,0.3884,2464,57
rollernet367,6,62,28,20379,19.1332,0.253,2902,99
rollernet400,6,62,25,19641,16.4266,0.3013,2962,93
rollernet391,6,62,26,19752,16.8552,0.2445,2798,98
rollernet666,6,62,15,14812,9.8593,0.4344,2538,59
rollernet931,6,62,11,12136,7.2167,0.3996,2140,30
rollernet634,6,62,16,15267,10.4873,0.4309,2690,55
rollernet287,6,62,35,22906,22.1246,0.1603,2871,124
rollernet846,6,62,12,13053,8.3634,0.6798,2614,50
rollernet285,6,62,36,22962,23.5587,0.1665,2937,121
rollernet120,6,62,84,33304,49.4788,0.0551,2875,229
rollernet480,6,62,21,17833,14.1167,0.3632,2805,80
rollernet414,6,62,25,19140,15.8211,0.3629,2950,92
rollernet785,6,62,13,13655,10.1772,0.5242,2559,55
rollernet260,6,62,39,24154,24.9593,0.1434,2899,133
rollernet642,6,62,16,15202,10.5519,0.4763,2702,56
rollernet445,6,62,23,18551,15.7312,0.3434,2931,86
rollernet408,6,62,25,19397,17.5468,0.4208,2852,89
rollernet22,6,62,454,68076,214.3937,0.1063,4019,773
rollernet709,6,62,15,14383,9.509,0.5228,2655,57
rollernet645,6,62,16,15110,10.3062,0.4154,2582,57
rollernet92,6,62,109,37616,75.6575,0.0657,3476,289
rollernet413,6,62,25,19222,21.1539,0.3675,2973,94
rollernet131,6,62,77,32336,57.2984,0.1307,3004,221
rollernet729,6,62,14,14130,21.8513,0.4449,2405,56
rollernet420,6,62,24,19106,18.659,0.7629,2901,90
rollernet279,6,62,36,23157,45.8692,0.2649,2807,127
rollernet168,6,62,60,28952,90.6832,0.1587,2761,183
rollernet685,6,62,15,14745,25.9957,1.1279,2856,57
rollernet44,6,62,227,52160,196.0763,0.1762,5466,555
rollernet511,6,62,20,17154,29.9821,0.5416,2651,80
rollernet199,6,62,51,27008,60.6956,0.1046,2702,160
rollernet924,6,62,11,12139,11.8186,0.4402,2097,31
rollernet43,6,62,233,52721,193.7647,0.1119,5487,573
rollernet995,6,62,11,11855,7.1749,0.5053,2303,31
rollernet467,6,62,22,18130,14.222,0.3291,2809,83
rollernet534,6,62,19,16766,12.3555,0.4024,2807,74
rollernet548,6,62,19,16792,12.5655,0.431,2821,72
rollernet652,6,62,16,15039,10.236,0.4037,2503,55
rollernet903,6,62,12,12332,7.2753,0.3992,2155,40
rollernet622,6,62,17,15361,16.6315,0.7246,2744,58
rollernet151,6,62,67,30323,47.603,0.0666,2762,201
rollernet162,6,62,62,29383,53.2668,0.0722,2729,184
rollernet122,6,62,82,33240,61.6988,0.082,2928,232
rollernet249,6,62,41,24261,33.4452,0.1431,2799,137
rollernet532,6,62,19,16816,17.4923,0.4072,2817,75
rollernet302,6,62,34,22362,23.1133,0.1812,2859,112
rollernet270,6,62,37,23482,26.1099,0.2097,2804,127
rollernet457,6,62,22,18243,15.308,0.351,2885,83
rollernet804,6,62,13,13345,9.2196,0.6273,2383,53
rollernet50,6,62,200,49390,113.4998,0.1079,5127,490
rollernet763,6,62,14,13791,9.3477,0.5426,2637,57
rollernet977,6,62,11,12054,7.1922,0.4731,2279,31
rollernet271,6,62,37,23476,25.0001,0.163,2809,126
rollernet407,6,62,25,19474,17.6521,0.3012,2911,89
rollernet471,6,62,22,18033,16.8494,0.5155,2785,82
rollernet926,6,62,11,12132,8.1676,0.4121,2110,31
rollernet258,6,62,39,24076,29.2503,0.1302,2816,133
rollernet5,6,62,1996,127401,943.8028,2.5931,24041,3579
rollernet743,6,62,14,14018,10.4433,0.5557,2580,55
rollernet536,6,62,19,16751,15.7557,0.4209,2799,72
rollernet557,6,62,18,16446,14.0782,0.4811,2759,63
rollernet938,6,62,11,12143,9.4434,0.7831,2202,31
rollernet227,6,62,44,25567,38.7311,0.1945,2882,145
rollernet224,6,62,45,25439,40.1142,0.1376,2761,149
rollernet105,6,62,96,35505,76.8632,0.0828,3171,256
rollernet349,6,62,29,20889,29.3804,0.372,2961,104
rollernet769,6,62,13,13688,16.7358,0.6459,2542,55
rollernet257,6,62,39,24022,38.0485,0.1625,2787,135
rollernet475,6,62,22,17796,22.6949,0.7833,2687,80
rollernet399,6,62,26,19671,24.2946,0.4123,2939,93
rollernet808,6,62,13,13294,12.4698,0.5919,2369,54
rollernet693,6,62,15,14596,16.1126,0.7507,2807,58
rollernet843,6,62,12,13051,13.382,0.9208,2627,49
rollernet213,6,62,47,26087,42.8574,0.1709,2720,151
rollernet388,6,62,26,19786,31.1089,0.2957,2805,99
rollernet687,6,62,15,14702,13.3114,0.7335,2853,59
rollernet600,6,62,17,15808,15.2138,0.4603,2549,57
rollernet577,6,62,18,16181,15.9661,0.6101,2914,65
rollernet396,6,62,26,19787,22.8502,0.3842,3004,100
rollernet550,6,62,19,16717,16.7355,0.5619,2821,69
rollernet377,6,62,27,20117,25.1665,0.2929,2782,102
rollernet217,6,62,46,25899,45.7949,0.1564,2731,149
rollernet796,6,62,13,13540,12.8997,0.8193,2542,55
rollernet97,6,62,103,36722,97.9548,0.0929,3368,273
rollernet149,6,62,67,30552,71.6265,0.0776,2811,199
rollernet971,6,62,11,12068,17.5958,1.0962,2231,31
rollernet881,6,62,12,12800,20.134,0.9947,2507,49
rollernet753,6,62,14,13918,16.3022,0.6998,2610,55
rollernet462,6,62,22,18145,22.2837,0.5246,2834,83
rollernet925,6,62,11,12138,10.7395,0.5031,2105,31
rollernet914,6,62,11,12199,10.0933,0.4934,2077,31
rollernet537,6,62,19,16752,19.8141,0.5587,2757,71
rollernet432,6,62,24,18710,20.2106,0.3615,2696,86
rollernet314,6,62,32,21959,27.4263,0.2501,2880,115
rollernet321,6,62,32,21819,27.6033,0.3476,2982,112
rollernet620,6,62,17,15439,18.2807,0.5697,2699,57
rollernet604,6,62,17,15726,15.8683,0.4254,2541,58
rollernet374,6,62,27,20192,21.8709,0.2711,2880,100
rollernet266,6,62,38,23762,32.1092,0.1711,2924,126
rollernet223,6,62,45,25424,35.4409,0.1314,2719,150
rollernet658,6,62,16,14994,14.9045,1.2242,2497,58
rollernet499,6,62,20,17371,18.9417,0.3817,2783,75
rollernet637,6,62,16,15269,18.185,0.5106,2718,57
rollernet28,6,62,357,62616,204.9626,0.1181,4828,715
rollernet6,6,62,1663,115375,808.0323,1.5691,16993,2805
rollernet841,6,62,12,13056,10.1503,0.7263,2610,49
rollernet865,6,62,12,13028,12.3029,0.7677,2694,49
rollernet563,6,62,18,16356,15.9936,0.469,2798,65
rollernet439,6,62,23,18623,19.2363,0.4623,2893,83
rollernet650,6,62,16,15077,14.3144,0.4791,2531,57
rollernet234,6,62,43,25027,34.4313,0.1323,2834,141
rollernet406,6,62,25,19500,23.7392,0.3216,2910,89
rollernet912,6,62,11,12215,9.187,0.4146,2097,30
rollernet895,6,62,12,12505,12.8452,0.5362,2260,47
rollernet53,6,62,189,48035,145.0705,0.1357,5121,477
rollernet12,6,62,832,84702,500.4694,0.2018,4400,994
rollernet901,6,62,12,12392,11.1297,0.6082,2175,46
rollernet301,6,62,34,22452,37.0397,0.2818,2995,119
rollernet114,6,62,88,34234,65.3074,0.0793,2929,241
rollernet84,6,62,119,39168,92.155,0.0931,3746,318
rollernet978,6,62,11,12048,9.1822,0.6708,2276,31
rollernet87,6,62,115,38654,83.5386,0.0927,3737,311
rollernet59,6,62,170,45837,134.5639,0.2462,4671,430
rollernet393,6,62,26,19777,19.2086,0.2684,2848,97
rollernet962,6,62,11,12179,9.2247,0.5392,2285,30
rollernet635,6,62,16,15270,14.1819,0.5194,2703,56
rollernet183,6,62,55,28112,50.6014,0.1165,2857,173
rollernet128,6,62,78,32481,60.0339,0.0548,2817,214
rollernet704,6,62,15,14415,11.296,0.5112,2622,58
rollernet774,6,62,13,13688,10.019,0.6635,2504,55
rollernet444,6,62,23,18614,18.5506,0.5577,2971,84
rollernet523,6,62,20,16954,17.4253,0.4473,2774,74
rollernet632,6,62,16,15282,15.535,0.5767,2690,55
rollernet859,6,62,12,13046,10.9361,0.8052,2677,49
rollernet592,6,62,17,15992,16.3539,0.5357,2726,59
rollernet806,6,62,13,13328,11.4156,0.4747,2368,52
rollernet60,6,62,167,45469,166.5042,0.1264,4737,420
rollernet158,6,62,64,29694,79.4173,0.1193,2781,187
rollernet544,6,62,19,16825,26.3652,0.3816,2753,72
rollernet48,6,62,208,50227,284.435,0.2322,5177,520
rollernet893,6,62,12,12535,21.9605,1.1882,2300,48
rollernet1002,6,62,10,11717,16.349,1.0699,2220,31
rollernet129,6,62,78,32457,114.8905,0.145,2940,222
rollernet215,6,62,47,26024,71.268,0.1542,2713,153
rollernet33,6,62,303,58748,389.8307,0.3456,5353,654
rollernet701,6,62,15,14458,30.3166,1.582,2629,56
rollernet813,6,62,13,13242,24.1172,1.1169,2415,53
rollernet823,6,62,13,13083,22.6651,1.378,2433,53
rollernet115,6,62,87,34094,114.6721,0.0999,3073,240
rollernet771,6,62,13,13688,19.9224,0.8419,2542,55
rollernet468,6,62,22,18106,29.884,0.5859,2800,84
rollernet178,6,62,57,28099,54.8078,0.0908,2622,172
rollernet707,6,62,15,14411,14.2039,0.6665,2666,57
rollernet651,6,62,16,15066,14.2943,0.5735,2521,56
rollernet80,6,62,125,40042,139.3109,0.182,3921,325
rollernet957,6,62,11,12205,21.8504,1.4071,2294,30
rollernet394,6,62,26,19762,66.0843,0.8045,2890,99
rollernet724,6,62,14,14207,34.7002,1.1075,2493,59
rollernet451,6,62,23,18435,34.9491,0.6347,2881,82
rollernet372,6,62,27,20340,43.1643,0.5848,2997,100
rollernet549,6,62,19,16768,32.2139,1.0152,2821,72
rollernet991,6,62,11,11957,16.7586,1.1079,2317,31
rollernet773,6,62,13,13686,22.607,0.8029,2512,55
rollernet567,6,62,18,16314,27.4008,1.3553,2877,65
rollernet787,6,62,13,13636,21.6723,1.222,2549,54
rollernet908,6,62,11,12239,18.3479,0.8752,2106,31
rollernet488,6,62,21,17737,35.2458,0.9029,2929,85
rollernet422,6,62,24,19060,41.3614,0.6096,2833,87
rollernet576,6,62,18,16186,29.6268,1.0802,2903,65
rollernet954,6,62,11,12188,17.8385,0.9725,2250,30
rollernet139,6,62,72,31342,101.7651,0.1263,2863,211
rollernet142,6,62,71,31192,105.9092,0.1748,2865,204
rollernet452,6,62,23,18390,40.536,0.7241,2860,84
rollernet246,6,62,41,24623,66.4914,0.2975,2921,138
rollernet647,6,62,16,15075,25.4468,0.9337,2558,57
rollernet121,6,62,83,33471,118.1418,0.0904,2967,233
rollernet852,6,62,12,13072,15.0468,1.0652,2703,49
rollernet668,6,62,15,14775,18.7897,0.8251,2599,58
rollernet776,6,62,13,13682,18.41,0.851,2526,55
rollernet812,6,62,13,13241,18.4172,0.8348,2390,54
rollernet136,6,62,74,31642,98.9658,0.1052,2760,209
rollernet324,6,62,31,21497,44.9494,0.3745,2862,113
rollernet698,6,62,15,14539,20.6368,0.8605,2710,57
rollernet986,6,62,11,12005,13.9873,0.8399,2313,31
rollernet552,6,62,19,16605,24.6705,0.7571,2795,68
rollernet495,6,62,21,17593,31.8489,1.7617,2862,81
rollernet741,6,62,14,14041,36.1033,1.8056,2576,58
rollernet489,6,62,21,17728,35.4853,0.7927,2928,81
rollernet108,6,62,93,34927,120.0663,0.1082,3162,256
rollernet166,6,62,61,29143,84.771,0.1465,2760,183
rollernet700,6,62,15,14483,20.2784,1.1241,2664,58
rollernet32,6,62,312,59501,369.417,0.2838,5337,683
rollernet958,6,62,11,12198,17.7412,1.0369,2283,30
rollernet319,6,62,32,21986,57.3808,0.5083,2959,114
rollernet553,6,62,19,16564,31.1369,1.0633,2827,66
rollernet283,6,62,36,23119,56.1515,0.3922,2893,125
rollernet934,6,62,11,12130,18.9671,1.1229,2156,31
rollernet354,6,62,29,20696,53.9603,0.6908,2897,103
rollernet670,6,62,15,14784,29.6602,1.5088,2686,57
rollernet514,6,62,20,17109,45.1182,0.9097,2642,78
rollernet202,6,62,50,26803,76.7201,0.2057,2824,157
rollernet366,6,62,28,20460,57.0278,0.9075,2931,101
rollernet103,6,62,97,35794,134.7126,0.1291,3277,264
rollernet830,6,62,13,12964,20.9093,2.1397,2495,49
rollernet197,6,62,51,27049,123.3641,0.3099,2670,158
rollernet247,6,62,41,24538,89.5563,0.5053,2862,139
rollernet378,6,62,27,20105,57.1171,0.6129,2789,101
rollernet209,6,62,48,26499,80.287,0.266,2876,159
rollernet383,6,62,27,19895,53.7534,0.6347,2825,100
rollernet621,6,62,17,15387,33.5998,1.4933,2700,59
rollernet560,6,62,18,16394,24.4631,0.6329,2728,62
rollernet627,6,62,16,15302,13.4428,0.5326,2731,59
rollernet135,6,62,74,31989,52.8812,0.0812,2981,215
rollernet798,6,62,13,13520,15.1916,0.6168,2506,55
rollernet739,6,62,14,14064,11.0327,0.5428,2537,56
rollernet11,6,62,907,87624,462.3849,0.2478,5128,1140
rollernet961,6,62,11,12189,8.3502,0.5441,2282,30
rollernet633,6,62,16,15275,12.986,0.5181,2688,57
rollernet141,6,62,71,31141,50.4265,0.0681,2745,209
rollernet299,6,62,34,22588,26.2622,0.2241,3012,121
rollernet671,6,62,15,14773,11.9615,0.5737,2670,58
rollernet242,6,62,42,24752,34.1397,0.1374,2801,137
rollernet415,6,62,25,19106,17.7,0.3094,2951,89
rollernet973,6,62,11,12056,6.954,0.4398,2246,31
rollernet494,6,62,21,17639,13.2242,0.3683,2901,82
rollernet862,6,62,12,13040,7.941,0.6441,2693,50
rollernet772,6,62,13,13693,8.6142,0.4608,2517,54
rollernet944,6,62,11,12176,6.8764,0.4482,2265,30
rollernet130,6,62,77,32414,42.9024,0.0605,2929,221
rollernet7,6,62,1426,107008,537.3368,0.8125,12546,2236
rollernet31,6,62,322,60163,220000.7528,0.1032,5126,670
rollernet295,6,62,34,22774,22.2055,0.2019,3037,117
rollernet782,6,62,13,13669,8.9241,0.5052,2540,54
rollernet863,6,62,12,13021,9.9096,1.482,2686,49
rollernet193,6,62,52,27222,42.5182,0.0811,2711,169
rollernet47,6,62,213,50694,123.673,0.1012,5261,526
rollernet828,6,62,13,13008,7.9831,0.5397,2495,50
rollernet124,6,62,81,33077,46.8073,0.0604,2972,235
rollernet252,6,62,40,24140,24.4144,0.1234,2803,132
rollernet664,6,62,16,14873,9.8425,0.4108,2528,59
rollernet909,6,62,11,12248,6.882,0.3799,2118,31
rollernet111,6,62,90,34703,51.7738,0.0581,3073,254
rollernet164,6,62,61,29193,73.4819,0.0706,2730,186
rollernet835,6,62,12,13009,13.4955,1.406,2545,49
rollernet90,6,62,111,38034,73.0455,0.0693,3574,300
rollernet170,6,62,59,28723,35.9213,0.0626,2591,178
rollernet676,6,62,15,14764,10.2744,0.535,2773,58
rollernet389,6,62,26,19761,17.0129,0.2289,2776,99
rollernet932,6,62,11,12132,6.8847,0.4048,2144,30
rollernet606,6,62,17,15712,11.2887,0.3535,2517,58
rollernet240,6,62,42,24752,28.622,0.1235,2704,136
rollernet990,6,62,11,11961,8.577,0.539,2298,31
rollernet123,6,62,82,33224,73.995,0.0754,2934,224
rollernet98,6,62,102,36631,68.8347,0.0837,3358,271
rollernet868,6,62,12,12970,18.88,0.6948,2644,49
rollernet296,6,62,34,22767,30.822,0.2016,3001,113
rollernet286,6,62,35,22903,35.9888,0.1824,2895,122
rollernet256,6,62,39,24036,32.1135,0.1321,2782,128
rollernet725,6,62,14,14183,10.1024,0.4649,2457,58
rollernet824,6,62,13,13058,8.9511,0.5295,2444,53
rollernet305,6,62,33,22131,24.5935,0.1705,2751,118
rollernet364,6,62,28,20583,21.5741,0.2837,2944,101
rollernet24,6,62,416,66173,224.1471,0.0988,4136,740
rollernet679,6,62,15,14779,10.2726,0.5579,2836,59
rollernet430,6,62,24,18813,15.3959,0.2591,2694,85
rollernet691,6,62,15,14648,9.7819,0.5588,2841,59
rollernet195,6,62,52,27109,30.1403,0.0791,2709,169
rollernet930,6,62,11,12149,6.7635,0.3884,2144,31
rollernet243,6,62,42,24717,24.6466,0.1205,2876,139
rollernet298,6,62,34,22647,20.868,0.1893,3032,118
rollernet595,6,62,17,15911,10.8583,0.39,2662,59
rollernet461,6,62,22,18143,13.7579,0.2932,2795,85
rollernet360,6,62,28,20579,17.1536,0.2148,2815,99
rollernet570,6,62,18,16242,11.4358,0.4113,2831,63
rollernet194,6,62,52,27224,30.4796,0.0773,2662,164
rollernet163,6,62,62,29314,35.1757,0.0633,2739,189
rollernet126,6,62,80,32662,45.1097,0.0541,2795,214
rollernet777,6,62,13,13675,8.4878,0.4627,2505,55
rollernet76,6,62,132,40955,69.6769,0.0746,3967,346
rollernet328,6,62,31,21449,18.8213,0.1789,2806,108
rollernet207,6,62,49,26480,28.4021,0.0922,2808,155
rollernet907,6,62,11,12234,6.8778,0.3737,2106,31
rollernet581,6,62,18,16156,11.2677,0.4425,2866,64
rollernet169,6,62,60,28702,34.1251,0.0658,2670,182
rollernet750,6,62,14,13910,8.6613,0.4788,2584,57
rollernet896,6,62,12,12490,7.1355,0.4091,2248,47
rollernet721,6,62,14,14256,8.8979,0.4363,2498,58
rollernet516,6,62,20,17107,12.2631,0.312,2636,78
rollernet220,6,62,46,25760,27.3221,0.0941,2766,153
rollernet533,6,62,19,16794,11.9207,0.3943,2823,74
rollernet974,6,62,11,12049,6.8889,0.4376,2252,31
rollernet384,6,62,26,19830,16.3985,0.2282,2780,98
rollernet454,6,62,22,18336,14.2703,0.3102,2846,81
rollernet211,6,62,48,26261,28.0437,0.0972,2805,156
rollernet288,6,62,35,22934,21.2905,0.1615,2918,122
rollernet705,6,62,15,14423,9.4396,0.4723,2635,56
rollernet267,6,62,38,23646,22.8275,0.1514,2892,126
rollernet274,6,62,37,23276,22.2072,0.1155,2683,126
rollernet284,6,62,36,23072,21.6931,0.1544,2906,125
rollernet646,6,62,16,15102,9.8768,0.3997,2585,57
rollernet236,6,62,43,25126,26.8495,0.1181,2847,142
rollernet946,6,62,11,12158,6.7469,0.4439,2248,30
rollernet416,6,62,24,19107,15.5804,0.3047,2959,88
rollernet55,6,62,182,47161,92.3538,0.0887,4751,456
rollernet915,6,62,11,12172,6.8033,0.3572,2048,31
rollernet526,6,62,19,16860,12.1591,0.3609,2771,72
rollernet945,6,62,11,12158,6.7606,0.4414,2249,30
rollernet221,6,62,46,25653,26.957,0.0952,2770,150
rollernet891,6,62,12,12571,7.2517,0.4567,2347,47
rollernet900,6,62,12,12410,7.194,0.3894,2190,47
rollernet719,6,62,14,14255,9.2658,0.4852,2518,56
rollernet654,6,62,16,15019,9.9615,0.3867,2489,57
rollernet535,6,62,19,16754,12.1466,0.3934,2816,72
rollernet981,6,62,11,12020,6.7351,0.46,2276,31
rollernet675,6,62,15,14758,9.7688,0.5056,2744,60
rollernet562,6,62,18,16364,11.4983,0.4031,2773,65
rollernet30,6,62,333,60919,158.1653,0.1032,5042,692
rollernet8,6,62,1248,100397,521.2354,0.5231,9499,1814
rollernet784,6,62,13,13661,8.679,0.4965,2548,55
rollernet455,6,62,22,18340,14.0551,0.3245,2887,80
rollernet327,6,62,31,21441,18.8612,0.2672,2810,111
rollernet591,6,62,17,15998,10.9195,0.397,2696,58
rollernet29,6,62,345,61801,165.1718,0.1056,4957,707
rollernet825,6,62,13,13071,7.9936,0.534,2482,52
rollernet989,6,62,11,11973,6.8791,0.4715,2282,31
rollernet722,6,62,14,14232,9.4584,0.4838,2500,59
rollernet255,6,62,40,24035,26.0955,0.1323,2825,132
rollernet507,6,62,20,17195,13.9747,0.6619,2702,78
rollernet837,6,62,12,13033,10.1529,0.6159,2597,48
rollernet714,6,62,14,14257,10.7772,0.4872,2519,56
rollernet998,6,62,10,11745,6.7435,0.4755,2232,31
rollernet746,6,62,14,13964,9.6762,0.5221,2568,56
rollernet612,6,62,17,15605,12.3925,0.3944,2577,60
rollernet186,6,62,54,27724,51.2847,0.0817,2758,168
rollernet731,6,62,14,14091,9.6317,0.4341,2410,58
rollernet206,6,62,49,26598,38.3263,0.1037,2865,154
rollernet821,6,62,13,13110,8.8611,0.5066,2411,54
rollernet19,6,62,526,71645,493.9444,0.119,3432,764
rollernet465,6,62,22,18164,20.2842,0.8622,2824,83
rollernet529,6,62,19,16848,15.9503,0.4762,2808,75
rollernet106,6,62,95,35221,71.072,0.0735,3237,258
rollernet589,6,62,17,15973,14.1416,0.5088,2694,57
rollernet52,6,62,192,48449,125.7417,0.1153,5003,477
rollernet441,6,62,23,18627,19.3203,0.4186,2926,86
rollernet775,6,62,13,13702,10.9307,0.5876,2521,55
rollernet147,6,62,68,30556,50.1601,0.0757,2716,202
rollernet718,6,62,14,14243,11.6669,0.5566,2490,57
rollernet182,6,62,55,28228,42.6778,0.1004,2848,173
rollernet435,6,62,23,18636,18.9423,0.3741,2784,83
rollernet458,6,62,22,18207,17.9989,0.3955,2874,81
rollernet189,6,62,53,27466,40.2451,0.1021,2784,170
rollernet13,6,62,768,82146,472.6558,0.1729,3903,916
rollernet953,6,62,11,12179,10.0495,0.5314,2241,30
rollernet238,6,62,42,24953,41.1514,0.1657,2878,146
rollernet636,6,62,16,15273,15.6883,0.56,2725,55
rollernet290,6,62,35,22925,28.3428,0.227,3003,121
rollernet93,6,62,108,37495,78.089,0.0824,3505,288
rollernet546,6,62,19,16827,15.5637,0.4872,2777,72
rollernet94,6,62,107,37143,67.2459,0.0648,3466,292
rollernet370,6,62,27,20344,21.3655,0.339,2987,100
rollernet261,6,62,39,24046,30.6563,0.1741,2924,135
rollernet531,6,62,19,16804,15.7212,0.475,2794,74
rollernet602,6,62,17,15757,14.1709,0.457,2563,57
rollernet527,6,62,19,16852,15.3411,0.4519,2779,73
rollernet463,6,62,22,18158,20.5621,0.4159,2856,83
rollernet904,6,62,12,12298,9.478,0.5069,2140,37
rollernet176,6,62,57,28378,55.6973,0.1183,2665,176
rollernet910,6,62,11,12248,11.8645,0.5344,2120,31
rollernet450,6,62,23,18431,20.0599,0.4096,2877,84
rollernet884,6,62,12,12757,9.9715,0.7029,2484,48
rollernet793,6,62,13,13596,12.4797,0.6527,2563,56
rollernet3,6,62,3326,173933,2081.2023,11.4568,60616,7454
rollernet575,6,62,18,16197,14.0397,0.5626,2919,64
rollernet61,6,62,164,45174,117.4405,0.111,4601,426
rollernet738,6,62,14,14079,11.3415,0.5526,2514,55
rollernet790,6,62,13,13623,11.12,0.6281,2570,56
rollernet887,6,62,12,12700,9.7059,0.6358,2462,49
rollernet855,6,62,12,13050,10.583,0.7803,2679,49
rollernet610,6,62,17,15622,13.5421,0.4582,2568,60
rollernet939,6,62,11,12150,8.8089,0.5116,2206,31
rollernet818,6,62,13,13164,10.167,0.5605,2390,55
rollernet343,6,62,30,21209,23.7275,0.2837,2967,106
rollernet765,6,62,14,13748,10.9071,0.6348,2622,56
rollernet955,6,62,11,12195,8.8722,0.5506,2273,30
rollernet148,6,62,68,30754,50.5751,0.0819,2895,200
rollernet153,6,62,66,30020,47.7324,0.0805,2782,189
rollernet929,6,62,11,12146,8.5481,0.465,2122,31
rollernet496,6,62,21,17537,16.8024,0.422,2816,81
rollernet959,6,62,11,12201,8.6339,0.5553,2293,31
rollernet300,6,62,34,22484,26.3616,0.2355,3018,121
rollernet629,6,62,16,15312,12.9012,0.5049,2682,59
rollernet594,6,62,17,15912,13.7615,0.4839,2665,57
rollernet970,6,62,11,12089,8.9637,0.5301,2247,31
rollernet365,6,62,28,20516,21.9757,0.322,2924,100
rollernet62,6,62,161,44881,109.8087,0.1089,4603,412
rollernet680,6,62,15,14781,12.2473,0.6785,2823,58
rollernet401,6,62,25,19632,20.5184,0.3838,3001,91
rollernet57,6,62,176,46560,118.2163,0.1127,4839,447
rollernet608,6,62,17,15659,13.1472,0.4274,2517,58
rollernet27,6,62,370,63454,224.9837,0.1285,4724,721
rollernet100,6,62,100,36317,70.384,0.0745,3256,275
rollernet960,6,62,11,12205,8.6203,0.5654,2293,30
rollernet538,6,62,19,16758,15.6153,0.4777,2778,71
rollernet994,6,62,11,11880,8.3172,0.5989,2316,31
rollernet500,6,62,20,17358,16.9458,0.4236,2791,76
rollernet91,6,62,110,37822,75.4353,0.0836,3511,299
rollernet653,6,62,16,15038,12.3866,0.4796,2505,55
rollernet38,6,62,263,55458,163.965,0.129,5471,615
rollernet616,6,62,17,15560,13.2759,0.4812,2665,59
rollernet894,6,62,12,12517,8.897,0.51,2274,47
rollernet948,6,62,11,12174,8.5798,0.5315,2246,30
rollernet338,6,62,30,21119,23.1444,0.2232,2786,105
rollernet318,6,62,32,21964,24.519,0.2392,2928,113
rollernet14,6,62,713,79868,374.6396,0.1406,3568,852
rollernet826,6,62,13,13062,9.4478,0.63,2477,52
rollernet291,6,62,35,22875,26.6121,0.2329,3007,121
rollernet898,6,62,12,12453,8.7871,0.4801,2206,47
rollernet983,6,62,11,12030,8.3526,0.5649,2296,31
rollernet697,6,62,15,14550,11.7658,0.6358,2751,57
rollernet797,6,62,13,13529,10.1936,0.5975,2521,56
rollernet764,6,62,14,13769,10.7325,0.6363,2634,56
rollernet657,6,62,16,14998,12.1174,0.4652,2473,58
rollernet294,6,62,34,22727,26.3412,0.2429,3016,120
rollernet486,6,62,21,17757,16.9137,0.4579,2921,82
rollernet706,6,62,15,14420,11.8671,0.5908,2642,55
rollernet795,6,62,13,13556,10.3218,0.6208,2554,55
rollernet677,6,62,15,14773,12.1669,0.6502,2793,59
rollernet71,6,62,141,42277,92.8686,0.1003,4250,359
rollernet433,6,62,24,18665,18.2803,0.3233,2697,83
rollernet63,6,62,159,44576,103.3257,0.1042,4603,410
rollernet702,6,62,15,14434,11.9142,0.5696,2629,55
rollernet83,6,62,121,39325,1658.9766,0.0672,3719,316
rollernet736,6,62,14,14075,9.1912,0.4383,2492,57
rollernet834,6,62,12,12978,8.8932,0.671,2529,48
rollernet219,6,62,46,25792,36.4625,0.12,2736,149
rollernet1000,6,62,10,11723,8.2427,0.5681,2211,31
rollernet346,6,62,29,21024,26.3405,0.2828,2918,106
rollernet732,6,62,14,14089,11.5942,0.5439,2445,58
rollernet941,6,62,11,12173,8.6829,0.5057,2275,31
rollernet639,6,62,16,15289,11.1794,0.483,2738,56
rollernet320,6,62,32,21948,20.6838,0.2208,3032,112
rollernet337,6,62,30,21129,19.0779,0.1927,2789,106
rollernet395,6,62,26,19792,16.7008,0.2721,2939,99
rollernet530,6,62,19,16800,12.3745,0.384,2800,75
rollernet425,6,62,24,18996,15.5493,0.2763,2819,84
rollernet992,6,62,11,11925,6.7931,0.4924,2321,31
rollernet803,6,62,13,13364,8.3716,0.4474,2379,54
rollernet780,6,62,13,13683,8.8173,0.4977,2540,54
rollernet218,6,62,46,25867,28.7174,0.1032,2789,150
rollernet791,6,62,13,13603,8.4909,0.5206,2566,56
rollernet551,6,62,19,16669,12.1916,0.428,2803,68
rollernet596,6,62,17,15885,11.6043,0.3913,2633,58
rollernet253,6,62,40,24114,25.2971,0.132,2856,135
rollernet25,6,62,400,65088,230.4411,0.1265,4198,719
rollernet747,6,62,14,13947,10.2936,0.527,2572,56
rollernet794,6,62,13,13575,9.8868,0.7898,2564,56
rollernet555,6,62,18,16494,16.0698,0.4324,2797,64
rollernet661,6,62,16,14977,11.5465,0.552,2548,59
rollernet449,6,62,23,18451,18.8146,0.3268,2888,84
rollernet332,6,62,31,21353,20.3948,0.1806,2749,106
rollernet293,6,62,35,22711,23.9244,0.1971,2990,124
rollernet539,6,62,19,16771,12.6828,0.379,2775,73
rollernet518,6,62,20,17074,13.6598,0.3327,2684,76
rollernet228,6,62,44,25472,28.0338,0.1118,2869,143
rollernet822,6,62,13,13089,7.9244,0.4844,2412,54
rollernet778,6,62,13,13683,9.0575,0.5485,2508,57
rollernet886,6,62,12,12730,9.2203,0.5743,2487,49
rollernet303,6,62,33,22321,24.4547,0.2433,2872,118
rollernet845,6,62,12,13059,9.5185,0.7316,2632,50
rollernet751,6,62,14,13925,10.673,0.5213,2595,57
rollernet869,6,62,12,12961,9.4969,0.7152,2630,48
rollernet155,6,62,65,30051,44.3851,0.0741,2881,193
rollernet688,6,62,15,14700,12.5741,0.7299,2854,58
rollernet874,6,62,12,12914,11.1841,0.7898,2599,49
rollernet160,6,62,63,29712,42.6414,0.1135,2709,189
rollernet184,6,62,55,27895,33.423,0.0854,2849,172
rollernet949,6,62,11,12179,7.0541,0.4497,2248,30
rollernet767,6,62,14,13713,10.0192,0.5362,2601,56
rollernet712,6,62,15,14300,11.9208,0.6725,2575,57
rollernet643,6,62,16,15159,14.0291,0.4901,2651,55
rollernet951,6,62,11,12185,8.1594,0.4795,2241,30
rollernet436,6,62,23,18635,17.454,0.3483,2806,82
rollernet873,6,62,12,12939,9.3737,0.6427,2632,47
rollernet789,6,62,13,13617,10.5977,0.5299,2540,56
rollernet940,6,62,11,12164,7.6136,0.5592,2232,31
rollernet630,6,62,16,15295,14.2493,0.6848,2668,59
rollernet979,6,62,11,12044,9.9356,0.4935,2287,31
rollernet749,6,62,14,13918,9.3238,0.5684,2576,56
rollernet728,6,62,14,14156,11.8339,0.4191,2397,58
rollernet167,6,62,60,29141,39.1452,0.0742,2780,185
rollernet263,6,62,38,23942,24.3678,0.1523,2942,126
rollernet125,6,62,80,32767,62.752,0.081,2890,232
rollernet421,6,62,24,19071,18.8469,0.3046,2860,89
rollernet933,6,62,11,12126,7.9218,0.7106,2144,31
rollernet482,6,62,21,17761,15.2857,0.3567,2800,79
rollernet872,6,62,12,12942,9.5111,0.6506,2623,48
rollernet466,6,62,22,18153,16.0146,0.3354,2838,82
rollernet355,6,62,29,20674,20.4778,0.2497,2901,104
rollernet972,6,62,11,12065,7.9469,0.461,2245,31
rollernet597,6,62,17,15867,12.0515,0.4057,2627,58
rollernet844,6,62,12,13054,8.7921,0.7784,2626,50
rollernet438,6,62,23,18619,16.2328,0.3288,2878,81
rollernet585,6,62,18,16039,12.9454,0.4554,2774,62
rollernet102,6,62,98,35945,62.9698,0.063,3243,265
rollernet682,6,62,15,14776,12.6468,0.6142,2844,59
rollernet515,6,62,20,17101,15.7661,0.4717,2646,76
rollernet232,6,62,44,25116,39.5285,0.1734,2856,144
rollernet568,6,62,18,16284,15.9837,0.5334,2829,64
rollernet853,6,62,12,13070,11.0846,0.8525,2704,50
rollernet817,6,62,13,13173,10.6447,0.5969,2391,54
rollernet101,6,62,99,36178,63.4252,0.0635,3349,267
rollernet42,6,62,238,53229,139.2114,0.1486,5508,578
rollernet205,6,62,49,26635,48.8207,0.1451,2852,158
rollernet588,6,62,17,15976,18.7777,0.6993,2702,58
rollernet832,6,62,12,12939,14.2731,0.8676,2485,48
rollernet317,6,62,32,21956,44.1256,0.455,2896,111
rollernet735,6,62,14,14056,22.3178,0.8131,2472,57
rollernet398,6,62,26,19700,39.4949,0.5351,2968,94
rollernet681,6,62,15,14788,24.6837,0.962,2867,59
rollernet737,6,62,14,14076,16.3053,0.7427,2515,57
rollernet159,6,62,63,29563,60.8426,0.0885,2652,184
rollernet936,6,62,11,12137,10.5965,0.6356,2169,31
rollernet878,6,62,12,12846,13.1581,0.9669,2511,48
rollernet323,6,62,31,21611,32.6624,0.3024,2941,109
rollernet918,6,62,11,12149,10.3196,0.5088,2034,31
rollernet77,6,62,130,40602,137.1117,0.2108,3977,346
rollernet392,6,62,26,19771,35.0658,0.3775,2820,96
rollernet356,6,62,29,20654,34.9157,0.5287,2919,104
rollernet850,6,62,12,13062,16.4365,0.9579,2651,50
rollernet340,6,62,30,21155,39.4968,0.4408,2833,108
rollernet517,6,62,20,17085,22.7038,0.4933,2678,77
rollernet469,6,62,22,18075,27.3758,0.6869,2793,79
rollernet985,6,62,11,12012,10.9762,0.7148,2298,31
rollernet154,6,62,65,30061,59.8663,0.0941,2827,196
rollernet943,6,62,11,12174,13.1025,0.8614,2268,30
rollernet276,6,62,37,23160,44.0067,0.2317,2800,124
rollernet104,6,62,96,35589,107.4026,0.1204,3184,259
rollernet816,6,62,13,13202,16.3923,0.7599,2381,54
rollernet269,6,62,38,23536,44.591,0.2617,2855,125
rollernet574,6,62,18,16203,21.5341,1.648,2920,65
rollernet573,6,62,18,16182,22.9125,0.7807,2855,64
rollernet711,6,62,15,14325,18.7254,0.746,2618,58
rollernet326,6,62,31,21463,38.2347,0.3196,2777,109
rollernet766,6,62,14,13716,15.0303,0.8449,2602,56
rollernet519,6,62,20,17070,23.443,0.5097,2719,76
rollernet758,6,62,14,13867,14.0566,0.8005,2643,55
rollernet885,6,62,12,12738,11.9065,0.7969,2488,48
rollernet229,6,62,44,25350,42.7081,0.1688,2825,141
rollernet165,6,62,61,29086,61.8091,0.1267,2786,182
rollernet157,6,62,64,29868,65.6708,0.1006,2773,192
rollernet554,6,62,19,16529,20.6321,0.7317,2819,66
rollernet191,6,62,53,27463,54.5076,0.1158,2706,171
rollernet353,6,62,29,20683,30.9064,0.3512,2906,104
rollernet506,6,62,20,17232,21.3781,0.5251,2726,78
rollernet980,6,62,11,12025,12.7011,0.7017,2281,31
rollernet417,6,62,24,19093,26.8413,0.7215,2927,90
rollernet801,6,62,13,13423,13.3518,1.0162,2437,54
rollernet448,6,62,23,18446,34.317,0.545,2872,82
rollernet201,6,62,50,26774,49.2471,0.1772,2700,159
rollernet4,6,62,2495,144869,1715.7564,15.143,36270,4968
rollernet117,6,62,86,33717,89.1346,0.0903,2933,239
rollernet582,6,62,18,16125,20.972,0.6868,2859,63
rollernet251,6,62,40,24224,42.661,0.1813,2777,136
rollernet379,6,62,27,20065,32.0902,0.3367,2794,100
rollernet673,6,62,15,14764,19.72,0.8125,2704,59
rollernet116,6,62,87,34019,87.4064,0.0836,3032,240
rollernet132,6,62,76,32066,83.0646,0.1721,2757,219
rollernet312,6,62,32,21870,54.8123,0.4193,2802,113
rollernet273,6,62,37,23343,48.482,0.2154,2618,125
rollernet187,6,62,54,27523,65.779,0.1116,2672,166
rollernet672,6,62,15,14774,19.3176,1.0197,2696,59
rollernet748,6,62,14,13930,16.9888,0.7291,2559,55
rollernet264,6,62,38,23917,38.8076,0.2267,2971,129
rollernet699,6,62,15,14525,17.6881,0.8176,2687,57
rollernet143,6,62,70,31006,80.2749,0.0897,2800,196
rollernet840,6,62,12,13045,15.7016,0.964,2607,49
rollernet857,6,62,12,13039,16.6722,1.0043,2664,50
rollernet204,6,62,49,26619,56.9565,0.1448,2768,159
rollernet512,6,62,20,17142,25.3146,0.7796,2645,79
rollernet744,6,62,14,14007,18.5441,0.8831,2601,56
rollernet726,6,62,14,14181,18.496,0.9664,2429,58
rollernet601,6,62,17,15789,20.9106,0.766,2573,57
rollernet424,6,62,24,19009,27.7414,0.3985,2891,84
rollernet692,6,62,15,14626,14.7436,0.8918,2818,58
rollernet443,6,62,23,18640,20.7355,0.4483,2950,83
rollernet976,6,62,11,12054,9.6417,0.6166,2271,31
rollernet838,6,62,12,13038,11.0903,0.8039,2587,49
rollernet975,6,62,11,12058,9.4852,0.6283,2261,31
rollernet99,6,62,101,36412,83.634,0.0835,3264,271
rollernet578,6,62,18,16177,19.6342,1.1473,2906,65
rollernet210,6,62,48,26421,50.5859,0.1476,2878,160
rollernet703,6,62,15,14411,15.3069,0.8702,2598,57
rollernet9,6,62,1109,95275,673.3018,0.4901,7454,1500
rollernet235,6,62,43,25052,37.7613,0.144,2815,144
rollernet875,6,62,12,12909,11.2254,0.7774,2590,49
rollernet382,6,62,27,19921,28.9757,0.2982,2795,98
rollernet665,6,62,16,14836,13.1642,0.5366,2525,58
rollernet428,6,62,24,18906,20.3965,0.348,2791,84
rollernet792,6,62,13,13608,11.3584,0.6761,2579,57
rollernet833,6,62,12,12955,11.3758,0.6378,2486,48
rollernet16,6,62,624,76000,341.0414,0.1179,3241,788
rollernet987,6,62,11,11996,9.243,0.6875,2298,31
rollernet308,6,62,33,21988,36.2982,0.2201,2696,117
rollernet899,6,62,12,12438,18.0092,0.6549,2216,47
rollernet807,6,62,13,13307,12.8577,0.556,2369,54
rollernet867,6,62,12,12988,10.8575,0.772,2662,50
rollernet920,6,62,11,12150,8.8941,0.4329,2071,31
rollernet37,6,62,270,56106,175.6582,0.1348,5466,633
rollernet483,6,62,21,17767,16.6785,0.4449,2849,80
rollernet357,6,62,28,20564,22.6815,0.2559,2841,104
rollernet508,6,62,20,17183,15.7646,0.3894,2672,80
rollernet79,6,62,127,40235,98.0651,0.1781,3875,331
rollernet888,6,62,12,12677,11.5714,1.2272,2439,48
rollernet282,6,62,36,23086,32.999,0.1736,2794,123
rollernet313,6,62,32,21927,30.5518,0.3039,2828,111
rollernet262,6,62,39,23990,40.2019,0.2802,2957,128
rollernet345,6,62,29,21094,33.4225,0.2706,2916,102
rollernet917,6,62,11,12158,8.8537,0.4152,2036,31
rollernet814,6,62,13,13247,10.0646,0.5535,2405,53
rollernet316,6,62,32,21937,24.7298,0.2282,2907,111
rollernet174,6,62,58,28641,42.2844,0.0922,2823,181
rollernet20,6,62,499,70321,282.4354,0.1175,3617,762
rollernet72,6,62,139,41989,91.3831,0.0958,4181,369
rollernet40,6,62,250,54263,155.6652,0.153,5551,595
rollernet239,6,62,42,24820,31.9115,0.1284,2773,136
rollernet456,6,62,22,18292,17.7323,0.397,2910,84
rollernet113,6,62,89,34393,62.7014,0.0688,3071,243
rollernet179,6,62,56,27990,40.071,0.0785,2654,177
rollernet504,6,62,20,17291,15.9607,0.3967,2721,78
rollernet397,6,62,26,19769,20.2346,0.3498,3029,95
rollernet306,6,62,33,22052,24.5188,0.1823,2700,117
rollernet309,6,62,33,21963,25.0435,0.1751,2728,117
rollernet740,6,62,14,14063,10.864,0.5671,2564,56
rollernet112,6,62,90,34425,60.8892,0.0691,3018,248
rollernet380,6,62,27,20040,20.3804,0.2649,2817,99
rollernet107,6,62,94,35207,63.7306,0.0699,3110,253
rollernet442,6,62,23,18626,18.0515,0.3855,2951,86
rollernet689,6,62,15,14671,11.8047,0.6799,2855,57
rollernet351,6,62,29,20738,21.8843,0.2772,2898,102
rollernet250,6,62,40,24157,30.062,0.1425,2691,135
rollernet280,6,62,36,23143,27.3332,0.1716,2789,122
rollernet304,6,62,33,22237,25.368,0.2067,2860,119
rollernet404,6,62,25,19625,19.7285,0.3661,2982,94
rollernet593,6,62,17,15949,14.0349,0.5005,2712,58
rollernet880,6,62,12,12812,9.3659,0.6435,2503,48
rollernet648,6,62,16,15059,12.179,0.4726,2536,56
rollernet525,6,62,20,16865,15.0456,0.4313,2764,74
rollernet545,6,62,19,16827,14.8665,0.446,2761,72
rollernet984,6,62,11,12024,8.3697,0.5701,2298,31
rollernet599,6,62,17,15825,13.3061,0.433,2568,58
rollernet350,6,62,29,20817,22.0686,0.2957,2989,104
rollernet631,6,62,16,15290,12.6706,0.5147,2688,59
rollernet212,6,62,48,26095,465.7524,0.0915,2768,153
rollernet54,6,62,185,47710,138.0598,0.1347,5125,466
rollernet333,6,62,30,21317,31.7687,0.2155,2779,107
rollernet446,6,62,23,18503,18.719,0.3845,2905,84
rollernet322,6,62,31,21694,24.544,0.2622,2988,108
rollernet603,6,62,17,15738,13.1077,0.4413,2572,57
rollernet982,6,62,11,12032,8.4187,0.556,2292,31
rollernet200,6,62,50,26873,37.4123,0.1036,2773,161
rollernet626,6,62,16,15306,12.6288,0.5167,2728,59
rollernet520,6,62,20,17041,15.6822,0.42,2716,76
rollernet297,6,62,34,22677,26.6337,0.2307,3043,120
rollernet361,6,62,28,20570,21.3606,0.273,2868,104
rollernet762,6,62,14,13793,10.6401,0.6058,2612,56
rollernet819,6,62,13,13151,9.9153,0.5474,2396,54
rollernet611,6,62,17,15623,12.9994,0.4539,2598,60
rollernet674,6,62,15,14763,11.8699,0.6029,2726,58
rollernet866,6,62,12,13008,9.8489,0.7718,2678,50
rollernet502,6,62,20,17332,15.7906,0.4111,2772,76
rollernet46,6,62,217,51184,165.9337,0.1697,5311,529
rollernet362,6,62,28,20580,26.5647,0.5148,2875,104
rollernet625,6,62,16,15313,14.5425,0.5532,2732,58
rollernet68,6,62,147,42866,138.8606,0.1246,4307,379
rollernet851,6,62,12,13069,11.355,0.7925,2681,50
rollernet805,6,62,13,13333,16.5597,1.3352,2366,52
rollernet26,6,62,384,64246,281.9041,0.1328,4580,736
rollernet947,6,62,11,12162,10.5361,0.5571,2239,30
rollernet757,6,62,14,13875,15.4671,0.6561,2635,56
rollernet854,6,62,12,13055,11.6356,0.95,2686,49
rollernet870,6,62,12,12951,13.7588,0.8028,2621,49
rollernet437,6,62,23,18631,27.7705,0.5189,2851,84
rollernet583,6,62,18,16097,21.4313,0.6573,2809,61
rollernet109,6,62,92,34920,93.1399,0.0868,3154,248
rollernet119,6,62,84,33676,82.8414,0.0974,3071,229
rollernet715,6,62,14,14256,16.353,0.5875,2518,57
rollernet847,6,62,12,13046,12.7428,0.7629,2614,50
rollernet882,6,62,12,12793,13.0812,1.3066,2506,48
rollernet58,6,62,173,46182,150.0179,0.1218,4820,439
rollernet34,6,62,294,58015,209.534,0.15,5403,654
rollernet521,6,62,20,17016,18.8565,0.5119,2725,74
rollernet173,6,62,58,28690,62.313,0.1071,2815,178
rollernet171,6,62,59,28773,54.6926,0.0937,2633,178
rollernet605,6,62,17,15731,20.1329,0.6055,2532,56
rollernet522,6,62,20,16978,23.3837,0.5311,2734,75
rollernet70,6,62,143,42437,121.8028,0.1058,4160,366
rollernet172,6,62,59,28738,56.3328,0.1035,2769,181
rollernet216,6,62,47,25903,49.1542,0.1418,2701,152
rollernet752,6,62,14,13927,12.9361,0.6621,2591,54
rollernet368,6,62,28,20354,32.6499,0.3639,2959,101
rollernet73,6,62,137,41621,115.1361,0.105,4104,361
rollernet572,6,62,18,16196,18.406,0.6145,2849,64
rollernet831,6,62,13,12954,11.8865,0.7242,2497,46
rollernet911,6,62,11,12229,10.8282,0.8728,2096,31
rollernet861,6,62,12,13041,11.5853,0.8635,2694,49
rollernet923,6,62,11,12147,11.419,0.5012,2076,31
rollernet922,6,62,11,12145,12.5422,0.7492,2084,31
rollernet470,6,62,22,18075,22.4064,0.4366,2784,82
rollernet624,6,62,16,15306,14.7676,0.5895,2746,58
rollernet381,6,62,27,19975,25.1682,0.3586,2772,98
rollernet659,6,62,16,14975,17.7758,0.8155,2492,58
rollernet662,6,62,16,14936,17.6586,0.9001,2525,59
rollernet558,6,62,18,16431,23.202,0.6981,2762,62
rollernet82,6,62,122,39542,105.372,0.0911,3838,315
rollernet86,6,62,117,38726,88.1073,0.0832,3663,314
rollernet88,6,62,114,38345,76.8718,0.0877,3653,307
rollernet373,6,62,27,20266,22.0132,0.3328,2978,100
rollernet559,6,62,18,16402,15.1421,0.4875,2740,62
rollernet768,6,62,13,13705,11.6738,0.7269,2569,55
rollernet36,6,62,278,56780,231.2965,0.3087,5461,645
rollernet342,6,62,30,21210,33.468,0.3057,2943,104
rollernet196,6,62,51,27006,52.0305,0.1296,2673,162
rollernet198,6,62,51,27031,58.092,0.1463,2685,159
rollernet390,6,62,26,19758,32.7359,0.4159,2793,98
rollernet937,6,62,11,12135,12.9994,0.5778,2180,31
rollernet479,6,62,21,17834,20.8092,0.4946,2807,81
rollernet292,6,62,35,22766,32.626,0.2769,3001,123
rollernet607,6,62,17,15690,16.047,0.4994,2515,58
rollernet505,6,62,20,17263,19.0339,0.4903,2725,76
rollernet566,6,62,18,16324,17.2088,0.6178,2868,65
rollernet809,6,62,13,13278,11.8391,0.6286,2375,53
rollernet410,6,62,25,19312,23.3156,0.3882,2821,93
rollernet67,6,62,149,43293,136.5401,0.1129,4340,378
rollernet848,6,62,12,13050,11.6321,0.8879,2637,50
rollernet490,6,62,21,17689,32.0847,0.5103,2933,80
rollernet663,6,62,16,14911,15.5882,0.6099,2534,58
rollernet49,6,62,204,49784,199.8878,0.1581,5200,509
rollernet587,6,62,17,15959,22.8538,0.5413,2693,58
rollernet745,6,62,14,13985,13.3308,0.7655,2573,56
rollernet17,6,62,587,74546,365.8597,0.1257,3275,788
rollernet564,6,62,18,16349,15.8188,0.5068,2802,64
rollernet609,6,62,17,15637,14.3819,0.4952,2544,60
rollernet569,6,62,18,16268,19.9682,1.2969,2836,63
rollernet222,6,62,45,25519,39.9206,0.1203,2761,151
rollernet429,6,62,24,18873,18.9261,0.3273,2761,84
rollernet883,6,62,12,12770,9.3764,0.6399,2483,48
rollernet241,6,62,42,24694,33.1577,0.1359,2682,140
rollernet464,6,62,22,18142,23.8304,0.6738,2845,83
rollernet827,6,62,13,13014,13.9783,0.9903,2473,50
rollernet310,6,62,33,21951,35.0999,0.2165,2749,115
rollernet344,6,62,30,21141,27.1884,0.3248,2956,101
rollernet225,6,62,45,25572,44.4935,0.1661,2879,147
rollernet730,6,62,14,14106,14.7436,0.6516,2410,58
rollernet23,6,62,434,67120,323.5938,0.2506,4086,756
rollernet761,6,62,14,13801,13.733,0.693,2625,57
rollernet967,6,62,11,12124,9.8903,0.6033,2261,31
rollernet571,6,62,18,16225,16.5496,0.5765,2861,63
rollernet405,6,62,25,19567,25.7085,0.3754,2981,90
rollernet140,6,62,72,31337,51.096,0.0684,2753,203
rollernet275,6,62,37,23231,27.2923,0.1495,2732,127
rollernet836,6,62,12,13018,9.542,0.6701,2557,48
rollernet756,6,62,14,13877,10.5786,0.592,2599,55
rollernet586,6,62,18,15988,13.6673,0.4744,2715,59
rollernet860,6,62,12,13043,9.7658,0.7614,2684,49
rollernet640,6,62,16,15265,12.6247,0.5474,2728,58
rollernet156,6,62,64,29913,45.754,0.0819,2788,185
rollernet69,6,62,145,42766,94.0162,0.0992,4264,380
rollernet265,6,62,38,23768,28.6122,0.1881,2967,130
rollernet484,6,62,21,17757,16.2945,0.4381,2823,81
rollernet460,6,62,22,18152,17.5315,0.3793,2842,83
rollernet203,6,62,50,26690,36.9701,0.1096,2807,162
rollernet478,6,62,21,17813,16.5869,0.3888,2729,79
rollernet358,6,62,28,20552,21.7875,0.2538,2822,102
rollernet89,6,62,113,38199,75.4893,0.0814,3571,304
rollernet95,6,62,106,36935,72.8154,0.0797,3371,284
rollernet997,6,62,11,11792,8.2127,0.5588,2258,31
rollernet45,7,62,222,51683,142.4872,0.0799,4050,401
