File,Gamma,V,T,E,TG_edges,Tnb_gmLS,G_edges,nb_gmLS
rollernet845,10,62,12,13059,15.3112,0.0351,539,28
rollernet697,10,62,15,14550,18.77,0.0499,709,27
rollernet77,10,62,130,40602,140.6373,0.0542,1657,132
rollernet432,10,62,24,18710,30.2041,0.0633,889,39
rollernet922,10,62,11,12145,12.8351,0.0087,286,28
rollernet937,10,62,11,12135,12.885,0.0081,284,27
rollernet268,10,62,38,23583,47.8435,0.0881,1146,54
rollernet627,10,62,16,15302,20.2158,0.0581,781,28
rollernet883,10,62,12,12770,14.7559,0.0209,446,28
rollernet798,10,62,13,13520,16.0369,0.0346,569,29
rollernet747,10,62,14,13947,17.5928,0.0383,619,28
rollernet110,10,62,91,34789,105.5575,0.0466,1344,99
rollernet569,10,62,18,16268,22.9624,0.0688,881,29
rollernet745,10,62,14,13985,17.4389,0.0382,619,29
rollernet427,10,62,24,18943,31.2643,0.0562,865,41
rollernet471,10,62,22,18033,28.0527,0.0751,927,38
rollernet960,10,62,11,12205,13.2454,0.0085,286,27
rollernet21,10,62,476,69107,433.5787,0.0106,645,160
rollernet778,10,62,13,13683,16.3517,0.0323,574,27
rollernet655,10,62,16,15021,20.0564,0.0371,638,28
rollernet677,10,62,15,14773,18.958,0.0554,726,28
rollernet342,10,62,30,21210,38.4758,0.0819,1045,42
rollernet371,10,62,27,20310,36.5186,0.1047,1102,42
rollernet554,10,62,19,16529,23.9963,0.074,905,30
rollernet803,10,62,13,13364,15.6817,0.0255,499,28
rollernet149,10,62,67,30552,80.183,0.0356,1084,78
rollernet198,10,62,51,27031,65.1423,0.0473,1045,61
rollernet571,10,62,18,16225,23.3581,0.0714,885,29
rollernet956,10,62,11,12193,13.7336,0.0081,280,27
rollernet223,10,62,45,25424,57.892,0.0525,1057,62
rollernet529,10,62,19,16848,24.7613,0.0884,951,29
rollernet561,10,62,18,16366,23.5838,0.0634,851,30
rollernet114,10,62,88,34234,102.7266,0.0388,1187,93
rollernet907,10,62,11,12234,13.1313,0.0078,272,27
rollernet874,10,62,12,12914,14.9506,0.0287,501,28
rollernet660,10,62,16,14976,20.0078,0.0417,662,27
rollernet792,10,62,13,13608,16.561,0.0364,586,30
rollernet498,10,62,21,17416,26.4209,0.0615,872,33
rollernet339,10,62,30,21149,39.0957,0.0642,972,42
rollernet815,10,62,13,13217,15.9138,0.0225,476,27
rollernet30,10,62,333,60919,327.4301,0.0248,1410,207
rollernet994,10,62,11,11880,12.5148,0.0035,185,22
rollernet722,10,62,14,14232,17.6902,0.0323,581,28
rollernet251,10,62,40,24224,50.487,0.064,1071,54
rollernet366,10,62,28,20460,35.8466,0.0896,1082,41
rollernet307,10,62,33,22034,41.6657,0.0565,951,51
rollernet614,10,62,17,15581,21.7908,0.0546,767,26
rollernet275,10,62,37,23231,46.5288,0.0507,956,54
rollernet678,10,62,15,14776,19.3254,0.0552,729,27
rollernet585,10,62,18,16039,22.8052,0.0704,851,28
rollernet8,10,62,1248,100397,970.1354,0.1073,3033,520
rollernet742,10,62,14,14018,18.6042,0.0367,607,28
rollernet797,10,62,13,13529,16.3341,0.0341,571,29
rollernet412,10,62,25,19234,32.1469,0.0883,1031,40
rollernet396,10,62,26,19787,35.5398,0.0985,1120,46
rollernet580,10,62,18,16165,24.0512,0.078,899,28
rollernet283,10,62,36,23119,46.101,0.076,1079,52
rollernet789,10,62,13,13617,18.0081,0.0362,573,28
rollernet622,10,62,17,15361,21.5307,0.0613,789,29
rollernet822,10,62,13,13089,15.4386,0.0242,481,28
rollernet884,10,62,12,12757,15.2192,0.0211,446,28
rollernet748,10,62,14,13930,17.163,0.037,608,27
rollernet368,10,62,28,20354,36.638,0.0917,1100,43
rollernet866,10,62,12,13008,15.4318,0.0328,538,28
rollernet359,10,62,28,20585,37.0906,0.0683,930,43
rollernet499,10,62,20,17371,26.7372,0.0602,875,33
rollernet500,10,62,20,17358,27.5977,0.0619,893,33
rollernet897,10,62,12,12480,13.9807,0.0114,344,27
rollernet971,10,62,11,12068,13.0042,0.0059,241,27
rollernet269,10,62,38,23536,49.8836,0.0841,1134,52
rollernet93,10,62,108,37495,122.0228,0.0457,1409,112
rollernet857,10,62,12,13039,15.4712,0.0334,549,29
rollernet868,10,62,12,12970,15.4558,0.0321,524,28
rollernet408,10,62,25,19397,33.7135,0.0714,964,41
rollernet893,10,62,12,12535,14.4844,0.0133,366,27
rollernet563,10,62,18,16356,24.8687,0.0761,893,30
rollernet129,10,62,78,32457,90.8464,0.0359,1122,87
rollernet501,10,62,20,17359,26.6765,0.0646,902,34
rollernet120,10,62,84,33304,99.0375,0.0374,1130,88
rollernet834,10,62,12,12978,15.0369,0.0278,497,29
rollernet602,10,62,17,15757,23.1898,0.0552,766,28
rollernet643,10,62,16,15159,20.6954,0.0497,741,25
rollernet892,10,62,12,12553,14.616,0.0135,369,28
rollernet327,10,62,31,21441,40.969,0.0724,1042,43
rollernet202,10,62,50,26803,64.4883,0.0451,1068,64
rollernet744,10,62,14,14007,17.77,0.0433,637,28
rollernet475,10,62,22,17796,29.2179,0.0639,885,38
rollernet955,10,62,11,12195,13.8034,0.0079,279,26
rollernet460,10,62,22,18152,30.0581,0.0821,981,41
rollernet517,10,62,20,17085,26.0969,0.0633,853,31
rollernet28,10,62,357,62616,351.3147,0.023,1223,209
rollernet486,10,62,21,17757,28.1929,0.0816,977,37
rollernet466,10,62,22,18153,29.2439,0.0733,937,41
rollernet652,10,62,16,15039,20.7847,0.0363,641,27
rollernet818,10,62,13,13164,16.2368,0.0236,480,28
rollernet111,10,62,90,34703,103.9511,0.0428,1248,94
rollernet795,10,62,13,13556,17.6766,0.0371,581,29
rollernet465,10,62,22,18164,31.0867,0.0754,931,39
rollernet116,10,62,87,34019,104.7955,0.0395,1207,93
rollernet270,10,62,37,23482,50.6562,0.0764,1105,54
rollernet247,10,62,41,24538,54.1368,0.0714,1121,59
rollernet483,10,62,21,17767,28.3134,0.0775,945,38
rollernet783,10,62,13,13654,18.4229,0.0386,598,28
rollernet388,10,62,26,19786,36.8786,0.0742,980,41
rollernet161,10,62,62,29552,76.9537,0.04,1002,70
rollernet379,10,62,27,20065,36.8199,0.0606,958,45
rollernet241,10,62,42,24694,53.7873,0.048,1008,57
rollernet152,10,62,66,30283,80.5417,0.0382,1096,74
rollernet708,10,62,15,14409,20.2945,0.0559,705,27
rollernet703,10,62,15,14411,20.0637,0.0474,669,27
rollernet458,10,62,22,18207,29.4595,0.0842,1001,41
rollernet993,10,62,11,11892,14.3574,0.0033,182,22
rollernet984,10,62,11,12024,13.7376,0.0045,216,26
rollernet409,10,62,25,19342,33.4913,0.0747,969,39
rollernet448,10,62,23,18446,31.2876,0.0832,1019,37
rollernet758,10,62,14,13867,19.143,0.0411,644,29
rollernet761,10,62,14,13801,17.3886,0.0411,629,28
rollernet225,10,62,45,25572,58.8724,0.0548,1075,61
rollernet672,10,62,15,14774,21.327,0.0442,668,27
rollernet651,10,62,16,15066,20.0741,0.0377,650,27
rollernet766,10,62,14,13716,18.3446,0.0418,627,29
rollernet945,10,62,11,12158,13.8582,0.0087,286,27
rollernet973,10,62,11,12056,12.9869,0.0057,238,27
rollernet74,10,62,135,41502,150.8706,0.0466,1648,133
rollernet352,10,62,29,20703,39.243,0.08,1028,44
rollernet196,10,62,51,27006,63.2648,0.0453,1048,64
rollernet532,10,62,19,16816,27.0447,0.0934,988,29
rollernet997,10,62,11,11792,13.586,0.0031,164,23
rollernet877,10,62,12,12861,14.8041,0.0241,470,28
rollernet24,10,62,416,66173,401.6624,0.0166,904,192
rollernet878,10,62,12,12846,15.9832,0.024,470,27
rollernet710,10,62,15,14361,19.2763,0.0488,684,27
rollernet694,10,62,15,14580,21.2547,0.0525,722,29
rollernet836,10,62,12,13018,17.1384,0.0293,505,27
rollernet976,10,62,11,12054,13.2302,0.0054,234,28
rollernet33,10,62,303,58748,310.7496,0.0314,1563,218
rollernet20,10,62,499,70321,464.8114,0.0126,753,176
rollernet192,10,62,52,27338,64.6202,0.0399,1019,67
rollernet189,10,62,53,27466,67.2649,0.0472,1095,68
rollernet35,10,62,286,57341,296.256,0.035,1773,223
rollernet623,10,62,17,15327,21.2951,0.0592,789,28
rollernet755,10,62,14,13886,18.5822,0.038,624,29
rollernet717,10,62,14,14238,19.8527,0.0337,589,27
rollernet75,10,62,134,41075,147.3772,0.054,1737,137
rollernet889,10,62,12,12644,16.0509,0.0161,404,27
rollernet1000,10,62,10,11723,13.6666,0.0028,152,22
rollernet4,10,62,2495,144869,2001.9865,1.5403,16744,1985
rollernet640,10,62,16,15265,22.9152,0.0547,772,26
rollernet586,10,62,18,15988,30.623,0.0611,817,28
rollernet599,10,62,17,15825,22.6363,0.0527,754,26
rollernet547,10,62,19,16817,26.8603,0.0678,873,29
rollernet306,10,62,33,22052,47.767,0.065,981,51
rollernet220,10,62,46,25760,59.8652,0.0506,1048,66
rollernet911,10,62,11,12229,14.8117,0.0083,275,27
rollernet140,10,62,72,31337,90.8201,0.035,1050,77
rollernet293,10,62,35,22711,47.4658,0.09,1132,54
rollernet823,10,62,13,13083,16.3096,0.0262,488,28
rollernet482,10,62,21,17761,32.1551,0.0692,908,37
rollernet170,10,62,59,28723,74.6891,0.0344,972,70
rollernet248,10,62,41,24469,53.8251,0.0692,1128,57
rollernet488,10,62,21,17737,32.6329,0.0914,1012,37
rollernet135,10,62,74,31989,91.2703,0.0412,1123,80
rollernet365,10,62,28,20516,38.9068,0.0922,1053,41
rollernet330,10,62,31,21388,46.3592,0.0812,1074,43
rollernet690,10,62,15,14654,20.343,0.0606,773,29
rollernet985,10,62,11,12012,14.1548,0.0044,217,26
rollernet560,10,62,18,16394,27.9961,0.0615,841,30
rollernet444,10,62,23,18614,32.1024,0.0947,1086,40
rollernet620,10,62,17,15439,23.6464,0.0571,785,28
rollernet100,10,62,100,36317,119.3658,0.0423,1343,110
rollernet995,10,62,11,11855,13.4036,0.0034,179,22
rollernet689,10,62,15,14671,21.6499,0.0611,774,29
rollernet819,10,62,13,13151,18.0373,0.0235,484,28
rollernet484,10,62,21,17757,29.3952,0.0739,938,35
rollernet372,10,62,27,20340,39.3143,0.0941,1096,41
rollernet649,10,62,16,15064,23.7467,0.037,655,27
rollernet832,10,62,12,12939,16.2461,0.0268,482,28
rollernet479,10,62,21,17834,31.2045,0.0677,907,38
rollernet422,10,62,24,19060,36.7148,0.0704,946,42
rollernet641,10,62,16,15245,23.3207,0.0553,771,25
rollernet415,10,62,25,19106,34.4458,0.0872,1023,41
rollernet572,10,62,18,16196,28.3812,0.0699,877,28
rollernet986,10,62,11,12005,14.1124,0.0044,214,25
rollernet457,10,62,22,18243,33.0853,0.0824,995,38
rollernet709,10,62,15,14383,22.0411,0.0527,695,27
rollernet231,10,62,44,25100,57.0581,0.0597,1063,56
rollernet26,10,62,384,64246,377.0408,0.0208,1110,198
rollernet6,10,62,1663,115375,1275.7832,0.3387,6265,925
rollernet765,10,62,14,13748,18.2354,0.0421,632,28
rollernet671,10,62,15,14773,19.7777,0.0415,662,27
rollernet88,10,62,114,38345,134.045,0.0522,1555,120
rollernet935,10,62,11,12132,16.2566,0.0079,281,26
rollernet326,10,62,31,21463,40.9385,0.0722,1034,41
rollernet611,10,62,17,15623,25.5744,0.0601,784,29
rollernet638,10,62,16,15284,26.6697,0.0593,783,27
rollernet881,10,62,12,12800,17.1239,0.0225,458,27
rollernet404,10,62,25,19625,39.7636,0.0934,1061,43
rollernet353,10,62,29,20683,43.8199,0.0913,1050,44
rollernet527,10,62,19,16852,28.0721,0.0732,909,30
rollernet287,10,62,35,22906,51.5738,0.074,1029,54
rollernet555,10,62,18,16494,29.4438,0.0723,893,30
rollernet424,10,62,24,19009,35.0795,0.0827,1000,42
rollernet69,10,62,145,42766,167.9463,0.0513,1716,141
rollernet104,10,62,96,35589,121.448,0.0427,1312,101
rollernet294,10,62,34,22727,48.506,0.0888,1139,51
rollernet715,10,62,14,14256,23.2885,0.0371,612,26
rollernet811,10,62,13,13253,19.7533,0.0226,480,28
rollernet545,10,62,19,16827,28.982,0.0579,825,29
rollernet987,10,62,11,11996,16.2286,0.0038,203,25
rollernet419,10,62,24,19120,38.2306,0.0813,1005,40
rollernet584,10,62,18,16050,27.3954,0.0663,843,28
rollernet635,10,62,16,15270,25.1844,0.0547,763,27
rollernet428,10,62,24,18906,37.2365,0.0618,900,42
rollernet977,10,62,11,12054,16.13,0.0053,231,28
rollernet144,10,62,70,30971,89.3808,0.0387,1132,79
rollernet490,10,62,21,17689,32.8944,0.0867,986,38
rollernet54,10,62,185,47710,206.6487,0.0545,2027,175
rollernet609,10,62,17,15637,27.4493,0.0522,750,28
rollernet743,10,62,14,14018,21.398,0.0399,629,28
rollernet530,10,62,19,16800,30.5645,0.0905,964,29
rollernet119,10,62,84,33676,109.2993,0.0414,1221,95
rollernet489,10,62,21,17728,33.6102,0.0954,1010,37
rollernet89,10,62,113,38199,135.849,0.0488,1480,118
rollernet175,10,62,58,28518,79.7193,0.0441,1051,74
rollernet82,10,62,122,39542,142.0103,0.0499,1582,124
rollernet346,10,62,29,21024,44.3203,0.0802,1059,41
rollernet575,10,62,18,16197,29.2737,0.0766,903,29
rollernet453,10,62,23,18368,34.9105,0.075,970,40
rollernet943,10,62,11,12174,15.9549,0.0093,298,28
rollernet616,10,62,17,15560,27.7953,0.0578,788,28
rollernet909,10,62,11,12248,16.9004,0.0084,277,27
rollernet916,10,62,11,12176,15.9012,0.0076,264,25
rollernet712,10,62,15,14300,24.7623,0.0432,646,27
rollernet673,10,62,15,14764,23.9879,0.0461,675,28
rollernet932,10,62,11,12132,15.7505,0.0085,284,27
rollernet662,10,62,16,14936,27.1935,0.0418,662,28
rollernet556,10,62,18,16468,29.1727,0.0607,849,28
rollernet906,10,62,12,12266,17.1916,0.0085,289,28
rollernet941,10,62,11,12173,17.1994,0.0094,301,28
rollernet376,10,62,27,20185,42.6657,0.0678,997,42
rollernet59,10,62,170,45837,189.5679,0.0497,1865,160
rollernet808,10,62,13,13294,22.8858,0.0217,479,28
rollernet130,10,62,77,32414,100.6511,0.0429,1170,85
rollernet108,10,62,93,34927,112.4337,0.0437,1305,101
rollernet714,10,62,14,14257,23.7061,0.0377,607,26
rollernet657,10,62,16,14998,28.4269,0.0383,635,28
rollernet300,10,62,34,22484,50.9189,0.0839,1125,51
rollernet707,10,62,15,14411,26.1843,0.056,709,27
rollernet591,10,62,17,15998,29.5687,0.0534,778,29
rollernet807,10,62,13,13307,19.2665,0.0228,486,28
rollernet624,10,62,16,15306,28.2306,0.0539,765,28
rollernet852,10,62,12,13072,20.4327,0.0343,555,30
rollernet169,10,62,60,28702,78.8972,0.0386,1014,72
rollernet667,10,62,15,14781,26.8152,0.0418,655,27
rollernet576,10,62,18,16186,28.9682,0.0729,897,29
rollernet870,10,62,12,12951,19.71,0.0314,519,28
rollernet779,10,62,13,13685,22.2901,0.0323,575,28
rollernet99,10,62,101,36412,124.4149,0.0413,1318,106
rollernet199,10,62,51,27008,71.647,0.0417,1009,62
rollernet606,10,62,17,15712,29.7744,0.0486,733,28
rollernet549,10,62,19,16768,32.2158,0.071,892,29
rollernet629,10,62,16,15312,27.5138,0.0491,744,28
rollernet49,10,62,204,49784,231.1067,0.0465,1964,188
rollernet675,10,62,15,14758,25.8581,0.0478,688,28
rollernet895,10,62,12,12505,18.2051,0.0115,348,26
rollernet147,10,62,68,30556,90.2222,0.0387,1038,74
rollernet598,10,62,17,15832,31.3923,0.0578,772,28
rollernet888,10,62,12,12677,19.0889,0.0182,422,28
rollernet266,10,62,38,23762,57.745,0.0868,1144,55
rollernet952,10,62,11,12186,17.5738,0.008,280,26
rollernet356,10,62,29,20654,43.9572,0.0857,1021,44
rollernet927,10,62,11,12138,18.9661,0.0087,286,27
rollernet183,10,62,55,28112,76.394,0.0445,1112,69
rollernet833,10,62,12,12955,18.8625,0.0261,481,27
rollernet846,10,62,12,13053,22.8257,0.0338,533,28
rollernet559,10,62,18,16402,29.5874,0.0609,836,30
rollernet401,10,62,25,19632,41.8666,0.089,1049,44
rollernet958,10,62,11,12198,17.5119,0.008,283,27
rollernet12,10,62,832,84702,692.6906,0.0246,1042,250
rollernet103,10,62,97,35794,122.1984,0.0475,1370,102
rollernet774,10,62,13,13688,22.6077,0.0326,575,28
rollernet341,10,62,30,21187,45.1711,0.0692,990,41
rollernet320,10,62,32,21948,50.5905,0.0943,1147,51
rollernet699,10,62,15,14525,26.0988,0.0481,688,28
rollernet682,10,62,15,14776,23.8263,0.0564,746,28
rollernet418,10,62,24,19139,40.913,0.0845,1023,39
rollernet105,10,62,96,35505,116.9065,0.0423,1289,97
rollernet405,10,62,25,19567,40.2316,0.0923,1061,41
rollernet796,10,62,13,13540,23.6269,0.0344,575,29
rollernet301,10,62,34,22452,51.0528,0.087,1131,52
rollernet319,10,62,32,21986,49.9066,0.0826,1084,52
rollernet70,10,62,143,42437,168.5992,0.0513,1718,140
rollernet329,10,62,31,21406,47.5514,0.071,1039,46
rollernet394,10,62,26,19762,42.1615,0.0812,1031,42
rollernet905,10,62,12,12272,19.1555,0.0086,294,28
rollernet244,10,62,41,24663,60.135,0.0537,1015,56
rollernet570,10,62,18,16242,30.082,0.0678,879,30
rollernet605,10,62,17,15731,28.8978,0.0507,745,28
rollernet661,10,62,16,14977,25.731,0.0456,679,29
rollernet860,10,62,12,13043,22.2123,0.0324,537,29
rollernet430,10,62,24,18813,37.565,0.0629,884,39
rollernet235,10,62,43,25052,63.654,0.0541,1051,62
rollernet344,10,62,30,21141,47.054,0.0813,1064,42
rollernet81,10,62,124,39813,149.4697,0.0531,1636,124
rollernet172,10,62,59,28738,80.9269,0.0376,1075,71
rollernet377,10,62,27,20117,43.3461,0.0626,974,43
rollernet647,10,62,16,15075,27.1796,0.0409,687,25
rollernet825,10,62,13,13071,19.6729,0.0267,500,27
rollernet983,10,62,11,12030,17.4557,0.0046,220,26
rollernet775,10,62,13,13702,22.1441,0.0334,578,28
rollernet880,10,62,12,12812,21.0862,0.0228,463,27
rollernet416,10,62,24,19107,39.1345,0.0847,1025,41
rollernet508,10,62,20,17183,33.9557,0.0642,878,31
rollernet728,10,62,14,14156,23.4193,0.0287,545,26
rollernet713,10,62,14,14268,24.7667,0.0419,631,27
rollernet476,10,62,21,17767,35.6301,0.0566,856,37
rollernet305,10,62,33,22131,51.1126,0.0675,1002,48
rollernet240,10,62,42,24752,61.6788,0.0502,1042,57
rollernet90,10,62,111,38034,139.5617,0.0474,1469,118
rollernet383,10,62,27,19895,41.9438,0.0761,1020,44
rollernet967,10,62,11,12124,17.0189,0.0071,259,27
rollernet784,10,62,13,13661,21.6798,0.0384,602,27
rollernet271,10,62,37,23476,54.1742,0.0704,1067,53
rollernet850,10,62,12,13062,21.3303,0.0328,543,29
rollernet347,10,62,29,21014,48.077,0.0896,1084,42
rollernet464,10,62,22,18142,35.5627,0.0744,943,41
rollernet552,10,62,19,16605,31.0002,0.0683,874,28
rollernet644,10,62,16,15131,27.0643,0.0472,727,25
rollernet663,10,62,16,14911,25.3544,0.0417,659,28
rollernet752,10,62,14,13927,23.1283,0.0396,633,28
rollernet794,10,62,13,13575,23.0435,0.035,578,30
rollernet380,10,62,27,20040,42.1563,0.0637,971,46
rollernet336,10,62,30,21185,48.1392,0.0668,996,44
rollernet948,10,62,11,12174,19.2349,0.0087,288,26
rollernet425,10,62,24,18996,38.1198,0.075,961,43
rollernet414,10,62,25,19140,41.8148,0.0881,1025,40
rollernet435,10,62,23,18636,37.3678,0.0725,944,39
rollernet518,10,62,20,17074,32.7174,0.0639,862,31
rollernet222,10,62,45,25519,66.0731,0.051,1059,62
rollernet312,10,62,32,21870,50.5523,0.0715,1013,49
rollernet621,10,62,17,15387,26.7027,0.0563,780,29
rollernet214,10,62,47,26063,68.9014,0.0476,1065,64
rollernet954,10,62,11,12188,18.2029,0.0078,278,26
rollernet426,10,62,24,18988,38.0753,0.0664,930,42
rollernet456,10,62,22,18292,37.8015,0.0849,1013,41
rollernet885,10,62,12,12738,19.3066,0.0211,445,28
rollernet804,10,62,13,13345,20.4494,0.0255,500,28
rollernet321,10,62,32,21819,50.7443,0.0938,1109,46
rollernet249,10,62,41,24261,59.8899,0.0735,1108,60
rollernet158,10,62,64,29694,87.6685,0.0382,1058,68
rollernet890,10,62,12,12617,19.5402,0.0151,392,27
rollernet173,10,62,58,28690,79.4406,0.0411,1103,73
rollernet676,10,62,15,14764,25.0428,0.0511,713,28
rollernet454,10,62,22,18336,37.8823,0.0749,975,40
rollernet13,10,62,768,82146,645.2362,0.0179,836,210
rollernet855,10,62,12,13050,19.6966,0.0336,550,30
rollernet238,10,62,42,24953,63.4708,0.0559,1093,61
rollernet156,10,62,64,29913,88.8358,0.0402,1091,75
rollernet996,10,62,11,11812,16.9898,0.0032,167,23
rollernet174,10,62,58,28641,80.149,0.046,1156,75
rollernet58,10,62,173,46182,197.1189,0.0532,1889,156
rollernet115,10,62,87,34094,108.15,0.0414,1249,95
rollernet550,10,62,19,16717,32.1363,0.0676,885,29
rollernet209,10,62,48,26499,70.2819,0.0491,1067,65
rollernet264,10,62,38,23917,56.7654,0.0663,1082,56
rollernet858,10,62,12,13039,22.2345,0.0328,545,28
rollernet142,10,62,71,31192,94.0356,0.0413,1110,84
rollernet531,10,62,19,16804,31.0985,0.0874,959,29
rollernet839,10,62,12,13037,20.5286,0.0305,509,28
rollernet847,10,62,12,13046,20.4893,0.0315,529,27
rollernet164,10,62,61,29193,83.4338,0.0378,1071,70
rollernet107,10,62,94,35207,120.8958,0.0445,1265,102
rollernet767,10,62,14,13713,24.7786,0.0417,629,29
rollernet988,10,62,11,11990,16.475,0.0036,198,23
rollernet78,10,62,128,40451,150.7653,0.0576,1699,128
rollernet523,10,62,20,16954,32.944,0.0779,928,30
rollernet323,10,62,31,21611,48.7804,0.0786,1059,43
rollernet863,10,62,12,13021,21.9754,0.0331,542,29
rollernet696,10,62,15,14540,24.6327,0.0485,699,28
rollernet497,10,62,21,17504,34.3566,0.0671,912,34
rollernet776,10,62,13,13682,24.1159,0.035,587,27
rollernet437,10,62,23,18631,40.0069,0.0816,974,40
rollernet229,10,62,44,25350,63.7636,0.0715,1144,63
rollernet66,10,62,152,43582,179.6673,0.0543,1830,152
rollernet23,10,62,434,67120,430.2205,0.016,873,197
rollernet924,10,62,11,12139,16.873,0.009,288,28
rollernet669,10,62,15,14783,25.5856,0.0459,686,26
rollernet392,10,62,26,19771,42.6661,0.0736,994,44
rollernet921,10,62,11,12142,17.9209,0.0085,283,28
rollernet492,10,62,21,17690,35.5175,0.0766,957,36
rollernet626,10,62,16,15306,29.3384,0.0566,777,28
rollernet670,10,62,15,14784,25.5282,0.0451,684,26
rollernet534,10,62,19,16766,32.9792,0.0819,941,28
rollernet296,10,62,34,22767,54.7756,0.0872,1154,54
rollernet472,10,62,22,17980,36.2467,0.0754,929,37
rollernet335,10,62,30,21230,49.3725,0.0674,1015,44
rollernet750,10,62,14,13910,23.6135,0.0367,621,29
rollernet512,10,62,20,17142,33.6525,0.0651,860,32
rollernet157,10,62,64,29868,88.8188,0.0335,1041,77
rollernet417,10,62,24,19093,41.3763,0.0831,1009,39
rollernet297,10,62,34,22677,53.1283,0.0961,1181,54
rollernet762,10,62,14,13793,23.5913,0.0408,630,28
rollernet494,10,62,21,17639,36.7109,0.0778,976,37
rollernet375,10,62,27,20157,43.3742,0.0715,1002,42
rollernet901,10,62,12,12392,18.9676,0.0097,315,27
rollernet828,10,62,13,13008,21.384,0.0296,506,28
rollernet628,10,62,16,15321,27.618,0.0533,774,28
rollernet841,10,62,12,13056,20.4292,0.0309,516,27
rollernet243,10,62,42,24717,66.0487,0.0528,1044,59
rollernet947,10,62,11,12162,17.6395,0.0089,288,27
rollernet360,10,62,28,20579,45.3281,0.076,959,41
rollernet50,10,62,200,49390,221.7885,0.0477,1979,178
rollernet721,10,62,14,14256,23.7403,0.0318,577,28
rollernet666,10,62,15,14812,28.0325,0.0455,669,27
rollernet619,10,62,17,15483,28.8236,0.0566,776,29
rollernet289,10,62,35,22945,54.7552,0.0751,1094,52
rollernet245,10,62,41,24599,61.93,0.0568,1067,62
rollernet191,10,62,53,27463,76.4648,0.041,1050,66
rollernet679,10,62,15,14779,25.3965,0.0565,738,28
rollernet813,10,62,13,13242,21.6456,0.0236,486,27
rollernet308,10,62,33,21988,51.6925,0.0532,965,52
rollernet447,10,62,23,18467,37.4842,0.0798,1022,38
rollernet481,10,62,21,17808,35.6592,0.0691,907,38
rollernet923,10,62,11,12147,17.3603,0.0086,283,28
rollernet133,10,62,76,31966,98.1152,0.0354,1079,79
rollernet124,10,62,81,33077,108.6089,0.0414,1185,92
rollernet338,10,62,30,21119,48.0899,0.0652,969,43
rollernet263,10,62,38,23942,57.6336,0.0643,1091,56
rollernet596,10,62,17,15885,29.6151,0.0524,758,27
rollernet514,10,62,20,17109,33.5169,0.0627,853,32
rollernet357,10,62,28,20564,45.3974,0.0725,966,43
rollernet659,10,62,16,14975,26.8803,0.0397,647,28
rollernet384,10,62,26,19830,44.1003,0.074,983,41
rollernet345,10,62,29,21094,48.1687,0.0771,1036,42
rollernet273,10,62,37,23343,58.6419,0.0471,932,53
rollernet701,10,62,15,14458,26.4644,0.0479,677,27
rollernet972,10,62,11,12065,16.752,0.0059,241,28
rollernet260,10,62,39,24154,59.2925,0.0574,1022,56
rollernet18,10,62,555,72913,499.192,0.0098,604,154
rollernet975,10,62,11,12058,17.0617,0.0054,233,28
rollernet773,10,62,13,13686,22.4974,0.0331,581,27
rollernet96,10,62,104,36981,130.5869,0.0486,1435,115
rollernet177,10,62,57,28233,77.6701,0.0456,1027,69
rollernet14,10,62,713,79868,605.6618,0.0129,700,175
rollernet250,10,62,40,24157,62.1221,0.0683,1074,55
rollernet67,10,62,149,43293,171.8042,0.0518,1757,140
rollernet724,10,62,14,14207,24.9647,0.0337,585,28
rollernet595,10,62,17,15911,30.8536,0.054,764,28
rollernet325,10,62,31,21480,49.4511,0.0713,1023,42
rollernet856,10,62,12,13039,23.0057,0.0333,549,29
rollernet151,10,62,67,30323,93.9022,0.0366,1084,73
rollernet645,10,62,16,15110,27.1856,0.0445,714,24
rollernet695,10,62,15,14555,26.2562,0.0495,711,28
rollernet299,10,62,34,22588,55.0145,0.083,1104,49
rollernet410,10,62,25,19312,41.6359,0.0755,962,41
rollernet520,10,62,20,17041,32.931,0.0719,891,31
rollernet720,10,62,14,14249,26.0214,0.0335,589,28
rollernet213,10,62,47,26087,67.9533,0.0474,1054,63
rollernet548,10,62,19,16792,32.8097,0.0714,883,30
rollernet391,10,62,26,19752,46.4238,0.0732,980,45
rollernet634,10,62,16,15267,27.3242,0.0534,760,27
rollernet267,10,62,38,23646,58.9322,0.0876,1154,56
rollernet55,10,62,182,47161,206.4752,0.0446,1826,162
rollernet204,10,62,49,26619,70.7017,0.0549,1109,58
rollernet138,10,62,73,31546,98.3856,0.0369,1111,84
rollernet525,10,62,20,16865,36.3914,0.0737,910,29
rollernet17,10,62,587,74546,525.4729,0.0087,555,146
rollernet491,10,62,21,17687,36.5968,0.0802,970,37
rollernet304,10,62,33,22237,55.4286,0.0767,1061,51
rollernet754,10,62,14,13904,24.9056,0.0393,632,29
rollernet217,10,62,46,25899,68.4321,0.0513,1081,61
rollernet579,10,62,18,16174,31.5127,0.0773,901,29
rollernet799,10,62,13,13485,22.3098,0.0325,560,30
rollernet727,10,62,14,14169,25.3358,0.0292,553,27
rollernet284,10,62,36,23072,58.3427,0.072,1071,53
rollernet594,10,62,17,15912,30.048,0.0558,770,29
rollernet41,10,62,244,53741,264.5301,0.0456,1957,215
rollernet654,10,62,16,15019,28.9516,0.0355,628,29
rollernet772,10,62,13,13693,24.313,0.0342,589,27
rollernet11,10,62,907,87624,762.6654,0.0334,1317,285
rollernet433,10,62,24,18665,41.4902,0.0683,920,41
rollernet871,10,62,12,12959,19.7785,0.0327,526,28
rollernet692,10,62,15,14626,26.2633,0.0532,739,29
rollernet805,10,62,13,13333,22.9616,0.0239,486,28
rollernet806,10,62,13,13328,21.701,0.0231,488,28
rollernet582,10,62,18,16125,30.5896,0.0756,891,29
rollernet259,10,62,39,24084,62.1579,0.0544,1031,56
rollernet768,10,62,13,13705,22.8484,0.041,618,29
rollernet837,10,62,12,13033,21.4082,0.031,516,27
rollernet455,10,62,22,18340,38.7341,0.0774,992,41
rollernet965,10,62,11,12138,17.2481,0.0075,266,27
rollernet423,10,62,24,19026,39.4754,0.0765,971,43
rollernet769,10,62,13,13688,25.9605,0.0379,602,28
rollernet411,10,62,25,19280,39.7443,0.08,1010,40
rollernet536,10,62,19,16751,33.2561,0.0752,898,28
rollernet126,10,62,80,32662,106.143,0.0404,1133,86
rollernet791,10,62,13,13603,21.8964,0.0362,583,29
rollernet46,10,62,217,51184,239.4673,0.0424,1907,190
rollernet340,10,62,30,21155,50.0892,0.067,984,43
rollernet493,10,62,21,17672,35.541,0.083,989,37
rollernet581,10,62,18,16156,32.2303,0.0752,885,29
rollernet485,10,62,21,17760,37.757,0.081,970,39
rollernet407,10,62,25,19474,41.4288,0.0816,1006,41
rollernet838,10,62,12,13038,20.8845,0.0307,514,27
rollernet122,10,62,82,33240,109.3302,0.038,1163,91
rollernet429,10,62,24,18873,39.6501,0.0612,894,39
rollernet5,10,62,1996,127401,1543.0766,0.6821,9866,1315
rollernet551,10,62,19,16669,38.6028,0.0671,875,28
rollernet730,10,62,14,14106,19.3639,0.03,558,26
rollernet944,10,62,11,12176,18.3089,0.0092,295,27
rollernet84,10,62,119,39168,142.5776,0.0518,1570,116
rollernet234,10,62,43,25027,57.5067,0.0619,1095,60
rollernet390,10,62,26,19758,42.9094,0.0713,983,42
rollernet974,10,62,11,12049,17.6536,0.0054,235,27
rollernet843,10,62,12,13051,17.3666,0.0327,529,28
rollernet185,10,62,54,27655,75.6802,0.0461,1057,69
rollernet290,10,62,35,22925,55.3551,0.08,1109,53
rollernet303,10,62,33,22321,47.6613,0.0837,1099,52
rollernet785,10,62,13,13655,22.4713,0.0382,603,27
rollernet658,10,62,16,14994,26.3865,0.0412,653,28
rollernet844,10,62,12,13054,17.7807,0.0331,532,27
rollernet381,10,62,27,19975,43.8805,0.0652,963,42
rollernet869,10,62,12,12961,20.5344,0.0319,524,28
rollernet53,10,62,189,48035,203.5218,0.0533,2032,171
rollernet782,10,62,13,13669,22.9171,0.038,600,28
rollernet190,10,62,53,27471,76.9177,0.0413,1082,67
rollernet187,10,62,54,27523,71.3498,0.0449,1036,68
rollernet117,10,62,86,33717,110.3653,0.0414,1203,97
rollernet990,10,62,11,11961,19.2006,0.0035,190,23
rollernet94,10,62,107,37143,125.601,0.0485,1489,117
rollernet642,10,62,16,15202,27.9926,0.0544,764,25
rollernet632,10,62,16,15282,26.9763,0.0563,766,28
rollernet589,10,62,17,15973,25.7491,0.0542,781,28
rollernet182,10,62,55,28228,80.0315,0.0416,1099,71
rollernet449,10,62,23,18451,37.0975,0.0784,1013,38
rollernet953,10,62,11,12179,15.298,0.0076,276,27
rollernet211,10,62,48,26261,68.3928,0.0558,1119,65
rollernet441,10,62,23,18627,37.8317,0.0874,1037,40
rollernet155,10,62,65,30051,83.0883,0.0435,1162,72
rollernet904,10,62,12,12298,17.9404,0.0088,295,27
rollernet420,10,62,24,19106,39.3336,0.0749,978,39
rollernet827,10,62,13,13014,18.1887,0.0281,499,29
rollernet875,10,62,12,12909,20.7936,0.0279,494,28
rollernet915,10,62,11,12172,18.7231,0.0074,262,26
rollernet913,10,62,11,12202,15.3956,0.0084,276,27
rollernet477,10,62,21,17795,36.5396,0.0587,861,37
rollernet10,10,62,998,91133,817.8423,0.0463,1705,341
rollernet421,10,62,24,19071,35.7531,0.0686,959,40
rollernet160,10,62,63,29712,87.882,0.0436,1044,70
rollernet445,10,62,23,18551,39.8218,0.0883,1050,40
rollernet558,10,62,18,16431,27.9933,0.0638,860,30
rollernet406,10,62,25,19500,42.2278,0.0819,1005,41
rollernet653,10,62,16,15038,26.8766,0.0377,645,28
rollernet963,10,62,11,12161,15.9329,0.0078,273,27
rollernet711,10,62,15,14325,23.7879,0.0455,662,28
rollernet387,10,62,26,19783,42.3142,0.0678,965,42
rollernet386,10,62,26,19755,38.3807,0.0673,959,44
rollernet544,10,62,19,16825,33.3763,0.0567,829,29
rollernet282,10,62,36,23086,55.1922,0.0666,1034,51
rollernet516,10,62,20,17107,29.536,0.0589,831,30
rollernet764,10,62,14,13769,24.0895,0.0433,642,29
rollernet60,10,62,167,45469,188.4657,0.0543,1941,154
rollernet577,10,62,18,16181,28.3733,0.0749,907,29
rollernet318,10,62,32,21964,51.47,0.089,1115,51
rollernet79,10,62,127,40235,149.2176,0.0487,1567,124
rollernet51,10,62,196,48886,214.771,0.0484,1971,177
rollernet278,10,62,36,23117,57.0056,0.0714,1068,51
rollernet128,10,62,78,32481,100.4336,0.0339,1060,86
rollernet829,10,62,13,12994,19.2907,0.0281,497,28
rollernet57,10,62,176,46560,197.8841,0.0476,1943,166
rollernet538,10,62,19,16758,33.5231,0.0751,914,28
rollernet503,10,62,20,17309,30.4968,0.0574,875,33
rollernet725,10,62,14,14183,25.0258,0.03,563,29
rollernet735,10,62,14,14056,25.123,0.034,580,28
rollernet32,10,62,312,59501,322.8874,0.0316,1613,235
rollernet143,10,62,70,31006,95.1072,0.0398,1124,81
rollernet650,10,62,16,15077,27.2943,0.0393,667,27
rollernet625,10,62,16,15313,25.6287,0.0566,773,28
rollernet608,10,62,17,15659,30.5769,0.0517,736,28
rollernet285,10,62,36,22962,55.8871,0.0742,1088,52
rollernet704,10,62,15,14415,23.0137,0.0484,676,27
rollernet118,10,62,85,33799,113.4246,0.0396,1193,93
rollernet438,10,62,23,18619,39.8686,0.0862,1013,39
rollernet403,10,62,25,19621,40.8241,0.0799,1007,41
rollernet574,10,62,18,16203,32.2902,0.0756,906,28
rollernet398,10,62,26,19700,44.9384,0.0904,1084,45
rollernet521,10,62,20,17016,32.0508,0.0723,905,31
rollernet101,10,62,99,36178,127.6655,0.0446,1353,111
rollernet131,10,62,77,32336,103.7393,0.0445,1213,89
rollernet473,10,62,22,17900,34.8802,0.068,905,37
rollernet809,10,62,13,13278,22.852,0.0229,486,28
rollernet683,10,62,15,14772,26.4008,0.059,755,29
rollernet261,10,62,39,24046,57.6469,0.0555,1016,58
rollernet719,10,62,14,14255,26.0607,0.0332,588,27
rollernet446,10,62,23,18503,39.3006,0.0816,1038,39
rollernet612,10,62,17,15605,26.7124,0.0545,760,28
rollernet950,10,62,11,12175,18.8709,0.0086,287,26
rollernet362,10,62,28,20580,45.153,0.0877,1048,41
rollernet197,10,62,51,27049,73.0142,0.0488,1071,63
rollernet239,10,62,42,24820,63.5347,0.0556,1057,61
rollernet914,10,62,11,12199,18.2154,0.0083,269,27
rollernet467,10,62,22,18130,34.97,0.0745,916,39
rollernet926,10,62,11,12132,18.3131,0.009,290,28
rollernet504,10,62,20,17291,33.2422,0.0601,874,33
rollernet254,10,62,40,24032,58.185,0.0664,1104,58
rollernet970,10,62,11,12089,18.8826,0.0061,244,28
rollernet87,10,62,115,38654,138.9254,0.0532,1572,123
rollernet39,10,62,256,54937,273.986,0.0407,1849,215
rollernet179,10,62,56,27990,78.8534,0.0403,1057,73
rollernet1001,10,62,10,11721,16.5437,0.0028,152,22
rollernet567,10,62,18,16314,28.0271,0.0766,910,29
rollernet311,10,62,33,21879,50.4457,0.0674,1009,49
rollernet83,10,62,121,39325,143.3173,0.05,1535,121
rollernet219,10,62,46,25792,63.7242,0.0548,1077,63
rollernet630,10,62,16,15295,28.547,0.051,745,26
rollernet461,10,62,22,18143,35.701,0.0787,962,41
rollernet739,10,62,14,14064,23.0065,0.0346,594,28
rollernet959,10,62,11,12201,17.8812,0.0084,284,27
rollernet787,10,62,13,13636,22.7006,0.0386,592,29
rollernet685,10,62,15,14745,24.8713,0.0607,773,28
rollernet463,10,62,22,18158,37.4497,0.0767,956,39
rollernet37,10,62,270,56106,288.5316,0.0352,1790,212
rollernet19,10,62,526,71645,481.4652,0.011,668,164
rollernet73,10,62,137,41621,161.5256,0.0559,1703,136
rollernet146,10,62,69,30672,91.188,0.0352,1049,76
rollernet656,10,62,16,15010,25.5715,0.036,626,28
rollernet165,10,62,61,29086,83.5442,0.0427,1088,73
rollernet793,10,62,13,13596,22.7157,0.0364,583,30
rollernet236,10,62,43,25126,63.0722,0.0574,1068,61
rollernet698,10,62,15,14539,26.16,0.0495,701,28
rollernet313,10,62,32,21927,51.6299,0.0793,1047,48
rollernet734,10,62,14,14053,22.904,0.0327,570,28
rollernet162,10,62,62,29383,86.8927,0.0385,1056,77
rollernet899,10,62,12,12438,18.6399,0.0103,329,27
rollernet966,10,62,11,12129,17.6827,0.0072,263,26
rollernet687,10,62,15,14702,25.5761,0.0606,772,30
rollernet583,10,62,18,16097,29.7387,0.0726,876,29
rollernet814,10,62,13,13247,21.1391,0.024,483,27
rollernet867,10,62,12,12988,21.3086,0.0342,536,28
rollernet876,10,62,12,12877,22.3956,0.0253,474,27
rollernet835,10,62,12,13009,19.2449,0.0291,506,27
rollernet637,10,62,16,15269,28.3953,0.0576,781,27
rollernet496,10,62,21,17537,35.4603,0.0694,927,36
rollernet564,10,62,18,16349,29.3781,0.0783,897,29
rollernet781,10,62,13,13681,23.6873,0.0373,596,28
rollernet648,10,62,16,15059,27.5682,0.0387,674,26
rollernet316,10,62,32,21937,49.6356,0.0831,1080,50
rollernet97,10,62,103,36722,130.0247,0.0493,1415,108
rollernet218,10,62,46,25867,68.3739,0.0547,1088,64
rollernet148,10,62,68,30754,89.6367,0.0436,1161,81
rollernet726,10,62,14,14181,26.5175,0.0298,559,29
rollernet949,10,62,11,12179,17.5952,0.0087,287,26
rollernet751,10,62,14,13925,23.0101,0.0396,633,29
rollernet363,10,62,28,20583,48.7012,0.0912,1064,42
rollernet607,10,62,17,15690,30.4624,0.0474,731,27
rollernet193,10,62,52,27222,71.3854,0.0489,1065,67
rollernet47,10,62,213,50694,234.6254,0.0434,1894,186
rollernet540,10,62,19,16767,34.49,0.0701,888,28
rollernet40,10,62,250,54263,267.3077,0.0436,1939,211
rollernet873,10,62,12,12939,20.9782,0.0313,519,28
rollernet302,10,62,34,22362,54.2849,0.0796,1081,51
rollernet817,10,62,13,13173,19.4311,0.0235,480,28
rollernet684,10,62,15,14751,27.037,0.0583,755,30
rollernet617,10,62,17,15537,31.0719,0.0556,765,29
rollernet109,10,62,92,34920,115.3622,0.0411,1281,98
rollernet539,10,62,19,16771,36.1419,0.0696,883,29
rollernet938,10,62,11,12143,18.7173,0.0084,290,26
rollernet800,10,62,13,13454,21.0933,0.0308,544,28
rollernet262,10,62,39,23990,59.8598,0.0667,1105,58
rollernet992,10,62,11,11925,17.4153,0.0035,190,24
rollernet615,10,62,17,15572,26.7223,0.0565,774,26
rollernet969,10,62,11,12103,18.3356,0.0061,243,27
rollernet439,10,62,23,18623,38.3091,0.0861,1015,37
rollernet113,10,62,89,34393,110.839,0.0396,1242,98
rollernet44,10,62,227,52160,259.2195,0.0471,1983,207
rollernet322,10,62,31,21694,50.5942,0.0835,1097,47
rollernet141,10,62,71,31141,92.2899,0.0424,1114,77
rollernet991,10,62,11,11957,17.8,0.0036,195,24
rollernet86,10,62,117,38726,144.3998,0.0467,1482,118
rollernet478,10,62,21,17813,36.1891,0.0609,871,36
rollernet729,10,62,14,14130,24.7261,0.0291,549,25
rollernet63,10,62,159,44576,186.3997,0.0477,1834,157
rollernet402,10,62,25,19621,43.3087,0.0843,1011,40
rollernet178,10,62,57,28099,80.1675,0.046,1057,69
rollernet399,10,62,26,19671,43.721,0.0879,1062,43
rollernet887,10,62,12,12700,18.9504,0.0191,430,29
rollernet400,10,62,25,19641,42.2206,0.0872,1044,43
rollernet194,10,62,52,27224,76.6936,0.0467,1026,64
rollernet495,10,62,21,17593,35.3882,0.0721,938,38
rollernet610,10,62,17,15622,29.2068,0.0582,773,29
rollernet64,10,62,156,44184,185.4986,0.054,1886,157
rollernet716,10,62,14,14243,24.3819,0.0344,594,27
rollernet132,10,62,76,32066,100.1768,0.0316,1035,81
rollernet553,10,62,19,16564,34.4449,0.0715,892,28
rollernet25,10,62,400,65088,396.5176,0.015,939,183
rollernet442,10,62,23,18626,38.2207,0.0944,1069,41
rollernet450,10,62,23,18431,40.2317,0.0781,1004,38
rollernet176,10,62,57,28378,79.7645,0.043,1005,70
rollernet592,10,62,17,15992,30.2484,0.0554,786,29
rollernet639,10,62,16,15289,28.6199,0.0554,771,26
rollernet746,10,62,14,13964,22.8135,0.0386,621,28
rollernet370,10,62,27,20344,44.1376,0.1017,1121,42
rollernet930,10,62,11,12149,18.1491,0.0091,292,27
rollernet565,10,62,18,16344,29.2264,0.083,915,30
rollernet314,10,62,32,21959,50.0578,0.0864,1089,50
rollernet543,10,62,19,16836,33.8579,0.0645,862,28
rollernet603,10,62,17,15738,28.9682,0.0537,771,27
rollernet942,10,62,11,12173,17.7232,0.0096,301,27
rollernet462,10,62,22,18145,38.5206,0.0776,957,41
rollernet920,10,62,11,12150,17.4377,0.0085,282,28
rollernet780,10,62,13,13683,22.5072,0.0359,593,26
rollernet76,10,62,132,40955,157.8435,0.0476,1641,136
rollernet71,10,62,141,42277,162.5265,0.0564,1769,133
rollernet824,10,62,13,13058,22.394,0.0255,490,28
rollernet72,10,62,139,41989,163.5682,0.0505,1723,142
rollernet397,10,62,26,19769,41.429,0.098,1127,45
rollernet946,10,62,11,12158,17.7944,0.009,289,27
rollernet961,10,62,11,12189,19.0974,0.0082,281,27
rollernet42,10,62,238,53229,261.8998,0.0453,2006,216
rollernet440,10,62,23,18633,40.0952,0.0849,1023,42
rollernet233,10,62,43,25163,63.0609,0.0616,1088,59
rollernet22,10,62,454,68076,431.3392,0.0147,872,183
rollernet849,10,62,12,13052,23.0361,0.0332,542,29
rollernet597,10,62,17,15867,28.7319,0.0555,773,27
rollernet842,10,62,12,13052,21.2289,0.0326,530,28
rollernet533,10,62,19,16794,32.5584,0.0912,967,29
rollernet522,10,62,20,16978,32.9697,0.0721,904,30
rollernet34,10,62,294,58015,308.482,0.0333,1753,220
rollernet474,10,62,22,17846,36.7452,0.067,892,37
rollernet216,10,62,47,25903,69.4917,0.0488,1043,64
rollernet52,10,62,192,48449,219.9367,0.0454,1957,173
rollernet882,10,62,12,12793,20.3211,0.0223,457,28
rollernet688,10,62,15,14700,25.9482,0.0623,778,29
rollernet957,10,62,11,12205,18.6277,0.0085,284,27
rollernet757,10,62,14,13875,23.2821,0.0407,643,29
rollernet910,10,62,11,12248,19.2774,0.0085,279,27
rollernet361,10,62,28,20570,44.6081,0.0834,1015,43
rollernet588,10,62,17,15976,29.5443,0.0554,778,29
rollernet542,10,62,19,16818,33.4216,0.0734,897,29
rollernet509,10,62,20,17172,32.4534,0.0679,883,31
rollernet668,10,62,15,14775,27.1816,0.0442,669,27
rollernet468,10,62,22,18106,35.9794,0.0713,914,39
rollernet790,10,62,13,13623,21.9057,0.0354,581,29
rollernet919,10,62,11,12140,18.9278,0.0076,270,26
rollernet918,10,62,11,12149,20.3509,0.0076,267,26
rollernet85,10,62,118,38904,144.6291,0.0449,1502,117
rollernet933,10,62,11,12126,19.5468,0.0083,285,27
rollernet277,10,62,37,23124,54.5201,0.0623,1025,51
rollernet351,10,62,29,20738,45.3525,0.0812,1030,42
rollernet830,10,62,13,12964,20.826,0.0275,491,27
rollernet348,10,62,29,20923,46.5057,0.082,1052,43
rollernet587,10,62,17,15959,29.998,0.0565,795,27
rollernet693,10,62,15,14596,26.6599,0.0522,730,30
rollernet364,10,62,28,20583,45.2469,0.0948,1090,41
rollernet469,10,62,22,18075,37.3133,0.0737,932,40
rollernet43,10,62,233,52721,254.3176,0.0446,2013,200
rollernet188,10,62,54,27480,74.4601,0.0445,1062,68
rollernet436,10,62,23,18635,39.5012,0.0745,946,38
rollernet816,10,62,13,13202,22.2848,0.0225,474,27
rollernet378,10,62,27,20105,43.7656,0.0579,947,45
rollernet528,10,62,19,16860,33.6729,0.0879,944,29
rollernet385,10,62,26,19777,44.9595,0.0752,992,44
rollernet203,10,62,50,26690,73.0729,0.0453,1081,64
rollernet286,10,62,35,22903,55.829,0.077,1065,53
rollernet526,10,62,19,16860,32.4463,0.0727,908,29
rollernet749,10,62,14,13918,23.3592,0.0359,613,28
rollernet281,10,62,36,23123,56.2927,0.0642,1025,53
rollernet786,10,62,13,13658,23.2072,0.0386,595,29
rollernet274,10,62,37,23276,57.3098,0.049,966,57
rollernet298,10,62,34,22647,53.5932,0.0901,1158,56
rollernet601,10,62,17,15789,31.1618,0.0552,766,25
rollernet68,10,62,147,42866,171.7298,0.0472,1733,147
rollernet633,10,62,16,15275,28.166,0.0539,760,27
rollernet354,10,62,29,20696,45.8675,0.0793,1033,44
rollernet771,10,62,13,13688,22.1806,0.0363,601,28
rollernet810,10,62,13,13255,20.8208,0.0225,482,29
rollernet252,10,62,40,24140,59.5536,0.068,1076,55
rollernet593,10,62,17,15949,30.7281,0.0567,781,29
rollernet802,10,62,13,13395,21.8459,0.0284,523,28
rollernet600,10,62,17,15808,29.3774,0.0525,754,26
rollernet16,10,62,624,76000,548.4306,0.0092,560,146
rollernet917,10,62,11,12158,19.2727,0.0075,264,25
rollernet62,10,62,161,44881,184.5615,0.0521,1884,150
rollernet195,10,62,52,27109,74.9698,0.049,1095,68
rollernet513,10,62,20,17121,32.3977,0.0676,865,31
rollernet861,10,62,12,13041,21.9091,0.0327,540,28
rollernet184,10,62,55,27895,78.5946,0.0504,1119,70
rollernet257,10,62,39,24022,59.0466,0.0585,1046,61
rollernet541,10,62,19,16804,33.0528,0.0739,885,28
rollernet998,10,62,10,11745,16.1854,0.0029,156,22
rollernet980,10,62,11,12025,18.8316,0.0052,227,27
rollernet106,10,62,95,35221,116.329,0.0459,1331,105
rollernet763,10,62,14,13791,23.4569,0.0433,634,29
rollernet759,10,62,14,13847,22.2062,0.04,635,28
rollernet210,10,62,48,26421,70.7357,0.0583,1160,65
rollernet166,10,62,61,29143,82.8513,0.0397,1047,72
rollernet665,10,62,16,14836,24.9362,0.0432,662,28
rollernet506,10,62,20,17232,34.5331,0.0652,909,32
rollernet674,10,62,15,14763,26.9006,0.049,690,29
rollernet137,10,62,73,31487,95.0845,0.0358,1056,78
rollernet700,10,62,15,14483,24.4527,0.0477,686,28
rollernet740,10,62,14,14063,24.0333,0.0374,603,28
rollernet480,10,62,21,17833,34.7367,0.0698,912,38
rollernet123,10,62,82,33224,106.5718,0.0393,1147,90
rollernet369,10,62,28,20355,45.7077,0.0964,1107,43
rollernet982,10,62,11,12032,19.1352,0.0049,223,27
rollernet358,10,62,28,20552,46.3948,0.0721,962,42
rollernet733,10,62,14,14079,23.2973,0.0321,570,27
rollernet723,10,62,14,14225,24.0163,0.0334,587,29
rollernet65,10,62,154,43913,177.438,0.0482,1798,147
rollernet255,10,62,40,24035,60.2089,0.0674,1118,58
rollernet999,10,62,10,11742,17.7629,0.003,154,22
rollernet125,10,62,80,32767,106.0236,0.0398,1153,89
rollernet48,10,62,208,50227,233.8451,0.0402,1910,185
rollernet664,10,62,16,14873,25.392,0.0407,656,28
rollernet317,10,62,32,21956,51.2539,0.085,1069,51
rollernet295,10,62,34,22774,54.7599,0.0936,1161,52
rollernet562,10,62,18,16364,31.3584,0.0666,852,30
rollernet964,10,62,11,12148,19.8539,0.0077,273,28
rollernet934,10,62,11,12130,18.1909,0.008,282,27
rollernet732,10,62,14,14089,24.2348,0.0331,579,26
rollernet801,10,62,13,13423,21.183,0.0291,527,28
rollernet221,10,62,46,25653,65.671,0.0492,1026,61
rollernet95,10,62,106,36935,128.0284,0.049,1413,112
rollernet864,10,62,12,13027,22.5642,0.0334,543,28
rollernet631,10,62,16,15290,26.0792,0.0543,760,26
rollernet350,10,62,29,20817,46.3255,0.0898,1093,43
rollernet613,10,62,17,15585,28.7949,0.0558,778,28
rollernet272,10,62,37,23384,55.3492,0.0559,1014,53
rollernet859,10,62,12,13046,20.757,0.0322,538,28
rollernet38,10,62,263,55458,284.6856,0.0358,1762,211
rollernet452,10,62,23,18390,38.343,0.0764,979,39
rollernet186,10,62,54,27724,76.7116,0.0434,1066,73
rollernet894,10,62,12,12517,20.1039,0.0121,355,26
rollernet738,10,62,14,14079,23.549,0.0346,581,28
rollernet431,10,62,24,18768,38.8962,0.0589,878,39
rollernet989,10,62,11,11973,17.2237,0.0033,190,23
rollernet134,10,62,75,31961,99.1758,0.0375,1110,82
rollernet1002,10,62,10,11717,17.7346,0.0028,152,22
rollernet557,10,62,18,16446,30.7023,0.0639,863,29
rollernet636,10,62,16,15273,26.7649,0.0586,779,27
rollernet45,10,62,222,51683,244.4522,0.0445,2015,198
rollernet265,10,62,38,23768,58.9837,0.0824,1138,56
rollernet80,10,62,125,40042,148.5227,0.0498,1621,123
rollernet929,10,62,11,12146,17.9223,0.0088,287,27
rollernet98,10,62,102,36631,124.6574,0.0437,1354,108
rollernet389,10,62,26,19761,43.4047,0.0717,973,43
rollernet820,10,62,13,13127,21.2316,0.0235,483,28
rollernet756,10,62,14,13877,23.399,0.0408,628,29
rollernet519,10,62,20,17070,33.1608,0.0678,887,30
rollernet395,10,62,26,19792,42.053,0.0884,1068,45
rollernet573,10,62,18,16182,29.3693,0.0737,892,28
rollernet102,10,62,98,35945,122.6667,0.0423,1319,105
rollernet328,10,62,31,21449,49.2394,0.0704,1025,44
rollernet393,10,62,26,19777,42.9099,0.0736,1003,43
rollernet315,10,62,32,21949,51.8352,0.0829,1083,51
rollernet310,10,62,33,21951,51.28,0.0516,946,48
rollernet891,10,62,12,12571,19.3115,0.0145,382,27
rollernet200,10,62,50,26873,73.8338,0.043,1039,67
rollernet702,10,62,15,14434,23.7081,0.0469,678,27
rollernet92,10,62,109,37616,135.1049,0.0478,1456,115
rollernet237,10,62,43,25097,64.2958,0.0655,1141,64
rollernet215,10,62,47,26024,71.062,0.0454,1020,63
rollernet535,10,62,19,16754,33.4275,0.0822,922,28
rollernet777,10,62,13,13675,23.0598,0.0348,589,27
rollernet900,10,62,12,12410,19.1833,0.0098,321,28
rollernet36,10,62,278,56780,301.4856,0.0346,1740,216
rollernet343,10,62,30,21209,47.6835,0.0793,1043,43
rollernet349,10,62,29,20889,46.8926,0.088,1070,43
rollernet753,10,62,14,13918,23.1192,0.0402,634,28
rollernet227,10,62,44,25567,66.4436,0.0537,1086,63
rollernet853,10,62,12,13070,21.9444,0.034,555,29
rollernet902,10,62,12,12358,18.4419,0.0087,302,27
rollernet154,10,62,65,30061,87.989,0.0393,1088,74
rollernet736,10,62,14,14075,24.575,0.034,581,29
rollernet205,10,62,49,26635,71.6792,0.0583,1148,63
rollernet459,10,62,22,18155,38.4198,0.0795,989,39
rollernet568,10,62,18,16284,33.8214,0.0693,884,30
rollernet939,10,62,11,12150,18.9991,0.0086,291,26
rollernet770,10,62,13,13689,23.0489,0.0368,600,28
rollernet56,10,62,179,46991,200.9594,0.0497,1955,164
rollernet61,10,62,164,45174,186.9312,0.0451,1790,152
rollernet886,10,62,12,12730,21.1445,0.0205,441,28
rollernet374,10,62,27,20192,45.7431,0.0769,1019,43
rollernet821,10,62,13,13110,20.4646,0.0248,489,28
rollernet908,10,62,11,12239,19.863,0.0077,270,27
rollernet15,10,62,666,77989,582.5468,0.0104,654,157
rollernet681,10,62,15,14788,27.5484,0.0563,748,29
rollernet898,10,62,12,12453,18.4229,0.0106,332,27
rollernet181,10,62,56,28108,78.206,0.04,1074,71
rollernet121,10,62,83,33471,110.1388,0.0376,1168,90
rollernet706,10,62,15,14420,23.72,0.0546,706,27
rollernet7,10,62,1426,107008,1111.7965,0.1761,4267,665
rollernet862,10,62,12,13040,22.738,0.0332,542,29
rollernet566,10,62,18,16324,29.1211,0.0821,918,29
rollernet139,10,62,72,31342,97.3597,0.0341,1044,84
rollernet29,10,62,345,61801,359.4576,0.0238,1355,207
rollernet691,10,62,15,14648,25.2527,0.0592,763,29
rollernet848,10,62,12,13050,20.8534,0.0335,539,29
rollernet292,10,62,35,22766,54.7954,0.0955,1173,54
rollernet546,10,62,19,16827,31.1611,0.0663,860,29
rollernet879,10,62,12,12817,22.1889,0.0225,458,27
rollernet159,10,62,63,29563,87.8651,0.0347,985,72
rollernet741,10,62,14,14041,22.332,0.0373,611,28
rollernet9,10,62,1109,95275,893.3963,0.0715,2213,409
rollernet208,10,62,48,26516,73.9609,0.0514,1062,61
rollernet333,10,62,30,21317,49.9291,0.0662,978,44
rollernet201,10,62,50,26774,73.0835,0.0385,1009,63
rollernet928,10,62,11,12136,18.0603,0.0088,286,27
rollernet978,10,62,11,12048,16.7352,0.0054,231,28
rollernet788,10,62,13,13622,21.9434,0.0366,582,28
rollernet502,10,62,20,17332,34.407,0.0614,892,34
rollernet27,10,62,370,63454,374.9013,0.0224,1216,214
rollernet903,10,62,12,12332,20.9635,0.0094,301,27
rollernet279,10,62,36,23157,57.1392,0.0695,1066,53
rollernet331,10,62,31,21398,47.3916,0.0803,1052,43
rollernet505,10,62,20,17263,32.9443,0.0619,900,33
rollernet168,10,62,60,28952,82.9169,0.0409,1069,73
rollernet334,10,62,30,21303,48.486,0.0649,982,44
rollernet256,10,62,39,24036,59.0639,0.0602,1061,59
rollernet337,10,62,30,21129,49.7937,0.0708,1015,44
rollernet242,10,62,42,24752,64.0241,0.0507,1018,61
rollernet253,10,62,40,24114,59.4103,0.0719,1113,58
rollernet470,10,62,22,18075,37.123,0.0739,918,39
rollernet831,10,62,13,12954,20.2603,0.0277,488,28
rollernet367,10,62,28,20379,45.1049,0.0839,1051,42
rollernet226,10,62,45,25682,69.2674,0.0571,1087,65
rollernet854,10,62,12,13055,20.7191,0.0335,551,29
rollernet686,10,62,15,14735,26.8223,0.0607,772,30
rollernet112,10,62,90,34425,114.9591,0.0379,1171,94
rollernet737,10,62,14,14076,24.628,0.0334,582,28
rollernet951,10,62,11,12185,17.8098,0.0084,283,26
rollernet731,10,62,14,14091,26.5152,0.0288,552,27
rollernet228,10,62,44,25472,66.0098,0.0531,1076,62
rollernet3,10,62,3326,173933,2860.5375,4.2162,31776,3194
rollernet127,10,62,79,32634,104.9998,0.0398,1154,81
rollernet31,10,62,322,60163,343.3449,0.0284,1516,220
rollernet180,10,62,56,28075,78.773,0.0404,1092,70
rollernet246,10,62,41,24623,62.9802,0.0656,1129,61
rollernet153,10,62,66,30020,93.4372,0.0399,1061,71
rollernet925,10,62,11,12138,18.0176,0.0087,286,28
rollernet280,10,62,36,23143,56.2918,0.0697,1032,52
rollernet578,10,62,18,16177,33.259,0.0779,896,29
rollernet487,10,62,21,17713,37.1764,0.0818,965,36
rollernet212,10,62,48,26095,69.754,0.0556,1119,64
rollernet979,10,62,11,12044,18.1853,0.0052,229,28
rollernet230,10,62,44,25217,64.2566,0.0628,1102,58
rollernet604,10,62,17,15726,30.7659,0.0508,747,27
rollernet851,10,62,12,13069,21.099,0.0347,553,29
rollernet968,10,62,11,12122,19.1229,0.0068,254,26
rollernet207,10,62,49,26480,70.044,0.052,1083,66
rollernet443,10,62,23,18640,39.1043,0.0929,1064,40
rollernet524,10,62,20,16900,33.072,0.0755,905,29
rollernet515,10,62,20,17101,33.1508,0.0613,843,30
rollernet872,10,62,12,12942,21.2462,0.0303,514,28
rollernet145,10,62,69,30949,93.3944,0.0346,1061,79
rollernet324,10,62,31,21497,49.5662,0.0759,1055,46
rollernet981,10,62,11,12020,17.573,0.0051,221,27
rollernet451,10,62,23,18435,37.2141,0.0787,994,38
rollernet355,10,62,29,20674,47.5551,0.0845,1013,46
rollernet962,10,62,11,12179,17.7081,0.0082,280,27
rollernet936,10,62,11,12137,18.0905,0.008,282,27
rollernet718,10,62,14,14243,24.043,0.0321,583,26
rollernet413,10,62,25,19222,40.7186,0.0939,1052,41
rollernet382,10,62,27,19921,43.7321,0.0698,986,42
rollernet171,10,62,59,28773,82.0718,0.0289,947,74
rollernet760,10,62,14,13831,23.2059,0.0413,637,28
rollernet896,10,62,12,12490,18.8801,0.0113,345,27
rollernet618,10,62,17,15504,28.2414,0.0541,770,29
rollernet288,10,62,35,22934,56.9438,0.0731,1055,53
rollernet646,10,62,16,15102,28.6958,0.0432,707,25
rollernet590,10,62,17,16010,29.4348,0.0532,770,28
rollernet840,10,62,12,13045,20.7759,0.0298,512,26
rollernet705,10,62,15,14423,25.6546,0.05,690,26
rollernet537,10,62,19,16752,32.9938,0.0673,870,27
rollernet507,10,62,20,17195,34.3603,0.0665,890,33
rollernet91,10,62,110,37822,137.1099,0.0512,1427,117
rollernet826,10,62,13,13062,20.9552,0.0283,503,28
rollernet434,10,62,23,18628,38.813,0.0732,938,39
rollernet206,10,62,49,26598,71.5478,0.0546,1097,62
rollernet931,10,62,11,12136,18.536,0.0088,287,27
rollernet224,10,62,45,25439,67.5874,0.0531,1043,62
rollernet309,10,62,33,21963,54.3865,0.0521,941,51
rollernet258,10,62,39,24076,60.0003,0.0562,1033,56
rollernet940,10,62,11,12164,18.6466,0.0088,291,27
rollernet680,10,62,15,14781,27.2829,0.0559,731,28
rollernet865,10,62,12,13028,21.8548,0.0331,542,28
rollernet232,10,62,44,25116,63.5768,0.0661,1116,60
rollernet136,10,62,74,31642,98.116,0.0408,1106,83
rollernet163,10,62,62,29314,86.1691,0.0368,1082,76
rollernet812,10,62,13,13241,21.1348,0.0224,477,28
rollernet373,10,62,27,20266,47.0364,0.0879,1071,45
rollernet511,10,62,20,17154,34.1872,0.0656,860,32
rollernet167,10,62,60,29141,82.7411,0.0443,1089,73
rollernet510,10,62,20,17156,34.6853,0.0682,884,33
rollernet332,10,62,31,21353,48.5526,0.0642,967,42
rollernet291,10,62,35,22875,54.9718,0.0873,1140,54
rollernet150,10,62,67,30202,91.8097,0.0365,1062,77
rollernet276,10,62,37,23160,56.0967,0.0579,988,53
rollernet912,10,62,11,12215,18.831,0.0086,277,27