File,Gamma,V,T,E,TG_edges,Tnb_gmLS,G_edges,nb_gmLS
130,2,62,77,32414,99.5224,1.6716,16823,1011
131,2,62,77,32336,98.9843,1.7201,16939,998
133,2,62,76,31966,96.7556,1.6319,16556,987
135,2,62,74,31989,97.4457,1.7373,16809,972
138,2,62,73,31546,95.7182,1.7444,16569,952
140,2,62,72,31337,95.5325,1.6849,16383,944
141,2,62,71,31141,94.1649,1.6567,16179,931
142,2,62,71,31192,92.784,1.6684,16254,928
143,2,62,70,31006,93.6085,1.6689,16128,912
144,2,62,70,30971,91.2952,1.712,16177,923
146,2,62,69,30672,91.2956,1.7019,16049,905
147,2,62,68,30556,88.9491,1.688,15901,898
148,2,62,68,30754,93.6421,1.7747,16243,898
149,2,62,67,30552,90.5108,1.7355,16116,884
151,2,62,67,30323,87.9018,1.6873,15927,868
152,2,62,66,30283,89.113,1.734,15942,865
155,2,62,65,30051,86.5726,1.764,15863,852
156,2,62,64,29913,86.9783,1.7549,15737,841
157,2,62,64,29868,84.8118,1.7742,15756,843
158,2,62,64,29694,84.5135,1.7629,15686,839
160,2,62,63,29712,85.8419,1.8041,15752,829
161,2,62,62,29552,83.7959,1.8167,15662,817
162,2,62,62,29383,82.5681,1.7475,15458,821
164,2,62,61,29193,81.6736,1.7201,15359,811
165,2,62,61,29086,82.4944,1.7568,15346,812
169,2,62,60,28702,79.259,1.734,15126,786
170,2,62,59,28723,81.3695,1.7832,15216,791
172,2,62,59,28738,80.4572,1.849,15379,776
173,2,62,58,28690,80.9057,1.9198,15390,774
174,2,62,58,28641,80.044,1.8775,15353,766
175,2,62,58,28518,78.442,1.8535,15265,758
176,2,62,57,28378,79.4334,1.7992,15141,754
177,2,62,57,28233,77.2541,1.8053,15046,752
178,2,62,57,28099,75.9291,1.7545,14896,758
179,2,62,56,27990,75.8452,1.7515,14855,750
182,2,62,55,28228,79.1478,2.0137,15376,735
183,2,62,55,28112,77.6919,2.0239,15297,732
185,2,62,54,27655,74.001,1.8748,14744,717
187,2,62,54,27523,73.6063,1.8535,14710,721
188,2,62,54,27480,73.499,1.889,14700,715
189,2,62,53,27466,76.2241,1.9485,14796,709
190,2,62,53,27471,75.5001,1.9832,14869,705
191,2,62,53,27463,74.2067,2.0216,14947,704
192,2,62,52,27338,75.7752,1.9921,14796,693
193,2,62,52,27222,72.524,1.9133,14670,695
194,2,62,52,27224,73.5917,1.9559,14712,699
196,2,62,51,27006,71.6545,1.9382,14557,686
197,2,62,51,27049,71.7254,1.9702,14663,677
198,2,62,51,27031,72.1176,2.0035,14705,689
199,2,62,51,27008,72.3147,2.0435,14826,681
202,2,62,50,26803,70.693,2.0854,14686,664
203,2,62,50,26690,70.006,2.0418,14568,669
204,2,62,49,26619,70.6946,2.0295,14549,663
209,2,62,48,26499,70.2657,2.2104,14724,646
211,2,62,48,26261,69.0886,2.1171,14476,651
213,2,62,47,26087,69.0919,2.1183,14302,639
214,2,62,47,26063,67.9816,2.0893,14314,634
216,2,62,47,25903,66.6978,2.1011,14259,629
217,2,62,46,25899,67.4321,2.2007,14374,619
218,2,62,46,25867,68.5493,2.2481,14341,624
219,2,62,46,25792,66.8919,2.1492,14221,621
220,2,62,46,25760,68.3422,2.1096,14253,617
222,2,62,45,25519,64.6288,2.1283,14057,611
223,2,62,45,25424,66.9185,2.2016,14019,614
225,2,62,45,25572,66.0841,2.2749,14300,614
229,2,62,44,25350,65.0774,2.3423,14208,595
231,2,62,44,25100,63.7576,2.2253,13951,584
233,2,62,43,25163,64.0806,2.3161,14110,583
234,2,62,43,25027,64.2828,2.2855,13944,583
235,2,62,43,25052,63.9136,2.3169,14031,579
236,2,62,43,25126,64.3963,2.4211,14232,582
238,2,62,42,24953,65.9321,2.4337,14142,569
239,2,62,42,24820,62.9185,2.3336,13925,567
240,2,62,42,24752,62.4433,2.3163,13821,566
241,2,62,42,24694,62.0722,2.3056,13803,564
243,2,62,42,24717,64.7622,2.4631,14064,567
244,2,62,41,24663,62.6769,2.4642,14050,560
245,2,62,41,24599,62.4669,2.4615,14022,556
247,2,62,41,24538,61.9566,2.508,13959,560
248,2,62,41,24469,62.501,2.5259,13938,554
249,2,62,41,24261,60.0165,2.4144,13724,544
250,2,62,40,24157,58.7965,2.3757,13605,541
251,2,62,40,24224,60.3356,2.4241,13745,539
252,2,62,40,24140,59.7733,2.412,13656,538
254,2,62,40,24032,59.4778,2.4192,13558,540
259,2,62,39,24084,60.9477,2.6839,13893,529
260,2,62,39,24154,60.9199,2.8152,14033,528
261,2,62,39,24046,61.1298,2.7693,13958,532
262,2,62,39,23990,60.1827,2.7771,13900,523
263,2,62,38,23942,59.6587,2.7906,13904,517
264,2,62,38,23917,60.1026,2.7305,13872,520
266,2,62,38,23762,59.0427,2.6606,13743,519
267,2,62,38,23646,58.2485,2.6333,13655,516
268,2,62,38,23583,58.174,2.653,13613,512
269,2,62,38,23536,58.9207,2.6875,13594,511
270,2,62,37,23482,58.6761,2.7141,13576,502
271,2,62,37,23476,57.7383,2.6863,13566,503
273,2,62,37,23343,58.0193,2.6704,13339,503
274,2,62,37,23276,56.311,2.5706,13275,499
275,2,62,37,23231,56.5166,2.5854,13276,500
277,2,62,37,23124,55.7498,2.6276,13267,497
278,2,62,36,23117,54.9557,2.6717,13303,490
281,2,62,36,23123,56.8103,2.7389,13472,489
282,2,62,36,23086,57.5617,2.751,13440,484
283,2,62,36,23119,57.1975,2.8301,13520,489
284,2,62,36,23072,56.6157,2.8547,13521,486
285,2,62,36,22962,56.1467,2.8547,13449,483
286,2,62,35,22903,56.3108,2.8724,13438,473
287,2,62,35,22906,55.6434,2.9282,13450,480
289,2,62,35,22945,56.7815,3.0531,13615,478
290,2,62,35,22925,55.6517,3.0443,13615,481
293,2,62,35,22711,56.23,2.9901,13439,470
294,2,62,34,22727,55.0852,3.0655,13500,470
296,2,62,34,22767,55.8777,3.1462,13580,467
297,2,62,34,22677,55.6933,3.1276,13538,469
298,2,62,34,22647,56.4096,3.1438,13515,468
299,2,62,34,22588,55.8025,3.1031,13468,469
300,2,62,34,22484,54.5307,3.0415,13346,466
301,2,62,34,22452,55.0484,3.1024,13355,462
302,2,62,34,22362,53.8135,3.0493,13265,454
303,2,62,33,22321,54.2986,3.0126,13225,453
304,2,62,33,22237,52.8018,2.9757,13134,450
305,2,62,33,22131,52.5021,2.8769,12985,452
306,2,62,33,22052,52.2896,2.8276,12876,454
307,2,62,33,22034,51.5762,2.8077,12882,451
308,2,62,33,21988,51.5621,2.7884,12848,450
311,2,62,33,21879,51.0468,2.9095,12898,448
312,2,62,32,21870,51.1048,2.9634,12938,443
313,2,62,32,21927,52.0333,3.0574,13061,439
314,2,62,32,21959,52.8071,3.1616,13152,439
316,2,62,32,21937,52.6852,3.2165,13162,444
318,2,62,32,21964,53.4674,3.2875,13242,441
319,2,62,32,21986,53.2232,3.3111,13287,439
320,2,62,32,21948,53.3605,3.3572,13292,436
321,2,62,32,21819,52.4503,3.339,13188,432
322,2,62,31,21694,52.1354,3.282,13091,424
323,2,62,31,21611,50.5504,3.2209,12992,422
325,2,62,31,21480,51.8069,3.1729,12808,420
326,2,62,31,21463,50.9139,3.116,12831,423
327,2,62,31,21441,50.1302,3.1031,12813,420
329,2,62,31,21406,50.068,3.1502,12803,421
330,2,62,31,21388,50.2199,3.125,12784,423
335,2,62,30,21230,49.5006,3.2609,12779,420
336,2,62,30,21185,49.2329,3.2507,12724,415
338,2,62,30,21119,49.0372,3.2427,12704,413
339,2,62,30,21149,49.2724,3.314,12788,418
340,2,62,30,21155,49.7611,3.3121,12808,414
341,2,62,30,21187,50.7528,3.4032,12901,413
342,2,62,30,21210,50.3926,3.4662,12965,415
344,2,62,30,21141,49.4352,3.5269,12957,397
345,2,62,29,21094,49.1614,3.5567,12902,399
346,2,62,29,21024,48.9344,3.4825,12836,398
347,2,62,29,21014,49.2879,3.5257,12887,395
348,2,62,29,20923,49.9136,3.5215,12806,393
351,2,62,29,20738,47.7746,3.4567,12629,395
352,2,62,29,20703,47.4545,3.4125,12606,393
353,2,62,29,20683,47.5778,3.4665,12583,399
354,2,62,29,20696,48.4045,3.4892,12629,393
356,2,62,29,20654,48.266,3.5161,12685,390
357,2,62,28,20564,47.2949,3.4668,12575,385
359,2,62,28,20585,47.4769,3.4973,12611,386
360,2,62,28,20579,47.4823,3.5552,12624,389
361,2,62,28,20570,48.9338,3.5753,12633,390
362,2,62,28,20580,47.6667,3.6253,12673,388
363,2,62,28,20583,48.1238,3.6919,12711,389
364,2,62,28,20583,48.459,3.7639,12745,392
365,2,62,28,20516,48.2701,3.7583,12689,392
366,2,62,28,20460,47.1277,3.6968,12630,391
368,2,62,28,20354,46.8552,3.6683,12538,382
370,2,62,27,20344,47.5623,3.7465,12601,369
371,2,62,27,20310,47.98,3.7306,12571,370
372,2,62,27,20340,47.7566,3.7819,12640,374
375,2,62,27,20157,46.0662,3.5907,12413,372
376,2,62,27,20185,47.3568,3.667,12472,375
377,2,62,27,20117,45.7774,3.6056,12390,373
378,2,62,27,20105,46.189,3.654,12417,370
379,2,62,27,20065,45.7896,3.6345,12365,373
380,2,62,27,20040,45.5876,3.6679,12365,368
381,2,62,27,19975,45.1532,3.6423,12295,370
383,2,62,27,19895,45.0464,3.6665,12253,363
384,2,62,26,19830,44.6908,3.6246,12189,358
385,2,62,26,19777,44.3394,3.5397,12131,364
386,2,62,26,19755,44.6873,3.5521,12134,359
387,2,62,26,19783,45.1186,3.6345,12220,358
388,2,62,26,19786,44.6808,3.6943,12257,358
390,2,62,26,19758,45.2286,3.692,12252,360
391,2,62,26,19752,44.7254,3.728,12248,359
392,2,62,26,19771,44.9612,3.8094,12317,359
394,2,62,26,19762,44.6396,3.8278,12317,361
396,2,62,26,19787,45.5585,3.9327,12414,360
397,2,62,26,19769,45.5167,3.9623,12427,359
398,2,62,26,19700,45.6303,3.9664,12373,352
399,2,62,26,19671,44.7914,3.9894,12360,345
400,2,62,25,19641,44.8786,4.033,12368,347
401,2,62,25,19632,44.8676,4.0734,12394,346
402,2,62,25,19621,44.7089,4.0935,12394,343
403,2,62,25,19621,44.9409,4.081,12391,345
404,2,62,25,19625,45.3411,4.1449,12425,342
405,2,62,25,19567,44.6106,4.1605,12378,342
406,2,62,25,19500,44.6435,4.0766,12295,345
407,2,62,25,19474,43.8759,4.0831,12247,345
408,2,62,25,19397,43.7198,4.0004,12160,346
409,2,62,25,19342,43.1387,3.962,12112,348
410,2,62,25,19312,43.04,3.9814,12104,341
411,2,62,25,19280,42.866,3.9954,12101,344
412,2,62,25,19234,43.4184,4.0048,12079,340
414,2,62,25,19140,42.5113,3.9972,11993,338
415,2,62,25,19106,42.4013,4.0008,11995,339
416,2,62,24,19107,42.7804,4.0733,12047,332
417,2,62,24,19093,42.7422,4.0562,12019,333
418,2,62,24,19139,42.8187,4.0973,12090,333
419,2,62,24,19120,42.664,4.0917,12067,332
420,2,62,24,19106,42.7353,4.0915,12071,332
421,2,62,24,19071,43.3893,4.1088,12049,329
422,2,62,24,19060,42.4813,4.1095,12066,330
423,2,62,24,19026,42.7441,4.0978,12041,329
424,2,62,24,19009,42.4556,4.109,12033,331
425,2,62,24,18996,42.6959,4.0825,12007,331
426,2,62,24,18988,42.416,4.1065,12001,325
427,2,62,24,18943,42.0515,4.0985,11967,327
428,2,62,24,18906,41.8518,4.0938,11938,328
429,2,62,24,18873,41.4343,4.0948,11914,329
430,2,62,24,18813,41.187,4.0586,11838,327
432,2,62,24,18710,40.518,4.0511,11766,328
433,2,62,24,18665,40.848,4.0452,11722,324
435,2,62,23,18636,40.6028,4.1097,11764,322
436,2,62,23,18635,40.7722,4.126,11776,324
437,2,62,23,18631,40.6169,4.1294,11781,322
438,2,62,23,18619,41.0333,4.1327,11803,323
439,2,62,23,18623,41.0433,4.1593,11829,325
440,2,62,23,18633,41.2171,4.1646,11859,325
441,2,62,23,18627,41.09,4.1737,11848,322
442,2,62,23,18626,41.6676,4.2034,11859,322
444,2,62,23,18614,41.401,4.2833,11880,324
445,2,62,23,18551,41.2796,4.218,11812,325
446,2,62,23,18503,40.7643,4.1784,11777,321
447,2,62,23,18467,40.4951,4.1798,11747,320
448,2,62,23,18446,40.3468,4.1975,11729,319
449,2,62,23,18451,41.3217,4.3676,11756,319
450,2,62,23,18431,40.2685,4.2522,11741,319
453,2,62,23,18368,40.5184,4.3851,11755,312
454,2,62,22,18336,40.3877,4.5475,11751,305
455,2,62,22,18340,40.3641,4.4657,11768,305
456,2,62,22,18292,40.0353,4.432,11733,305
457,2,62,22,18243,40.3168,4.3759,11671,303
458,2,62,22,18207,39.4917,4.3493,11624,305
460,2,62,22,18152,39.2121,4.3216,11597,307
461,2,62,22,18143,39.3528,4.2853,11598,307
462,2,62,22,18145,39.8617,4.3382,11635,307
463,2,62,22,18158,39.9018,4.407,11680,305
464,2,62,22,18142,39.5321,4.3963,11664,308
465,2,62,22,18164,39.9453,4.4203,11699,306
466,2,62,22,18153,40.3448,4.4618,11712,302
467,2,62,22,18130,40.7594,4.4795,11698,304
468,2,62,22,18106,39.7996,4.4817,11675,304
469,2,62,22,18075,39.5993,4.4613,11650,307
471,2,62,22,18033,39.2493,4.5021,11611,306
472,2,62,22,17980,38.9666,4.4511,11562,303
473,2,62,22,17900,38.3244,4.4012,11487,299
474,2,62,22,17846,38.3401,4.3732,11437,298
475,2,62,22,17796,37.9363,4.3708,11398,290
476,2,62,21,17767,37.7846,4.3924,11357,291
477,2,62,21,17795,38.0912,4.4847,11422,296
478,2,62,21,17813,38.6499,4.5214,11458,296
479,2,62,21,17834,38.6863,4.6343,11514,297
481,2,62,21,17808,38.3762,4.6619,11504,295
482,2,62,21,17761,38.5361,4.5825,11451,296
483,2,62,21,17767,38.4171,4.66,11488,297
484,2,62,21,17757,39.2947,4.659,11489,298
485,2,62,21,17760,38.4767,4.6747,11529,295
486,2,62,21,17757,38.63,4.7008,11550,297
488,2,62,21,17737,39.1164,4.6782,11531,295
489,2,62,21,17728,38.675,4.6879,11542,297
490,2,62,21,17689,38.1685,4.695,11511,297
491,2,62,21,17687,38.9402,4.6501,11498,296
492,2,62,21,17690,38.4473,4.7062,11534,296
493,2,62,21,17672,38.8511,4.7279,11528,297
494,2,62,21,17639,38.3251,4.7719,11505,298
495,2,62,21,17593,37.9517,4.7144,11452,296
496,2,62,21,17537,38.0507,4.6739,11388,294
497,2,62,21,17504,37.6825,4.6549,11368,291
498,2,62,21,17416,37.6222,4.6393,11287,286
499,2,62,20,17371,37.2883,4.6049,11257,275
500,2,62,20,17358,37.326,4.6012,11247,274
501,2,62,20,17359,37.3431,4.5965,11246,275
503,2,62,20,17309,36.8165,4.5398,11171,274
504,2,62,20,17291,36.5512,4.5294,11150,278
508,2,62,20,17183,35.7922,4.4594,11044,275
509,2,62,20,17172,35.9284,4.4312,11040,277
512,2,62,20,17142,35.8747,4.4572,11044,276
514,2,62,20,17109,35.7593,4.4591,11005,277
516,2,62,20,17107,35.8027,4.5515,11058,274
517,2,62,20,17085,35.8169,4.5328,11042,277
518,2,62,20,17074,35.6504,4.5639,11048,277
520,2,62,20,17041,35.6478,4.5939,11047,277
521,2,62,20,17016,35.7086,4.6241,11043,275
522,2,62,20,16978,35.5011,4.6111,11025,276
523,2,62,20,16954,35.9663,4.6817,11032,278
525,2,62,20,16865,35.4136,4.6715,10992,268
526,2,62,19,16860,35.4926,4.7083,10998,269
527,2,62,19,16852,35.553,4.7337,11008,265
528,2,62,19,16860,35.6534,4.736,11024,270
529,2,62,19,16848,36.261,4.7413,11011,269
530,2,62,19,16800,35.0358,4.6928,10960,265
531,2,62,19,16804,35.1142,4.7094,10981,266
532,2,62,19,16816,35.3746,4.7293,11011,270
533,2,62,19,16794,35.3293,4.7825,11001,266
534,2,62,19,16766,35.2812,4.7547,10977,269
536,2,62,19,16751,35.1765,4.7583,10976,270
538,2,62,19,16758,35.0942,4.9489,10983,267
539,2,62,19,16771,35.4221,4.8831,11027,269
540,2,62,19,16767,35.605,4.902,11033,269
542,2,62,19,16818,35.8748,5.0095,11112,269
543,2,62,19,16836,36.1694,5.0646,11146,269
544,2,62,19,16825,35.8946,5.0608,11126,270
545,2,62,19,16827,35.7409,5.1017,11136,268
547,2,62,19,16817,36.0696,5.166,11134,268
548,2,62,19,16792,35.7707,5.1769,11119,267
549,2,62,19,16768,35.3951,5.1703,11094,267
550,2,62,19,16717,35.5517,5.1445,11052,265
551,2,62,19,16669,35.5656,5.0897,11003,266
552,2,62,19,16605,34.594,5.0946,10935,260
553,2,62,19,16564,34.5977,5.0751,10917,262
554,2,62,19,16529,34.7378,5.0874,10896,254
555,2,62,18,16494,34.3138,5.0844,10882,250
556,2,62,18,16468,34.1115,5.0365,10847,251
558,2,62,18,16431,34.2659,5.0349,10823,250
559,2,62,18,16402,33.9964,4.9905,10782,251
560,2,62,18,16394,33.8076,4.9731,10784,249
561,2,62,18,16366,34.0396,4.9681,10764,246
563,2,62,18,16356,33.7957,5.0165,10778,252
564,2,62,18,16349,35.2591,4.9869,10769,251
565,2,62,18,16344,33.8863,5.0087,10781,253
567,2,62,18,16314,33.7849,5.064,10799,249
569,2,62,18,16268,33.4166,5.0356,10783,251
570,2,62,18,16242,33.793,5.0309,10770,253
571,2,62,18,16225,33.5194,5.068,10773,253
572,2,62,18,16196,33.7178,5.0595,10749,252
574,2,62,18,16203,34.4741,5.3849,10787,253
575,2,62,18,16197,33.4994,5.1169,10785,249
576,2,62,18,16186,33.6562,5.1179,10771,251
577,2,62,18,16181,33.3117,5.1243,10775,252
579,2,62,18,16174,33.475,5.132,10767,252
580,2,62,18,16165,33.835,5.1523,10762,249
581,2,62,18,16156,33.525,5.1318,10753,250
582,2,62,18,16125,34.2202,5.1545,10740,249
583,2,62,18,16097,33.8663,5.1043,10697,250
584,2,62,18,16050,32.9141,5.0878,10657,244
585,2,62,18,16039,33.1899,5.172,10673,247
586,2,62,18,15988,33.3953,5.1286,10618,243
587,2,62,17,15959,32.5288,5.134,10597,237
588,2,62,17,15976,33.0588,5.2029,10628,237
589,2,62,17,15973,32.8647,5.1946,10622,237
591,2,62,17,15998,33.0006,5.2754,10656,237
592,2,62,17,15992,33.1448,5.2814,10655,236
593,2,62,17,15949,32.6647,5.2559,10613,236
594,2,62,17,15912,32.6572,5.2156,10561,237
595,2,62,17,15911,32.9612,5.2341,10567,236
596,2,62,17,15885,32.4079,5.2046,10530,238
597,2,62,17,15867,32.2988,5.2069,10510,236
598,2,62,17,15832,32.0339,5.15,10468,237
599,2,62,17,15825,32.4868,5.1448,10464,235
601,2,62,17,15789,31.7453,5.1293,10438,237
602,2,62,17,15757,31.6909,5.13,10403,234
603,2,62,17,15738,31.9018,5.1301,10396,236
605,2,62,17,15731,31.7947,5.1374,10399,239
606,2,62,17,15712,31.795,5.1194,10392,235
607,2,62,17,15690,31.5538,5.1026,10375,234
608,2,62,17,15659,31.4352,5.0875,10355,237
609,2,62,17,15637,31.1675,5.0826,10343,236
610,2,62,17,15622,31.3551,5.0725,10334,236
611,2,62,17,15623,31.7767,5.0829,10345,238
612,2,62,17,15605,31.1886,5.0483,10317,236
614,2,62,17,15581,31.2921,5.0635,10331,235
615,2,62,17,15572,31.5078,5.0928,10332,236
616,2,62,17,15560,31.3648,5.1215,10343,236
617,2,62,17,15537,31.1952,5.1139,10326,235
619,2,62,17,15483,31.1418,5.1242,10295,234
620,2,62,17,15439,30.8327,5.1014,10273,234
621,2,62,17,15387,30.5416,5.1064,10237,234
622,2,62,17,15361,30.7582,5.152,10239,234
623,2,62,17,15327,30.6965,5.1465,10213,230
624,2,62,16,15306,30.4508,5.1725,10213,223
625,2,62,16,15313,30.6359,5.1821,10218,219
626,2,62,16,15306,30.9974,5.1803,10224,222
627,2,62,16,15302,30.4848,5.1965,10219,223
628,2,62,16,15321,30.8708,5.2612,10258,224
629,2,62,16,15312,30.7495,5.2489,10248,224
630,2,62,16,15295,30.6512,5.2478,10238,224
632,2,62,16,15282,30.677,5.2343,10235,224
633,2,62,16,15275,30.5347,5.2402,10229,223
634,2,62,16,15267,30.6824,5.2362,10223,223
635,2,62,16,15270,30.6611,5.2722,10243,222
637,2,62,16,15269,31.0314,5.3357,10262,222
638,2,62,16,15284,31.1038,5.386,10298,224
639,2,62,16,15289,31.2,5.4309,10317,224
640,2,62,16,15265,30.6084,5.3966,10287,223
641,2,62,16,15245,30.8566,5.4073,10279,223
642,2,62,16,15202,30.7232,5.3604,10229,223
643,2,62,16,15159,30.2216,5.4435,10174,224
644,2,62,16,15131,29.9914,5.3208,10144,224
645,2,62,16,15110,30.2675,5.2826,10121,221
647,2,62,16,15075,29.8418,5.333,10104,223
648,2,62,16,15059,30.2216,5.334,10091,223
649,2,62,16,15064,30.2537,5.3545,10102,223
650,2,62,16,15077,29.905,5.3913,10126,222
651,2,62,16,15066,29.8619,5.3889,10111,220
652,2,62,16,15039,29.9506,5.3585,10082,221
653,2,62,16,15038,29.667,5.3806,10083,224
654,2,62,16,15019,29.6744,5.3863,10075,224
655,2,62,16,15021,29.8704,5.3954,10075,224
656,2,62,16,15010,29.6239,5.394,10066,223
657,2,62,16,14998,29.8395,5.3988,10058,223
658,2,62,16,14994,29.7507,5.4215,10060,223
659,2,62,16,14975,29.8042,5.4012,10047,221
660,2,62,16,14976,30.2433,5.4944,10085,222
661,2,62,16,14977,29.6925,5.4917,10099,219
662,2,62,16,14936,29.6751,5.4815,10066,219
663,2,62,16,14911,29.8297,5.5056,10048,219
666,2,62,15,14812,29.1203,5.5138,9959,210
667,2,62,15,14781,28.8124,5.4775,9926,210
668,2,62,15,14775,29.2696,5.5008,9936,210
669,2,62,15,14783,29.3426,5.5388,9968,209
670,2,62,15,14784,29.0904,5.5796,9977,209
671,2,62,15,14773,29.9902,5.5877,9968,210
672,2,62,15,14774,29.0317,5.6102,9977,209
673,2,62,15,14764,29.0302,5.6119,9966,210
675,2,62,15,14758,28.9243,5.6327,9985,211
676,2,62,15,14764,29.9575,5.7802,10008,211
677,2,62,15,14773,29.3828,5.6971,10033,211
678,2,62,15,14776,29.2907,5.7217,10055,211
679,2,62,15,14779,29.4468,5.7377,10072,211
682,2,62,15,14776,29.7739,5.7773,10081,208
683,2,62,15,14772,29.5863,5.7563,10084,208
684,2,62,15,14751,29.3466,5.7081,10058,212
685,2,62,15,14745,29.594,5.7198,10061,211
687,2,62,15,14702,29.1504,5.6909,10022,210
688,2,62,15,14700,29.3174,5.7058,10038,211
689,2,62,15,14671,29.2604,5.7192,10017,211
690,2,62,15,14654,28.975,5.6882,10003,210
692,2,62,15,14626,29.5585,5.7131,10004,210
693,2,62,15,14596,28.8842,5.7144,9976,210
694,2,62,15,14580,28.9781,5.6892,9966,211
695,2,62,15,14555,28.9781,5.6974,9942,211
696,2,62,15,14540,28.8455,5.6755,9924,211
697,2,62,15,14550,28.7056,5.7517,9953,211
698,2,62,15,14539,28.7372,5.724,9933,211
699,2,62,15,14525,28.8203,5.6698,9914,209
701,2,62,15,14458,29.2063,5.7412,9838,208
703,2,62,15,14411,28.0034,5.5352,9780,208
704,2,62,15,14415,28.3592,5.7299,9795,207
707,2,62,15,14411,28.2017,5.6912,9823,209
708,2,62,15,14409,28.22,5.7226,9836,209
709,2,62,15,14383,28.4674,5.723,9817,206
710,2,62,15,14361,28.1715,5.7502,9803,205
711,2,62,15,14325,28.5021,5.7271,9769,205
712,2,62,15,14300,27.8394,5.7351,9747,205
713,2,62,14,14268,27.891,5.7058,9713,194
714,2,62,14,14257,27.5482,5.71,9699,196
715,2,62,14,14256,28.0186,5.7046,9698,194
716,2,62,14,14243,27.5623,5.6738,9682,194
717,2,62,14,14238,27.5824,5.6884,9673,196
719,2,62,14,14255,27.7445,5.7361,9710,197
720,2,62,14,14249,27.9054,5.7823,9709,197
721,2,62,14,14256,27.5644,5.7603,9707,197
722,2,62,14,14232,27.5534,5.7403,9683,197
724,2,62,14,14207,27.5366,5.6772,9646,197
725,2,62,14,14183,27.3716,5.6597,9611,197
726,2,62,14,14181,27.2283,5.6522,9607,197
727,2,62,14,14169,27.2482,5.6431,9594,197
728,2,62,14,14156,27.2938,5.6385,9583,196
729,2,62,14,14130,27.6286,5.6198,9556,196
730,2,62,14,14106,27.037,5.5966,9526,196
734,2,62,14,14053,26.7401,5.6124,9499,197
735,2,62,14,14056,26.8335,5.6601,9511,198
739,2,62,14,14064,27.1327,5.7333,9563,198
742,2,62,14,14018,26.7366,5.7858,9543,197
743,2,62,14,14018,27.0617,5.8085,9564,198
744,2,62,14,14007,27.3852,5.8012,9572,198
745,2,62,14,13985,26.919,5.7841,9553,197
746,2,62,14,13964,27.0597,5.7679,9545,197
747,2,62,14,13947,26.8403,5.7775,9539,198
748,2,62,14,13930,26.6353,5.7869,9522,197
749,2,62,14,13918,26.8291,5.7887,9522,198
750,2,62,14,13910,26.7125,5.7979,9520,197
751,2,62,14,13925,26.8009,5.8172,9542,198
752,2,62,14,13927,26.9974,5.8274,9548,196
754,2,62,14,13904,26.9572,5.8818,9550,197
755,2,62,14,13886,26.8596,5.8818,9535,196
757,2,62,14,13875,26.8857,5.8882,9538,198
758,2,62,14,13867,26.7541,5.9123,9544,197
761,2,62,14,13801,26.5929,5.8754,9489,196
762,2,62,14,13793,26.3847,5.8454,9473,197
764,2,62,14,13769,26.7899,5.9361,9489,195
765,2,62,14,13748,26.8805,6.0869,9472,194
766,2,62,14,13716,26.5002,5.9354,9455,189
767,2,62,14,13713,26.3315,5.9557,9466,186
768,2,62,13,13705,26.556,5.9795,9460,179
769,2,62,13,13688,26.3351,5.9546,9440,180
771,2,62,13,13688,26.4156,5.9548,9446,181
772,2,62,13,13693,26.4541,5.9725,9454,183
773,2,62,13,13686,26.6394,5.9564,9447,183
774,2,62,13,13688,26.5737,5.9886,9457,183
775,2,62,13,13702,26.5845,6.038,9481,183
776,2,62,13,13682,26.4345,6.0249,9468,183
778,2,62,13,13683,26.4452,6.0447,9469,182
779,2,62,13,13685,26.5693,6.0368,9478,183
780,2,62,13,13683,26.6954,6.0876,9489,182
781,2,62,13,13681,26.8432,6.0946,9490,182
782,2,62,13,13669,26.3221,6.0779,9476,182
783,2,62,13,13654,26.4136,6.0494,9462,181
784,2,62,13,13661,26.3236,6.0789,9472,181
785,2,62,13,13655,26.6134,6.0652,9472,181
786,2,62,13,13658,26.3971,6.0996,9481,180
787,2,62,13,13636,26.5409,6.1048,9460,180
789,2,62,13,13617,26.2457,6.0686,9444,182
790,2,62,13,13623,26.2152,6.1037,9452,181
791,2,62,13,13603,26.1383,6.065,9429,181
792,2,62,13,13608,26.3596,6.1178,9436,181
793,2,62,13,13596,26.2299,6.0307,9419,181
794,2,62,13,13575,26.1511,6.0005,9397,181
795,2,62,13,13556,26.3019,5.9953,9377,181
796,2,62,13,13540,26.2861,5.9445,9354,181
797,2,62,13,13529,26.1378,5.923,9343,181
798,2,62,13,13520,25.7303,5.9235,9327,181
799,2,62,13,13485,25.7408,5.8474,9279,181
800,2,62,13,13454,25.2944,5.7731,9236,182
802,2,62,13,13395,24.9221,5.7121,9167,182
803,2,62,13,13364,25.0281,5.6502,9124,182
804,2,62,13,13345,24.7635,5.6888,9107,180
805,2,62,13,13333,24.7593,5.6937,9097,182
806,2,62,13,13328,24.6369,5.7085,9100,182
807,2,62,13,13307,24.7136,5.7196,9080,181
808,2,62,13,13294,24.5136,5.7247,9081,180
809,2,62,13,13278,24.5639,5.7337,9070,181
810,2,62,13,13255,24.5205,5.7494,9057,178
811,2,62,13,13253,24.5959,5.7755,9061,178
813,2,62,13,13242,24.5082,5.7786,9068,178
814,2,62,13,13247,24.9147,5.8156,9079,181
815,2,62,13,13217,24.5624,5.7936,9039,181
816,2,62,13,13202,24.3669,5.7629,9028,179
817,2,62,13,13173,24.3821,5.7619,9009,178
818,2,62,13,13164,24.2551,5.762,9003,179
819,2,62,13,13151,24.4205,5.7538,8985,179
822,2,62,13,13089,23.8881,5.7475,8937,179
823,2,62,13,13083,24.1255,5.7605,8936,181
824,2,62,13,13058,24.0663,5.7674,8921,180
825,2,62,13,13071,24.1152,5.8528,8960,179
827,2,62,13,13014,23.7312,5.8388,8918,179
828,2,62,13,13008,23.8803,5.8827,8927,178
829,2,62,13,12994,24.4341,5.9297,8926,177
830,2,62,13,12964,23.703,5.9279,8906,177
832,2,62,12,12939,23.8156,5.9584,8896,171
833,2,62,12,12955,23.7801,5.9782,8923,172
834,2,62,12,12978,24.0092,6.0603,8965,172
835,2,62,12,13009,24.3858,6.1136,9016,171
836,2,62,12,13018,24.3312,6.1638,9041,171
837,2,62,12,13033,25.0229,6.2322,9085,171
838,2,62,12,13038,24.5779,6.2806,9093,172
839,2,62,12,13037,24.5979,6.2888,9101,172
841,2,62,12,13056,24.9796,6.3106,9138,174
842,2,62,12,13052,24.8661,6.3175,9139,174
843,2,62,12,13051,24.7283,6.2944,9138,174
844,2,62,12,13054,24.8815,6.313,9151,174
845,2,62,12,13059,24.7342,6.3009,9162,174
846,2,62,12,13053,24.8116,6.3209,9160,174
847,2,62,12,13046,24.8011,6.3349,9158,174
849,2,62,12,13052,24.8589,6.3951,9181,174
850,2,62,12,13062,25.0136,6.4067,9201,173
852,2,62,12,13072,25.1143,6.5123,9237,173
855,2,62,12,13050,25.0824,6.4984,9214,173
856,2,62,12,13039,25.1317,6.4834,9206,172
857,2,62,12,13039,25.1362,6.4921,9214,172
858,2,62,12,13039,25.2303,6.4984,9219,172
860,2,62,12,13043,25.3394,6.6191,9250,173
863,2,62,12,13021,25.1462,6.5771,9234,174
866,2,62,12,13008,25.1191,6.6345,9215,174
867,2,62,12,12988,24.8835,6.5334,9189,173
868,2,62,12,12970,24.9363,6.513,9168,173
869,2,62,12,12961,24.7526,6.4741,9157,173
870,2,62,12,12951,24.7679,6.5012,9156,173
871,2,62,12,12959,25.0147,6.5032,9167,173
873,2,62,12,12939,24.8274,6.4616,9147,174
874,2,62,12,12914,24.7944,6.4606,9113,174
875,2,62,12,12909,24.5571,6.4447,9114,174
876,2,62,12,12877,24.4125,6.3553,9071,174
877,2,62,12,12861,24.3948,6.3518,9054,174
878,2,62,12,12846,24.3199,6.3408,9037,174
880,2,62,12,12812,24.1228,6.2885,9013,173
881,2,62,12,12800,24.2658,6.2961,9006,173
882,2,62,12,12793,24.0849,6.3169,9002,173
883,2,62,12,12770,23.9169,6.3136,8971,175
884,2,62,12,12757,23.898,6.3053,8959,175
885,2,62,12,12738,23.8263,6.3057,8943,175
887,2,62,12,12700,23.8057,6.2209,8894,175
888,2,62,12,12677,23.538,6.1701,8858,174
889,2,62,12,12644,23.2564,6.1157,8818,175
890,2,62,12,12617,23.1933,6.061,8784,175
892,2,62,12,12553,22.81,5.9743,8706,174
893,2,62,12,12535,22.8992,5.9586,8677,174
895,2,62,12,12505,22.6687,5.8767,8638,174
897,2,62,12,12480,22.3114,5.849,8618,174
899,2,62,12,12438,22.2218,5.8421,8576,171
901,2,62,12,12392,22.1069,5.757,8521,172
904,2,62,12,12298,21.6522,5.7486,8443,170
905,2,62,12,12272,21.6136,5.7835,8424,167
906,2,62,12,12266,21.5198,5.819,8418,164
907,2,62,11,12234,21.6446,5.8541,8386,152
909,2,62,11,12248,21.6246,5.88,8425,150
910,2,62,11,12248,21.7413,5.91,8434,150
911,2,62,11,12229,21.7065,5.8706,8410,150
913,2,62,11,12202,21.9952,5.8076,8370,150
914,2,62,11,12199,21.4351,5.7964,8363,151
915,2,62,11,12172,21.1344,5.729,8321,151
916,2,62,11,12176,21.8422,5.7829,8332,151
918,2,62,11,12149,21.1008,5.6536,8305,152
919,2,62,11,12140,21.2414,5.6408,8302,152
920,2,62,11,12150,21.2451,5.7081,8329,151
921,2,62,11,12142,21.1623,5.7115,8326,151
922,2,62,11,12145,21.4197,5.7107,8336,151
923,2,62,11,12147,21.2148,5.7459,8352,151
924,2,62,11,12139,21.3784,5.7447,8353,151
926,2,62,11,12132,21.2993,5.7287,8352,152
927,2,62,11,12138,21.3551,5.7533,8361,152
930,2,62,11,12149,21.5424,5.8317,8398,151
932,2,62,11,12132,21.4447,5.8244,8391,153
933,2,62,11,12126,21.5257,5.8123,8392,153
935,2,62,11,12132,21.6701,5.8946,8414,152
937,2,62,11,12135,21.5338,5.8847,8426,153
938,2,62,11,12143,21.7086,5.9293,8443,152
941,2,62,11,12173,22.0097,6.1066,8515,153
942,2,62,11,12173,22.0157,6.1233,8522,153
943,2,62,11,12174,21.9935,6.1804,8535,153
944,2,62,11,12176,22.1991,6.2403,8550,152
945,2,62,11,12158,22.1813,6.242,8533,150
946,2,62,11,12158,22.0075,6.256,8540,151
947,2,62,11,12162,22.1404,6.2851,8551,150
948,2,62,11,12174,22.0956,6.3185,8567,150
949,2,62,11,12179,22.246,6.3418,8583,150
950,2,62,11,12175,22.253,6.3386,8584,150
952,2,62,11,12186,22.2212,6.3843,8606,152
953,2,62,11,12179,22.2674,6.4241,8606,151
954,2,62,11,12188,22.4389,6.4324,8623,152
955,2,62,11,12195,22.4435,6.4492,8639,152
956,2,62,11,12193,22.5175,6.4457,8641,151
957,2,62,11,12205,22.5738,6.5737,8664,150
958,2,62,11,12198,22.5805,6.5168,8659,152
959,2,62,11,12201,22.5729,6.5218,8666,153
960,2,62,11,12205,22.5356,6.5203,8669,153
961,2,62,11,12189,22.6283,6.5068,8657,153
963,2,62,11,12161,22.5848,6.4942,8634,152
965,2,62,11,12138,22.3733,6.5348,8613,153
966,2,62,11,12129,22.3159,6.5422,8610,153
967,2,62,11,12124,22.7366,6.5754,8615,153
969,2,62,11,12103,22.6318,6.5892,8598,152
970,2,62,11,12089,22.0697,6.5536,8584,152
971,2,62,11,12068,22.359,6.5341,8558,152
972,2,62,11,12065,22.1177,6.5628,8565,152
973,2,62,11,12056,22.4197,6.578,8563,152
974,2,62,11,12049,22.1256,6.5883,8557,152
975,2,62,11,12058,22.2824,6.5763,8563,152
976,2,62,11,12054,22.958,6.5775,8562,152
977,2,62,11,12054,22.0288,6.5863,8564,152
983,2,62,11,12030,22.2172,6.6895,8567,153
984,2,62,11,12024,22.2675,6.6843,8561,153
985,2,62,11,12012,22.1342,6.6638,8554,153
986,2,62,11,12005,22.098,6.7362,8554,151
987,2,62,11,11996,22.1126,6.7563,8547,151
988,2,62,11,11990,22.0579,6.7226,8545,151
990,2,62,11,11961,22.073,6.7806,8537,150
991,2,62,11,11957,22.1904,6.8075,8540,150
992,2,62,11,11925,21.9803,6.8177,8518,150
993,2,62,11,11892,21.8125,6.8286,8489,150
994,2,62,11,11880,21.8491,6.8408,8489,150
995,2,62,11,11855,21.6735,6.9187,8464,151
996,2,62,11,11812,21.9144,6.7851,8419,149
997,2,62,11,11792,21.5079,6.7511,8400,150
1000,2,62,10,11723,21.0731,6.6346,8301,148
1001,2,62,10,11721,20.9573,6.6216,8296,148
101,2,62,99,36178,123.7,1.7511,18843,1272
10,2,62,998,91133,783.3907,28.8111,41631,9148
103,2,62,97,35794,122.6106,1.6974,18512,1248
104,2,62,96,35589,118.938,1.7105,18356,1237
105,2,62,96,35505,120.2364,1.7096,18387,1218
107,2,62,94,35207,116.0625,1.6684,18187,1202
108,2,62,93,34927,115.0675,1.6682,18036,1202
109,2,62,92,34920,114.9328,1.7059,18116,1180
110,2,62,91,34789,112.739,1.696,18045,1179
111,2,62,90,34703,118.2801,1.7351,18039,1180
11,2,62,907,87624,730.726,24.1737,39193,8461
113,2,62,89,34393,111.7265,1.6547,17805,1146
114,2,62,88,34234,110.9056,1.6766,17685,1133
115,2,62,87,34094,109.5922,1.662,17624,1120
116,2,62,87,34019,110.5579,1.7078,17706,1119
117,2,62,86,33717,108.2245,1.6297,17375,1107
118,2,62,85,33799,107.483,1.6673,17513,1100
119,2,62,84,33676,109.5812,1.6891,17541,1084
120,2,62,84,33304,104.9331,1.6073,17089,1085
122,2,62,82,33240,105.5789,1.6782,17202,1056
12,2,62,832,84702,656.0535,20.763,37191,7872
124,2,62,81,33077,103.2312,1.6659,17187,1051
126,2,62,80,32662,100.9526,1.6253,16835,1042
128,2,62,78,32481,101.2566,1.6421,16743,1023
129,2,62,78,32457,100.7858,1.6925,16911,1018
132,2,62,76,32066,100.0711,1.6076,16554,997
13,2,62,768,82146,613.1761,18.4193,35818,7396
14,2,62,713,79868,582.2099,16.2332,34581,6943
17,2,62,587,74546,501.5769,12.0072,32892,5926
18,2,62,555,72913,472.6667,11.042,32341,5667
19,2,62,526,71645,467.3615,10.3009,32295,5471
20,2,62,499,70321,451.6775,9.6197,32055,5278
21,2,62,476,69107,424.7956,8.9305,31833,5060
22,2,62,454,68076,420.0058,8.4569,31895,4896
23,2,62,434,67120,410.3641,7.9501,31865,4728
24,2,62,416,66173,395.0839,7.5096,31810,4578
25,2,62,400,65088,384.9034,7.0966,31510,4428
26,2,62,384,64246,376.6336,6.7722,31551,4318
28,2,62,357,62616,359.4249,6.0589,31352,4027
30,2,62,333,60919,339.9007,5.5973,30949,3828
32,2,62,312,59501,335.3005,5.139,30634,3612
33,2,62,303,58748,324.5015,4.9451,30353,3525
34,2,62,294,58015,315.3659,4.7225,30011,3421
35,2,62,286,57341,311.3566,4.5594,29872,3342
37,2,62,270,56106,297.9841,4.3119,29361,3210
39,2,62,256,54937,283.6366,4.0109,28917,3049
40,2,62,250,54263,278.1655,3.892,28537,3000
41,2,62,244,53741,278.1226,3.7746,28341,2917
42,2,62,238,53229,271.458,3.6685,28137,2849
43,2,62,233,52721,262.2802,3.5388,27929,2782
44,2,62,227,52160,256.995,3.4526,27677,2738
46,2,62,217,51184,248.315,3.291,27090,2623
47,2,62,213,50694,242.3196,3.2377,26888,2582
49,2,62,204,49784,234.5295,3.0716,26390,2485
50,2,62,200,49390,230.9572,2.9985,26178,2434
51,2,62,196,48886,227.5672,2.9173,25873,2383
52,2,62,192,48449,222.3456,2.8602,25616,2354
53,2,62,189,48035,220.5019,2.8249,25489,2304
54,2,62,185,47710,217.9814,2.7501,25358,2267
55,2,62,182,47161,212.2239,2.6712,24852,2227
57,2,62,176,46560,208.3319,2.6201,24654,2175
58,2,62,173,46182,201.7113,2.5779,24417,2130
59,2,62,170,45837,197.0316,2.5017,24207,2101
60,2,62,167,45469,195.6776,2.5051,24009,2059
63,2,62,159,44576,189.2764,2.3945,23585,1963
64,2,62,156,44184,185.5893,2.3361,23310,1955
66,2,62,152,43582,178.0401,2.2728,22917,1894
67,2,62,149,43293,184.5124,2.2432,22767,1865
68,2,62,147,42866,173.2319,2.1899,22427,1837
69,2,62,145,42766,170.7869,2.206,22512,1812
70,2,62,143,42437,170.653,2.1422,22197,1792
71,2,62,141,42277,172.5461,2.1525,22235,1766
72,2,62,139,41989,168.5173,2.121,22078,1738
73,2,62,137,41621,169.6407,2.0609,21779,1719
74,2,62,135,41502,163.3715,2.107,21749,1710
75,2,62,134,41075,162.0629,2.0244,21490,1669
76,2,62,132,40955,159.3831,2.0152,21392,1652
77,2,62,130,40602,154.0492,1.9719,21125,1631
78,2,62,128,40451,153.3774,1.9923,21094,1618
79,2,62,127,40235,154.4121,1.9662,20974,1603
81,2,62,124,39813,149.2536,1.917,20770,1567
82,2,62,122,39542,146.0924,1.9128,20573,1539
83,2,62,121,39325,146.7566,1.9162,20486,1538
84,2,62,119,39168,146.4177,1.8925,20389,1506
85,2,62,118,38904,144.153,1.8667,20227,1492
86,2,62,117,38726,141.4638,1.8589,20165,1475
87,2,62,115,38654,141.2554,1.8653,20181,1456
88,2,62,114,38345,150.5523,1.8342,19906,1451
89,2,62,113,38199,140.0689,1.8495,19906,1436
90,2,62,111,38034,138.0041,1.8218,19811,1412
93,2,62,108,37495,131.7684,1.7878,19470,1375
94,2,62,107,37143,129.8803,1.7531,19175,1368
96,2,62,104,36981,129.6178,1.7627,19204,1330
97,2,62,103,36722,128.8306,1.748,19027,1322
99,2,62,101,36412,125.2603,1.7235,18812,1295
100,2,62,100,36317,123.8577,1.7404,18882,1285
8,2,62,1248,100397,996.5636,43.9569,48655,11101
4,2,62,2495,144869,2512.7198,186.6179,88870,20979
5,2,62,1996,127401,1832.4986,116.7154,72484,17005
6,2,62,1663,115375,1423.5607,79.6117,61513,14347
