File,Gamma,V,T,E,TG_edges,Tnb_gmLS,G_edges,nb_gmLS
rollernet845,2,62,12,13058,26.4548,6.6595,9161,174
rollernet697,2,62,15,14549,30.6083,6.0778,9952,211
rollernet77,2,62,130,40601,158.6605,2.0218,21124,1631
rollernet432,2,62,24,18709,43.2495,4.3334,11765,328
rollernet922,2,62,11,12144,22.9386,6.0616,8335,151
rollernet937,2,62,11,12134,23.1971,6.2846,8425,153
rollernet268,2,62,38,23582,61.3133,2.8285,13612,512
rollernet627,2,62,16,15301,32.5711,5.5383,10218,223
rollernet883,2,62,12,12769,25.4999,6.7146,8970,175
rollernet798,2,62,13,13519,27.2718,6.2898,9326,181
rollernet747,2,62,14,13946,28.2579,6.1492,9538,198
rollernet110,2,62,91,34788,117.6407,1.778,18044,1172
rollernet569,2,62,18,16267,34.9703,5.2883,10782,250
rollernet745,2,62,14,13984,28.5885,6.1798,9552,197
rollernet427,2,62,24,18942,44.5643,4.3773,11966,327
rollernet471,2,62,22,18032,42.2707,4.8153,11610,306
rollernet960,2,62,11,12204,24.3749,6.9636,8668,153
rollernet21,2,62,476,69106,439.0846,11.319,31833,5060
rollernet778,2,62,13,13682,28.9704,6.5926,9468,182
rollernet655,2,62,16,15020,33.3915,5.8829,10074,223
rollernet677,2,62,15,14772,32.7531,6.2626,10032,211
rollernet342,2,62,30,21209,55.8627,3.7901,12964,415
rollernet371,2,62,27,20309,51.9639,4.0558,12570,370
rollernet554,2,62,19,16528,38.5852,5.5445,10895,254
rollernet803,2,62,13,13363,27.3913,6.0747,9123,182
rollernet149,2,62,67,30551,96.8568,1.8519,16115,884
rollernet198,2,62,51,27030,76.7599,2.1504,14704,689
rollernet571,2,62,18,16224,36.1801,5.5936,10772,249
rollernet956,2,62,11,12192,24.601,6.8946,8640,151
rollernet223,2,62,45,25423,71.246,2.303,14018,614
rollernet529,2,62,19,16847,39.0374,5.085,11010,269
rollernet561,2,62,18,16365,37.4507,5.3241,10763,251
rollernet114,2,62,88,34233,117.8406,1.7651,17684,1143
rollernet907,2,62,11,12233,23.0267,6.1679,8385,152
rollernet874,2,62,12,12913,26.551,6.8774,9112,173
rollernet660,2,62,16,14975,32.2878,5.8453,10084,220
rollernet792,2,62,13,13607,28.9392,6.4985,9435,181
rollernet498,2,62,21,17415,41.6384,4.9216,11286,286
rollernet339,2,62,30,21148,53.8781,3.6484,12787,418
rollernet815,2,62,13,13216,26.0769,6.1512,9038,181
rollernet30,2,62,333,60918,354.0894,5.9303,30948,3827
rollernet994,2,62,11,11879,23.3507,7.1291,8488,150
rollernet722,2,62,14,14231,29.2588,6.0919,9682,197
rollernet251,2,62,40,24223,64.0945,2.5529,13744,541
rollernet366,2,62,28,20459,49.3158,3.9518,12629,391
rollernet307,2,62,33,22033,55.779,3.0121,12881,451
rollernet614,2,62,17,15580,34.1226,5.4364,10330,237
rollernet275,2,62,37,23230,61.4223,2.7976,13275,500
rollernet678,2,62,15,14775,31.9482,6.3339,10054,211
rollernet585,2,62,18,16038,36.5416,5.6034,10672,247
rollernet8,2,62,1248,100396,1054.9591,60.4958,48654,11100
rollernet742,2,62,14,14017,29.893,6.3699,9542,197
rollernet797,2,62,13,13528,31.3533,6.5239,9342,181
rollernet412,2,62,25,19233,51.0243,4.3878,12078,343
rollernet396,2,62,26,19786,50.8533,4.2775,12413,362
rollernet580,2,62,18,16164,38.3352,5.6264,10761,246
rollernet283,2,62,36,23118,63.7194,2.9694,13519,489
rollernet789,2,62,13,13616,29.147,6.4931,9443,182
rollernet622,2,62,17,15360,33.6191,5.6434,10238,234
rollernet822,2,62,13,13088,26.6583,6.2273,8936,179
rollernet884,2,62,12,12756,27.4466,6.8486,8958,175
rollernet748,2,62,14,13929,29.7282,6.2916,9521,197
rollernet368,2,62,28,20353,50.9509,4.0406,12537,383
rollernet866,2,62,12,13007,27.9812,7.1566,9214,174
rollernet359,2,62,28,20584,52.5801,3.8374,12610,386
rollernet499,2,62,20,17370,40.6077,5.0341,11256,275
rollernet500,2,62,20,17357,41.529,4.9595,11246,274
rollernet897,2,62,12,12479,24.9187,6.315,8617,174
rollernet971,2,62,11,12067,24.9489,7.1756,8557,153
rollernet269,2,62,38,23535,63.5382,2.9201,13593,511
rollernet93,2,62,108,37494,141.855,1.8468,19469,1368
rollernet857,2,62,12,13038,28.3882,7.0101,9213,172
rollernet868,2,62,12,12969,28.7106,6.9645,9167,173
rollernet408,2,62,25,19396,49.1419,4.296,12159,342
rollernet893,2,62,12,12534,25.6825,6.4192,8676,174
rollernet563,2,62,18,16355,37.5295,5.3943,10777,250
rollernet129,2,62,78,32456,108.0682,1.8738,16910,1018
rollernet501,2,62,20,17358,40.3043,4.953,11245,275
rollernet120,2,62,84,33303,114.1659,1.8732,17088,1085
rollernet834,2,62,12,12977,27.3544,6.8075,8964,172
rollernet602,2,62,17,15756,36.7005,5.7729,10402,239
rollernet643,2,62,16,15158,36.3273,5.9993,10173,224
rollernet892,2,62,12,12552,26.2768,6.6154,8705,174
rollernet327,2,62,31,21440,55.8258,3.3803,12812,420
rollernet202,2,62,50,26802,77.7552,2.3203,14685,664
rollernet744,2,62,14,14006,29.9064,6.3253,9571,198
rollernet475,2,62,22,17795,41.173,4.704,11397,290
rollernet955,2,62,11,12194,25.7669,7.1289,8638,152
rollernet460,2,62,22,18151,44.2562,4.8109,11596,307
rollernet517,2,62,20,17084,39.4274,4.9465,11041,277
rollernet28,2,62,357,62615,381.3568,8.3565,31352,4027
rollernet486,2,62,21,17756,43.54,5.1553,11549,297
rollernet466,2,62,22,18152,44.7453,4.8718,11711,302
rollernet652,2,62,16,15038,33.4066,5.8481,10081,220
rollernet818,2,62,13,13163,27.5196,6.2424,9002,179
rollernet111,2,62,90,34702,121.989,1.951,18038,1169
rollernet795,2,62,13,13555,29.3806,6.5691,9376,181
rollernet465,2,62,22,18163,45.216,4.8445,11698,306
rollernet116,2,62,87,34018,117.294,1.9258,17705,1119
rollernet270,2,62,37,23481,63.7412,2.8624,13575,502
rollernet247,2,62,41,24537,67.7595,2.7556,13958,557
rollernet483,2,62,21,17766,43.1434,5.0713,11487,297
rollernet783,2,62,13,13653,29.2699,6.4514,9461,181
rollernet388,2,62,26,19785,50.5956,4.0418,12256,362
rollernet161,2,62,62,29551,90.5091,2.0421,15661,817
rollernet379,2,62,27,20064,51.5788,3.9822,12364,366
rollernet241,2,62,42,24693,67.2347,2.5754,13802,565
rollernet152,2,62,66,30282,98.1539,1.9716,15941,865
rollernet708,2,62,15,14408,30.8516,6.1577,9835,209
rollernet703,2,62,15,14410,31.0073,5.95,9779,208
rollernet458,2,62,22,18206,43.6971,4.7718,11623,305
rollernet993,2,62,11,11891,25.0487,7.4983,8488,150
rollernet984,2,62,11,12023,25.316,7.2322,8560,153
rollernet409,2,62,25,19341,47.2115,4.331,12111,341
rollernet448,2,62,23,18445,44.2169,4.4787,11728,319
rollernet758,2,62,14,13866,28.8643,6.3963,9543,197
rollernet761,2,62,14,13800,29.5165,6.4068,9488,196
rollernet225,2,62,45,25571,70.8939,2.5224,14299,614
rollernet672,2,62,15,14773,32.2296,6.123,9976,211
rollernet651,2,62,16,15065,34.1336,5.9304,10110,221
rollernet766,2,62,14,13715,30.328,6.676,9454,189
rollernet945,2,62,11,12157,26.4177,6.9874,8532,150
rollernet973,2,62,11,12055,26.8407,7.2562,8562,153
rollernet74,2,62,135,41501,181.3534,2.5785,21748,1710
rollernet352,2,62,29,20702,51.2724,3.7664,12605,393
rollernet196,2,62,51,27005,78.4007,2.165,14556,686
rollernet532,2,62,19,16815,39.2899,5.254,11010,270
rollernet997,2,62,11,11791,24.5763,7.3246,8399,150
rollernet877,2,62,12,12860,27.5478,6.96,9053,174
rollernet24,2,62,416,66172,419.6824,10.7844,31810,4578
rollernet878,2,62,12,12845,27.3143,7.0722,9036,174
rollernet710,2,62,15,14360,33.3944,6.4046,9802,205
rollernet694,2,62,15,14579,32.8933,6.2323,9965,211
rollernet836,2,62,12,13017,27.2653,6.6662,9040,171
rollernet976,2,62,11,12053,25.6723,7.0999,8561,152
rollernet33,2,62,303,58747,347.6589,6.7939,30352,3525
rollernet20,2,62,499,70320,486.7202,14.0369,32055,5278
rollernet192,2,62,52,27337,86.8148,2.1652,14795,699
rollernet189,2,62,53,27465,86.4096,2.25,14795,710
rollernet35,2,62,286,57340,336.3363,6.4107,29871,3342
rollernet623,2,62,17,15326,33.8497,5.7151,10212,230
rollernet755,2,62,14,13885,31.0592,6.5906,9534,195
rollernet717,2,62,14,14237,31.9703,6.3387,9672,196
rollernet75,2,62,134,41074,173.0282,2.1606,21489,1669
rollernet889,2,62,12,12643,25.3571,6.5563,8817,175
rollernet1000,2,62,10,11722,24.3554,7.1433,8300,148
rollernet4,2,62,2495,144868,2694.1056,215.0488,88870,20979
rollernet640,2,62,16,15264,35.41,5.8737,10286,224
rollernet586,2,62,18,15987,40.0949,5.5201,10617,244
rollernet599,2,62,17,15824,37.312,5.6272,10463,239
rollernet547,2,62,19,16816,41.539,5.6444,11133,268
rollernet306,2,62,33,22051,58.8667,3.0326,12875,446
rollernet220,2,62,46,25759,78.1291,2.3947,14252,617
rollernet911,2,62,11,12228,26.4867,6.4259,8409,152
rollernet140,2,62,72,31336,104.787,1.8723,16382,944
rollernet293,2,62,35,22710,65.0603,3.3753,13438,470
rollernet823,2,62,13,13082,28.6328,6.2699,8935,181
rollernet482,2,62,21,17760,43.233,5.012,11450,296
rollernet170,2,62,59,28722,87.3739,1.9472,15215,791
rollernet248,2,62,41,24468,70.4782,2.785,13937,554
rollernet488,2,62,21,17736,43.9567,4.9867,11530,295
rollernet135,2,62,74,31988,105.4137,1.8701,16808,972
rollernet365,2,62,28,20515,53.4367,4.1151,12688,388
rollernet330,2,62,31,21387,54.0127,3.451,12783,423
rollernet690,2,62,15,14653,32.1932,6.1408,10002,210
rollernet985,2,62,11,12011,25.0003,7.3811,8553,153
rollernet560,2,62,18,16393,38.5704,5.414,10783,253
rollernet444,2,62,23,18613,47.0888,4.6787,11879,324
rollernet620,2,62,17,15438,34.373,5.6054,10272,236
rollernet100,2,62,100,36316,132.2059,1.9617,18881,1279
rollernet995,2,62,11,11854,23.8825,7.3841,8463,151
rollernet689,2,62,15,14670,32.7542,6.3944,10016,211
rollernet819,2,62,13,13150,27.9033,6.3387,8984,179
rollernet484,2,62,21,17756,44.1753,5.209,11488,298
rollernet372,2,62,27,20339,55.4593,4.2104,12639,372
rollernet649,2,62,16,15063,34.8674,5.8755,10101,223
rollernet832,2,62,12,12938,27.0806,6.605,8895,171
rollernet479,2,62,21,17833,42.9412,5.0885,11513,297
rollernet422,2,62,24,19059,47.0943,4.5049,12065,330
rollernet641,2,62,16,15244,34.1625,5.9284,10278,223
rollernet415,2,62,25,19105,46.6264,4.3854,11994,338
rollernet572,2,62,18,16195,37.0505,5.5236,10748,251
rollernet986,2,62,11,12004,24.776,7.3647,8553,151
rollernet457,2,62,22,18242,43.9703,4.8235,11670,303
rollernet709,2,62,15,14382,31.9342,6.282,9816,206
rollernet231,2,62,44,25099,69.0639,2.436,13950,584
rollernet26,2,62,384,64245,393.5696,9.7501,31551,4318
rollernet6,2,62,1663,115374,1509.0863,102.7258,61513,14347
rollernet765,2,62,14,13747,29.1113,6.4931,9471,194
rollernet671,2,62,15,14772,34.4243,6.1972,9967,208
rollernet88,2,62,114,38344,167.0703,2.2143,19905,1451
rollernet935,2,62,11,12131,26.0932,6.5613,8413,152
rollernet326,2,62,31,21462,57.5213,3.4355,12830,424
rollernet611,2,62,17,15622,38.0781,5.5008,10344,237
rollernet638,2,62,16,15283,35.7362,5.8726,10297,222
rollernet881,2,62,12,12799,27.3918,6.9066,9005,173
rollernet404,2,62,25,19624,52.3261,4.5267,12424,345
rollernet353,2,62,29,20682,54.2174,3.7764,12582,394
rollernet527,2,62,19,16851,40.5277,5.1875,11007,270
rollernet287,2,62,35,22905,62.1408,3.2406,13449,480
rollernet555,2,62,18,16493,37.4356,5.5659,10881,250
rollernet424,2,62,24,19008,47.0486,4.5135,12032,331
rollernet69,2,62,145,42765,181.2633,2.6168,22511,1812
rollernet104,2,62,96,35588,127.3425,1.817,18355,1237
rollernet294,2,62,34,22726,60.0931,3.3505,13499,470
rollernet715,2,62,14,14255,31.2153,6.2115,9697,194
rollernet811,2,62,13,13252,26.9863,6.2961,9060,178
rollernet545,2,62,19,16826,39.8572,5.5785,11135,268
rollernet987,2,62,11,11995,24.9713,7.3828,8546,151
rollernet419,2,62,24,19119,47.728,4.4868,12066,332
rollernet584,2,62,18,16049,35.7678,5.5661,10656,247
rollernet635,2,62,16,15269,33.6818,5.6831,10242,222
rollernet428,2,62,24,18905,45.7709,4.4262,11937,328
rollernet977,2,62,11,12053,24.4729,7.2252,8563,152
rollernet144,2,62,70,30970,96.8478,1.9295,16176,923
rollernet490,2,62,21,17688,42.1122,5.1429,11510,297
rollernet54,2,62,185,47709,228.0555,3.0109,25357,2267
rollernet609,2,62,17,15636,34.9376,5.5783,10342,239
rollernet743,2,62,14,14017,30.8506,6.4655,9563,197
rollernet530,2,62,19,16799,41.3101,5.152,10959,265
rollernet119,2,62,84,33675,127.4796,1.8763,17540,1084
rollernet489,2,62,21,17727,44.1225,5.1482,11541,297
rollernet89,2,62,113,38198,151.0048,2.1722,19905,1436
rollernet175,2,62,58,28517,84.6005,2.0653,15264,758
rollernet82,2,62,122,39541,159.7597,2.3049,20572,1539
rollernet346,2,62,29,21023,54.0239,3.8253,12835,398
rollernet575,2,62,18,16196,37.4894,5.5797,10784,251
rollernet453,2,62,23,18367,44.2804,4.8053,11754,312
rollernet943,2,62,11,12173,25.2688,6.8066,8534,153
rollernet616,2,62,17,15559,35.7728,5.6086,10342,238
rollernet909,2,62,11,12247,24.3971,6.4202,8424,152
rollernet916,2,62,11,12175,23.3999,6.2221,8331,151
rollernet712,2,62,15,14299,30.7802,6.2737,9746,205
rollernet673,2,62,15,14763,32.6897,6.0752,9965,211
rollernet932,2,62,11,12131,24.3708,6.4997,8390,153
rollernet662,2,62,16,14935,33.881,6.0106,10065,219
rollernet556,2,62,18,16467,38.3972,5.6496,10846,250
rollernet906,2,62,12,12265,24.6373,6.3469,8417,164
rollernet941,2,62,11,12172,24.8999,6.7957,8514,153
rollernet376,2,62,27,20184,51.525,4.0646,12471,372
rollernet59,2,62,170,45836,209.7709,2.6947,24206,2101
rollernet808,2,62,13,13293,26.9823,6.2907,9080,180
rollernet130,2,62,77,32413,109.432,1.9362,16822,1011
rollernet108,2,62,93,34926,124.7894,1.8181,18035,1198
rollernet714,2,62,14,14256,30.6364,6.271,9698,196
rollernet657,2,62,16,14997,33.4779,5.9525,10057,220
rollernet300,2,62,34,22483,61.2313,3.3919,13345,466
rollernet707,2,62,15,14410,31.707,6.2666,9822,209
rollernet591,2,62,17,15997,37.033,5.7999,10655,238
rollernet807,2,62,13,13306,27.22,6.2544,9079,181
rollernet624,2,62,16,15305,33.7519,5.7079,10212,223
rollernet852,2,62,12,13071,28.4126,7.2015,9236,173
rollernet169,2,62,60,28701,85.9906,1.9639,15125,786
rollernet667,2,62,15,14780,32.6227,6.0739,9925,210
rollernet576,2,62,18,16185,38.1969,5.7161,10770,251
rollernet870,2,62,12,12950,28.5945,7.1243,9155,173
rollernet779,2,62,13,13684,30.1503,6.6597,9477,183
rollernet99,2,62,101,36411,133.7693,2.0123,18811,1295
rollernet199,2,62,51,27007,78.4261,2.281,14825,681
rollernet606,2,62,17,15711,35.3221,5.6196,10391,237
rollernet549,2,62,19,16767,40.2254,5.6389,11093,267
rollernet629,2,62,16,15311,34.6361,5.6705,10247,220
rollernet49,2,62,204,49783,251.0522,3.4253,26389,2485
rollernet675,2,62,15,14757,31.6448,6.1863,9984,211
rollernet895,2,62,12,12504,25.4689,6.3936,8637,174
rollernet147,2,62,68,30555,96.7726,1.9969,15900,898
rollernet598,2,62,17,15831,35.7016,5.6437,10467,239
rollernet888,2,62,12,12676,26.5214,6.7438,8857,174
rollernet266,2,62,38,23761,64.1028,3.0746,13742,519
rollernet952,2,62,11,12185,24.7839,6.8882,8605,152
rollernet356,2,62,29,20653,53.1186,3.8204,12684,393
rollernet927,2,62,11,12137,23.734,6.2104,8360,152
rollernet183,2,62,55,28111,84.2765,2.3656,15296,731
rollernet833,2,62,12,12954,26.8786,6.4897,8922,172
rollernet846,2,62,12,13052,27.6274,6.9231,9159,174
rollernet559,2,62,18,16401,37.206,5.4919,10781,250
rollernet401,2,62,25,19631,49.6486,4.4714,12393,342
rollernet958,2,62,11,12197,24.4096,7.157,8658,152
rollernet12,2,62,832,84701,720.5293,33.9821,37190,7871
rollernet103,2,62,97,35793,142.3959,2.1329,18511,1248
rollernet774,2,62,13,13687,31.2944,6.6883,9456,183
rollernet341,2,62,30,21186,57.957,3.818,12900,413
rollernet320,2,62,32,21947,62.1128,3.835,13291,436
rollernet699,2,62,15,14524,32.5145,6.1416,9913,209
rollernet682,2,62,15,14775,35.3066,6.5771,10080,210
rollernet418,2,62,24,19138,50.3665,4.7641,12089,333
rollernet105,2,62,96,35504,133.0258,2.1374,18386,1218
rollernet405,2,62,25,19566,52.732,4.6333,12377,348
rollernet796,2,62,13,13539,29.9619,6.8477,9353,181
rollernet301,2,62,34,22451,63.5763,3.5979,13354,462
rollernet319,2,62,32,21985,62.8019,3.948,13286,439
rollernet70,2,62,143,42436,190.6382,2.9509,22196,1792
rollernet329,2,62,31,21405,60.6335,3.6913,12802,421
rollernet394,2,62,26,19761,51.3153,4.4257,12316,358
rollernet905,2,62,12,12271,26.6278,6.5874,8423,167
rollernet244,2,62,41,24662,73.2146,2.8572,14049,551
rollernet570,2,62,18,16241,39.3908,6.0317,10769,249
rollernet605,2,62,17,15730,37.369,6.3538,10398,239
rollernet661,2,62,16,14976,36.4155,6.221,10098,220
rollernet860,2,62,12,13042,30.1955,7.71,9249,173
rollernet430,2,62,24,18812,47.9797,4.6194,11837,327
rollernet235,2,62,43,25051,72.9023,2.6395,14030,578
rollernet344,2,62,30,21140,56.9442,4.0659,12956,397
rollernet81,2,62,124,39812,166.3108,2.3236,20769,1567
rollernet172,2,62,59,28737,90.6251,2.1237,15378,776
rollernet377,2,62,27,20116,53.3548,4.0938,12389,371
rollernet647,2,62,16,15074,35.9501,6.0296,10103,223
rollernet825,2,62,13,13070,28.473,6.7954,8959,179
rollernet983,2,62,11,12029,25.7451,7.7498,8566,151
rollernet775,2,62,13,13701,31.6603,6.9355,9480,183
rollernet880,2,62,12,12811,29.6987,7.4191,9012,173
rollernet416,2,62,24,19106,50.9545,4.6755,12046,330
rollernet508,2,62,20,17182,42.9206,5.1764,11043,275
rollernet728,2,62,14,14155,32.959,6.5932,9582,196
rollernet713,2,62,14,14267,34.0436,6.8407,9712,194
rollernet476,2,62,21,17766,47.2363,5.1643,11356,291
rollernet305,2,62,33,22130,63.7541,3.2779,12984,449
rollernet240,2,62,42,24751,71.6771,2.4692,13820,566
rollernet90,2,62,111,38033,153.5315,2.3393,19810,1412
rollernet383,2,62,27,19894,54.7328,4.3072,12252,362
rollernet967,2,62,11,12123,28.2462,7.6761,8614,153
rollernet784,2,62,13,13660,32.3096,7.3411,9471,181
rollernet271,2,62,37,23475,67.3392,3.2696,13565,503
rollernet850,2,62,12,13061,28.962,7.0343,9200,173
rollernet347,2,62,29,21013,55.5253,3.9099,12886,395
rollernet464,2,62,22,18141,44.9847,4.9796,11663,308
rollernet552,2,62,19,16604,40.5445,5.985,10934,260
rollernet644,2,62,16,15130,35.4371,6.2595,10143,222
rollernet663,2,62,16,14910,35.4548,6.415,10047,217
rollernet752,2,62,14,13926,35.8933,6.3029,9547,196
rollernet794,2,62,13,13574,30.809,6.7688,9396,181
rollernet380,2,62,27,20039,51.6967,4.1939,12364,366
rollernet336,2,62,30,21184,57.6759,3.7024,12723,415
rollernet948,2,62,11,12173,26.5308,7.1294,8566,150
rollernet425,2,62,24,18995,49.3415,4.7493,12006,331
rollernet414,2,62,25,19139,49.5919,4.5483,11992,343
rollernet435,2,62,23,18635,48.0932,4.6972,11763,322
rollernet518,2,62,20,17073,42.3961,5.2707,11047,277
rollernet222,2,62,45,25518,73.5267,2.4321,14056,618
rollernet312,2,62,32,21869,56.3985,3.3726,12937,443
rollernet621,2,62,17,15386,35.5134,5.9891,10236,234
rollernet214,2,62,47,26062,74.8732,2.4656,14313,634
rollernet954,2,62,11,12187,26.3596,7.6585,8622,152
rollernet426,2,62,24,18987,49.6232,5.0457,12000,325
rollernet456,2,62,22,18291,46.0247,5.1508,11732,305
rollernet885,2,62,12,12737,28.3103,7.0391,8942,175
rollernet804,2,62,13,13344,28.6549,6.2735,9106,181
rollernet321,2,62,32,21818,60.9211,3.8407,13187,432
rollernet249,2,62,41,24260,68.2449,2.7666,13723,547
rollernet158,2,62,64,29693,96.4711,2.1876,15685,839
rollernet890,2,62,12,12616,26.881,6.6468,8783,175
rollernet173,2,62,58,28689,93.5763,2.2637,15389,774
rollernet676,2,62,15,14763,34.6549,6.3845,10007,210
rollernet454,2,62,22,18335,48.0908,5.0893,11750,305
rollernet13,2,62,768,82145,672.9188,28.2692,35818,7396
rollernet855,2,62,12,13049,29.0763,7.5098,9213,173
rollernet238,2,62,42,24952,78.7973,2.7982,14141,571
rollernet156,2,62,64,29912,101.5729,2.0957,15736,841
rollernet996,2,62,11,11811,26.6711,7.8369,8418,149
rollernet174,2,62,58,28640,92.9057,2.1448,15352,766
rollernet58,2,62,173,46181,218.629,3.3843,24416,2130
rollernet115,2,62,87,34093,122.0075,1.9658,17623,1128
rollernet550,2,62,19,16716,42.1564,5.7105,11051,265
rollernet209,2,62,48,26498,78.6057,2.6559,14723,646
rollernet264,2,62,38,23916,67.4402,2.9664,13871,515
rollernet858,2,62,12,13038,28.5583,7.1097,9218,172
rollernet142,2,62,71,31191,102.5939,1.8784,16253,928
rollernet531,2,62,19,16803,38.7864,5.2111,10980,266
rollernet839,2,62,12,13036,28.2993,7.2795,9100,172
rollernet847,2,62,12,13045,29.9349,7.2654,9157,174
rollernet164,2,62,61,29192,93.7764,1.9483,15358,811
rollernet107,2,62,94,35206,126.8949,1.8818,18186,1206
rollernet767,2,62,14,13712,30.8751,7.0594,9465,186
rollernet988,2,62,11,11989,26.153,7.7273,8544,151
rollernet78,2,62,128,40450,172.2817,2.5829,21093,1618
rollernet523,2,62,20,16953,40.5496,5.1617,11031,278
rollernet323,2,62,31,21610,57.3474,3.7293,12991,422
rollernet863,2,62,12,13020,29.3249,7.474,9233,174
rollernet696,2,62,15,14539,34.0149,6.6259,9923,211
rollernet497,2,62,21,17503,43.2262,5.1838,11367,291
rollernet776,2,62,13,13681,31.9793,6.7653,9467,183
rollernet437,2,62,23,18630,48.1614,4.78,11780,322
rollernet229,2,62,44,25349,75.0613,2.7072,14207,595
rollernet66,2,62,152,43581,193.5523,3.0208,22916,1894
rollernet23,2,62,434,67119,455.1472,12.3953,31865,4728
rollernet924,2,62,11,12138,24.9567,6.7768,8352,152
rollernet669,2,62,15,14782,35.6287,6.4496,9967,210
rollernet392,2,62,26,19770,52.4522,4.4246,12316,359
rollernet921,2,62,11,12141,25.657,6.5887,8325,150
rollernet492,2,62,21,17689,45.1728,5.3392,11533,296
rollernet626,2,62,16,15305,37.1611,5.9446,10223,221
rollernet670,2,62,15,14783,33.8856,6.3305,9976,211
rollernet534,2,62,19,16765,40.8673,5.2202,10976,269
rollernet296,2,62,34,22766,62.7985,3.5541,13579,467
rollernet472,2,62,22,17979,46.1837,5.1316,11561,303
rollernet335,2,62,30,21229,57.6194,3.989,12778,420
rollernet750,2,62,14,13909,31.7765,6.6913,9519,197
rollernet512,2,62,20,17141,42.7927,5.1028,11043,276
rollernet157,2,62,64,29867,95.6864,2.119,15755,843
rollernet417,2,62,24,19092,49.7938,4.7186,12018,333
rollernet297,2,62,34,22676,65.154,3.6253,13537,469
rollernet762,2,62,14,13792,31.2623,6.7314,9472,197
rollernet494,2,62,21,17638,45.5699,5.4502,11504,298
rollernet375,2,62,27,20156,54.5573,4.1707,12412,372
rollernet901,2,62,12,12391,27.3552,6.7056,8520,172
rollernet828,2,62,13,13007,28.945,6.7834,8926,178
rollernet628,2,62,16,15320,36.744,6.0887,10257,221
rollernet841,2,62,12,13055,29.7054,7.2295,9137,174
rollernet243,2,62,42,24716,71.6588,3.0435,14063,561
rollernet947,2,62,11,12161,26.0443,7.3573,8550,150
rollernet360,2,62,28,20578,56.9703,4.0966,12623,389
rollernet50,2,62,200,49389,254.1585,4.3036,26177,2434
rollernet721,2,62,14,14255,33.1914,7.3054,9706,197
rollernet666,2,62,15,14811,36.0798,6.3887,9958,210
rollernet619,2,62,17,15482,37.7063,6.0409,10294,234
rollernet289,2,62,35,22944,67.0443,3.49,13614,479
rollernet245,2,62,41,24598,71.3856,2.839,14021,557
rollernet191,2,62,53,27462,82.4601,2.293,14946,708
rollernet679,2,62,15,14778,33.5052,6.3398,10071,211
rollernet813,2,62,13,13241,28.3731,6.2393,9067,178
rollernet308,2,62,33,21987,57.4792,3.0335,12847,447
rollernet447,2,62,23,18466,44.6082,4.5864,11746,318
rollernet481,2,62,21,17807,42.3564,5.0383,11503,295
rollernet923,2,62,11,12146,23.3935,6.2432,8351,151
rollernet133,2,62,76,31965,102.8761,1.8376,16555,987
rollernet124,2,62,81,33076,109.3811,1.8634,17186,1051
rollernet338,2,62,30,21118,53.4257,3.5739,12703,413
rollernet263,2,62,38,23941,65.4111,3.0294,13903,512
rollernet596,2,62,17,15884,35.9268,5.6705,10529,238
rollernet514,2,62,20,17108,39.7637,4.8592,11004,277
rollernet357,2,62,28,20563,52.2188,3.8454,12574,387
rollernet659,2,62,16,14974,33.3628,5.9547,10046,220
rollernet384,2,62,26,19829,49.7356,4.0687,12188,359
rollernet345,2,62,29,21093,54.9155,3.8971,12901,399
rollernet273,2,62,37,23342,62.6891,2.8733,13338,503
rollernet701,2,62,15,14457,32.1951,6.0812,9837,208
rollernet972,2,62,11,12064,25.6494,7.1979,8564,153
rollernet260,2,62,39,24153,67.7741,3.0604,14032,532
rollernet18,2,62,555,72912,495.9589,16.2782,32341,5667
rollernet975,2,62,11,12057,25.9395,7.1292,8562,153
rollernet773,2,62,13,13685,29.6987,6.4332,9446,183
rollernet96,2,62,104,36980,138.9224,1.8798,19203,1330
rollernet177,2,62,57,28232,83.9841,2.0457,15045,752
rollernet14,2,62,713,79867,604.7749,20.4144,34581,6943
rollernet250,2,62,40,24156,63.0448,2.5699,13604,537
rollernet67,2,62,149,43292,194.7331,2.3015,22766,1865
rollernet724,2,62,14,14206,29.6757,6.0436,9645,197
rollernet595,2,62,17,15910,35.8493,5.5454,10566,236
rollernet325,2,62,31,21479,53.8081,3.2916,12807,420
rollernet856,2,62,12,13038,26.8787,6.8873,9205,172
rollernet151,2,62,67,30322,94.4072,1.8133,15926,868
rollernet645,2,62,16,15109,32.7552,5.6295,10120,223
rollernet695,2,62,15,14554,30.912,6.11,9941,211
rollernet299,2,62,34,22587,58.9034,3.281,13467,469
rollernet410,2,62,25,19311,45.6165,4.2081,12103,344
rollernet520,2,62,20,17040,38.0094,4.8967,11046,277
rollernet720,2,62,14,14248,29.7311,6.1821,9708,197
rollernet213,2,62,47,26086,72.2267,2.2751,14301,639
rollernet548,2,62,19,16791,38.4415,5.5455,11118,267
rollernet391,2,62,26,19751,48.7446,4.1165,12247,358
rollernet634,2,62,16,15266,34.1217,5.7746,10222,221
rollernet267,2,62,38,23645,67.0674,2.8851,13654,516
rollernet55,2,62,182,47160,226.5776,2.78,24851,2227
rollernet204,2,62,49,26618,78.1408,2.2016,14548,663
rollernet138,2,62,73,31545,102.7774,1.8976,16568,952
rollernet525,2,62,20,16864,39.7844,5.0506,10991,268
rollernet17,2,62,587,74545,523.4789,15.3943,32892,5926
rollernet491,2,62,21,17686,40.6382,4.9743,11497,296
rollernet304,2,62,33,22236,58.0451,3.1761,13133,452
rollernet754,2,62,14,13903,29.4037,6.2916,9549,197
rollernet217,2,62,46,25898,73.0923,2.3632,14373,619
rollernet579,2,62,18,16173,36.023,5.4744,10766,250
rollernet799,2,62,13,13484,27.3367,6.2421,9278,180
rollernet727,2,62,14,14168,29.5036,6.0386,9593,197
rollernet284,2,62,36,23071,62.0328,3.1476,13520,485
rollernet594,2,62,17,15911,36.1367,5.7232,10560,237
rollernet41,2,62,244,53740,283.8648,3.8035,28340,2917
rollernet654,2,62,16,15018,31.1843,5.7583,10074,222
rollernet772,2,62,13,13692,28.4862,6.3188,9453,183
rollernet11,2,62,907,87623,759.9235,32.7188,39192,8460
rollernet433,2,62,24,18664,42.6068,4.3197,11721,324
rollernet871,2,62,12,12958,27.5875,6.8237,9166,174
rollernet692,2,62,15,14625,32.4734,5.9988,10003,210
rollernet805,2,62,13,13332,26.9451,6.0835,9096,182
rollernet806,2,62,13,13327,26.5612,6.0982,9099,182
rollernet582,2,62,18,16124,36.2289,5.525,10739,248
rollernet259,2,62,39,24083,64.7502,2.8307,13892,529
rollernet768,2,62,13,13704,27.935,6.3953,9459,179
rollernet837,2,62,12,13032,26.1892,6.6199,9084,171
rollernet455,2,62,22,18339,43.1046,4.7673,11767,305
rollernet965,2,62,11,12137,24.2007,6.9583,8612,153
rollernet423,2,62,24,19025,45.3798,4.3923,12040,329
rollernet769,2,62,13,13687,28.3802,6.348,9439,180
rollernet411,2,62,25,19279,46.7671,4.4213,12100,343
rollernet536,2,62,19,16750,39.3374,5.2324,10975,270
rollernet126,2,62,80,32661,106.1141,1.708,16834,1042
rollernet791,2,62,13,13602,27.873,6.398,9428,181
rollernet46,2,62,217,51183,256.7707,3.3121,27089,2623
rollernet340,2,62,30,21154,53.9189,3.585,12807,414
rollernet493,2,62,21,17671,42.1671,5.0556,11527,297
rollernet581,2,62,18,16155,35.5667,5.4705,10752,250
rollernet485,2,62,21,17759,40.7209,4.9955,11528,295
rollernet407,2,62,25,19473,46.8578,4.3554,12246,343
rollernet838,2,62,12,13037,26.7083,6.6994,9092,172
rollernet122,2,62,82,33239,111.0712,1.7539,17201,1056
rollernet429,2,62,24,18872,44.2455,4.3791,11913,329
rollernet5,2,62,1996,127400,1938.1112,136.8539,72484,17005
rollernet551,2,62,19,16668,37.9925,5.4261,11002,266
rollernet730,2,62,14,14105,28.9089,5.9593,9525,196
rollernet944,2,62,11,12175,24.0812,6.543,8549,152
rollernet84,2,62,119,39167,152.8773,1.917,20388,1506
rollernet234,2,62,43,25026,65.7267,2.4087,13943,580
rollernet390,2,62,26,19757,47.4608,3.8828,12251,360
rollernet974,2,62,11,12048,23.5271,6.9192,8556,153
rollernet843,2,62,12,13050,26.4802,6.7086,9137,174
rollernet185,2,62,54,27654,78.607,1.9894,14743,720
rollernet290,2,62,35,22924,59.2886,3.2495,13614,481
rollernet303,2,62,33,22320,57.336,3.2326,13224,454
rollernet785,2,62,13,13654,28.3644,6.4765,9471,181
rollernet658,2,62,16,14993,32.0786,5.7654,10059,219
rollernet844,2,62,12,13053,26.7441,6.7266,9150,174
rollernet381,2,62,27,19974,48.7469,3.8199,12294,368
rollernet869,2,62,12,12960,26.273,6.8885,9156,173
rollernet53,2,62,189,48034,228.3805,2.9642,25488,2304
rollernet782,2,62,13,13668,28.3512,6.4807,9475,182
rollernet190,2,62,53,27470,80.3273,2.1129,14868,704
rollernet187,2,62,54,27522,78.6982,1.9843,14709,723
rollernet117,2,62,86,33716,113.0254,1.7188,17374,1107
rollernet990,2,62,11,11960,23.4217,7.1889,8536,150
rollernet94,2,62,107,37142,136.3094,1.8136,19174,1368
rollernet642,2,62,16,15201,32.5326,5.8254,10228,224
rollernet632,2,62,16,15281,33.1858,5.5722,10234,222
rollernet589,2,62,17,15972,34.7647,5.5035,10621,238
rollernet182,2,62,55,28227,83.4221,2.1478,15375,734
rollernet449,2,62,23,18450,42.9013,4.5534,11755,319
rollernet953,2,62,11,12178,24.3212,6.8516,8605,151
rollernet211,2,62,48,26260,74.5001,2.2663,14475,651
rollernet441,2,62,23,18626,44.3714,4.4619,11847,322
rollernet155,2,62,65,30050,90.9869,1.8768,15862,852
rollernet904,2,62,12,12297,23.4132,6.1535,8442,170
rollernet420,2,62,24,19105,47.8761,4.5213,12070,332
rollernet827,2,62,13,13013,26.6583,6.4153,8917,179
rollernet875,2,62,12,12908,27.3143,7.092,9113,174
rollernet915,2,62,11,12171,23.846,6.2729,8320,152
rollernet913,2,62,11,12201,23.8929,6.3302,8369,152
rollernet477,2,62,21,17794,43.246,4.9512,11421,296
rollernet10,2,62,998,91132,843.0666,39.5215,41630,9147
rollernet421,2,62,24,19070,49.3038,4.5124,12048,329
rollernet160,2,62,63,29711,92.5404,1.974,15751,829
rollernet445,2,62,23,18550,45.0646,4.6297,11811,325
rollernet558,2,62,18,16430,37.862,5.5097,10822,249
rollernet406,2,62,25,19499,49.8889,4.3928,12294,344
rollernet653,2,62,16,15037,32.9184,5.907,10082,222
rollernet963,2,62,11,12160,26.0916,7.1546,8633,152
rollernet711,2,62,15,14324,32.4618,6.1088,9768,205
rollernet387,2,62,26,19782,50.9657,3.9018,12219,359
rollernet386,2,62,26,19754,49.5547,3.8067,12133,358
rollernet544,2,62,19,16824,39.5989,5.4357,11125,270
rollernet282,2,62,36,23085,62.2636,3.0429,13439,484
rollernet516,2,62,20,17106,39.2408,4.854,11057,274
rollernet764,2,62,14,13768,28.524,6.3137,9488,195
rollernet60,2,62,167,45468,203.4795,2.5765,24008,2059
rollernet577,2,62,18,16180,35.652,5.5047,10774,248
rollernet318,2,62,32,21963,57.317,3.5303,13241,441
rollernet79,2,62,127,40234,162.0951,2.0316,20973,1603
rollernet51,2,62,196,48885,236.0182,2.9295,25872,2383
rollernet278,2,62,36,23116,58.9572,2.8445,13302,490
rollernet128,2,62,78,32480,107.4239,1.7335,16742,1023
rollernet829,2,62,13,12993,25.4065,6.3475,8925,177
rollernet57,2,62,176,46559,216.9918,2.6088,24653,2175
rollernet538,2,62,19,16757,37.1651,5.1182,10982,267
rollernet503,2,62,20,17308,38.6676,4.8244,11170,274
rollernet725,2,62,14,14182,29.0614,6.0025,9610,197
rollernet735,2,62,14,14055,29.0557,6.2749,9510,198
rollernet32,2,62,312,59500,353.2702,5.58,30633,3611
rollernet143,2,62,70,31005,104.4196,1.799,16127,912
rollernet650,2,62,16,15076,32.1473,5.6541,10125,220
rollernet625,2,62,16,15312,32.9574,5.5502,10217,220
rollernet608,2,62,17,15658,34.0417,5.4455,10354,236
rollernet285,2,62,36,22961,59.3601,3.0746,13448,480
rollernet704,2,62,15,14414,30.1538,5.8703,9794,207
rollernet118,2,62,85,33798,113.5454,1.7424,17512,1100
rollernet438,2,62,23,18618,43.5719,4.4219,11802,323
rollernet403,2,62,25,19620,47.9896,4.3778,12390,342
rollernet574,2,62,18,16202,36.0633,5.4638,10786,250
rollernet398,2,62,26,19699,47.824,4.2635,12372,358
rollernet521,2,62,20,17015,38.2111,4.9278,11042,275
rollernet101,2,62,99,36177,129.4744,1.8076,18842,1269
rollernet131,2,62,77,32335,104.473,1.814,16938,998
rollernet473,2,62,22,17899,41.1433,4.7227,11486,299
rollernet809,2,62,13,13277,26.776,6.1338,9069,181
rollernet683,2,62,15,14771,31.9066,6.1645,10083,211
rollernet261,2,62,39,24045,64.926,2.9665,13957,527
rollernet719,2,62,14,14254,29.7586,6.1328,9709,197
rollernet446,2,62,23,18502,43.8691,4.477,11776,321
rollernet612,2,62,17,15604,33.709,5.399,10316,239
rollernet950,2,62,11,12174,24.0486,6.7684,8583,150
rollernet362,2,62,28,20579,51.2443,3.8938,12672,390
rollernet197,2,62,51,27048,75.5932,2.1194,14662,677
rollernet239,2,62,42,24819,67.6948,2.5145,13924,567
rollernet914,2,62,11,12198,23.3759,6.1705,8362,151
rollernet467,2,62,22,18129,43.0648,4.8032,11697,304
rollernet926,2,62,11,12131,23.3389,6.1385,8351,152
rollernet504,2,62,20,17290,39.7517,4.8642,11149,278
rollernet254,2,62,40,24031,63.5109,2.5949,13557,540
rollernet970,2,62,11,12088,24.014,7.0053,8583,153
rollernet87,2,62,115,38653,149.0813,1.9437,20180,1456
rollernet39,2,62,256,54936,301.3038,4.2604,28916,3049
rollernet179,2,62,56,27989,81.839,1.9339,14854,755
rollernet1001,2,62,10,11720,23.1337,7.0762,8295,148
rollernet567,2,62,18,16313,36.8752,5.4027,10798,247
rollernet311,2,62,33,21878,54.8855,3.1421,12897,448
rollernet83,2,62,121,39324,152.6491,1.9752,20485,1538
rollernet219,2,62,46,25791,70.4205,2.3105,14220,621
rollernet630,2,62,16,15294,33.6476,5.7968,10237,223
rollernet461,2,62,22,18142,43.7246,4.7564,11597,307
rollernet739,2,62,14,14063,29.6491,6.1256,9562,198
rollernet959,2,62,11,12200,24.8672,7.1447,8665,153
rollernet787,2,62,13,13635,29.4096,6.5555,9459,180
rollernet685,2,62,15,14744,32.869,6.1434,10060,211
rollernet463,2,62,22,18157,45.0435,4.7059,11679,305
rollernet37,2,62,270,56105,314.7384,4.5212,29360,3210
rollernet19,2,62,526,71644,483.9226,12.675,32295,5471
rollernet73,2,62,137,41620,184.4692,2.1136,21778,1719
rollernet146,2,62,69,30671,97.4485,1.797,16048,905
rollernet656,2,62,16,15009,31.2008,5.7143,10065,221
rollernet165,2,62,61,29085,86.6902,1.861,15345,812
rollernet793,2,62,13,13595,28.0052,6.3075,9418,181
rollernet236,2,62,43,25125,67.872,2.5534,14231,581
rollernet698,2,62,15,14538,30.381,6.0878,9932,211
rollernet313,2,62,32,21926,55.7152,3.1839,13060,439
rollernet734,2,62,14,14052,28.1541,5.992,9498,197
rollernet162,2,62,62,29382,87.5984,1.8604,15457,821
rollernet899,2,62,12,12437,23.788,6.2366,8575,171
rollernet966,2,62,11,12128,23.8132,6.9008,8609,153
rollernet687,2,62,15,14701,31.0728,6.1163,10021,211
rollernet583,2,62,18,16096,36.7858,5.5636,10696,249
rollernet814,2,62,13,13246,26.3705,6.1709,9078,181
rollernet867,2,62,12,12987,26.1097,6.9101,9188,173
rollernet876,2,62,12,12876,25.8392,6.6385,9070,174
rollernet835,2,62,12,13008,25.994,6.4426,9015,171
rollernet637,2,62,16,15268,33.1023,5.6796,10261,223
rollernet496,2,62,21,17536,41.6684,4.8959,11387,294
rollernet564,2,62,18,16348,36.1292,5.3384,10768,247
rollernet781,2,62,13,13680,29.0233,6.4025,9489,182
rollernet648,2,62,16,15058,32.2043,5.6821,10090,223
rollernet316,2,62,32,21936,56.9726,3.4038,13161,444
rollernet97,2,62,103,36721,140.2385,1.8976,19026,1322
rollernet218,2,62,46,25866,76.7948,2.3614,14340,624
rollernet148,2,62,68,30753,104.4579,1.9359,16242,898
rollernet726,2,62,14,14180,31.4476,6.1077,9606,197
rollernet949,2,62,11,12178,25.808,6.9305,8582,150
rollernet751,2,62,14,13924,30.7806,6.2093,9541,198
rollernet363,2,62,28,20582,53.6327,3.9575,12710,384
rollernet607,2,62,17,15689,36.8287,5.6128,10374,237
rollernet193,2,62,52,27221,82.4247,2.1312,14669,700
rollernet47,2,62,213,50693,265.6626,3.3811,26887,2582
rollernet540,2,62,19,16766,39.0816,5.1663,11032,269
rollernet40,2,62,250,54262,295.6454,3.9861,28536,3000
rollernet873,2,62,12,12938,27.9667,6.9376,9146,173
rollernet302,2,62,34,22361,60.3061,3.2539,13264,454
rollernet817,2,62,13,13172,26.4011,6.152,9008,178
rollernet684,2,62,15,14750,32.1165,6.1094,10057,212
rollernet617,2,62,17,15536,35.0691,5.5764,10325,235
rollernet109,2,62,92,34919,127.8335,1.8268,18115,1183
rollernet539,2,62,19,16770,40.0793,5.2885,11026,269
rollernet938,2,62,11,12142,24.6779,6.2853,8442,152
rollernet800,2,62,13,13453,27.525,6.1152,9235,182
rollernet262,2,62,39,23989,66.4989,2.9822,13899,525
rollernet992,2,62,11,11924,24.654,7.2819,8517,150
rollernet615,2,62,17,15571,35.4316,5.4555,10331,239
rollernet969,2,62,11,12102,24.7155,7.0478,8597,152
rollernet439,2,62,23,18622,45.7808,4.4625,11828,325
rollernet113,2,62,89,34392,119.0267,1.761,17804,1156
rollernet44,2,62,227,52159,271.8534,3.4273,27676,2738
rollernet322,2,62,31,21693,57.0356,3.5375,13090,424
rollernet141,2,62,71,31140,97.6398,1.7035,16178,931
rollernet991,2,62,11,11956,23.9047,7.2119,8539,150
rollernet86,2,62,117,38725,149.7951,1.9229,20164,1475
rollernet478,2,62,21,17812,42.6498,4.8411,11457,296
rollernet729,2,62,14,14129,29.1804,5.9481,9555,196
rollernet63,2,62,159,44575,203.485,2.5039,23584,1963
rollernet402,2,62,25,19620,49.0974,4.4044,12393,343
rollernet178,2,62,57,28098,82.3919,1.9207,14895,758
rollernet399,2,62,26,19670,50.2908,4.4127,12359,346
rollernet887,2,62,12,12699,26.6641,6.8056,8893,175
rollernet400,2,62,25,19640,48.6395,4.2618,12367,342
rollernet194,2,62,52,27223,78.3389,2.1282,14711,700
rollernet495,2,62,21,17592,40.2568,5.0319,11451,296
rollernet610,2,62,17,15621,33.4249,5.3767,10333,239
rollernet64,2,62,156,44183,193.4279,2.3888,23309,1955
rollernet716,2,62,14,14242,29.3577,6.0594,9681,194
rollernet132,2,62,76,32065,102.4157,1.7033,16553,997
rollernet553,2,62,19,16563,36.9895,5.4243,10916,262
rollernet25,2,62,400,65087,402.7724,8.2371,31510,4428
rollernet442,2,62,23,18625,45.2411,4.4807,11858,322
rollernet450,2,62,23,18430,43.401,4.5469,11740,319
rollernet176,2,62,57,28377,84.637,1.9257,15140,754
rollernet592,2,62,17,15991,35.7332,5.6682,10654,237
rollernet639,2,62,16,15288,33.9201,5.7997,10316,224
rollernet746,2,62,14,13963,29.4044,6.1691,9544,197
rollernet370,2,62,27,20343,50.1748,4.0017,12600,372
rollernet930,2,62,11,12148,22.8897,6.1756,8397,151
rollernet565,2,62,18,16343,36.644,5.3002,10780,249
rollernet314,2,62,32,21958,56.36,3.357,13151,439
rollernet543,2,62,19,16835,38.3524,5.3461,11145,269
rollernet603,2,62,17,15737,33.8586,5.4106,10395,238
rollernet942,2,62,11,12172,23.5112,6.522,8521,153
rollernet462,2,62,22,18144,43.9288,4.5772,11634,307
rollernet920,2,62,11,12149,23.1756,6.0309,8328,152
rollernet780,2,62,13,13682,29.0367,6.4819,9488,182
rollernet76,2,62,132,40954,170.293,2.0336,21391,1652
rollernet71,2,62,141,42276,177.5759,2.1664,22234,1766
rollernet824,2,62,13,13057,25.6822,6.0968,8920,180
rollernet72,2,62,139,41988,176.3463,2.1604,22077,1738
rollernet397,2,62,26,19768,49.2179,4.2803,12426,357
rollernet946,2,62,11,12157,23.7306,6.7023,8539,151
rollernet961,2,62,11,12188,24.6514,6.8393,8656,153
rollernet42,2,62,238,53228,278.0487,3.7535,28136,2849
rollernet440,2,62,23,18632,44.6139,4.4616,11858,325
rollernet233,2,62,43,25162,67.6326,2.5049,14109,577
rollernet22,2,62,454,68075,439.0646,9.7832,31895,4896
rollernet849,2,62,12,13051,26.2675,6.8277,9180,174
rollernet597,2,62,17,15866,34.4388,5.4092,10509,237
rollernet842,2,62,12,13051,26.5795,6.716,9138,174
rollernet533,2,62,19,16793,37.5958,5.2365,11000,266
rollernet522,2,62,20,16977,38.6542,5.0422,11024,276
rollernet34,2,62,294,58014,331.5737,4.9158,30010,3422
rollernet474,2,62,22,17845,40.7625,4.6112,11436,298
rollernet216,2,62,47,25902,70.0551,2.2521,14258,629
rollernet52,2,62,192,48448,231.3211,2.8056,25615,2354
rollernet882,2,62,12,12792,25.5495,6.6651,9001,173
rollernet688,2,62,15,14699,31.2987,6.0887,10037,211
rollernet957,2,62,11,12204,25.2201,7.1457,8663,150
rollernet757,2,62,14,13874,29.579,6.4612,9537,198
rollernet910,2,62,11,12247,24.3706,6.4469,8433,152
rollernet361,2,62,28,20569,54.4153,3.9564,12632,388
rollernet588,2,62,17,15975,37.8257,5.7357,10627,239
rollernet542,2,62,19,16817,39.7592,5.3944,11111,269
rollernet509,2,62,20,17171,39.746,4.7674,11039,277
rollernet668,2,62,15,14774,32.0462,5.8674,9935,210
rollernet468,2,62,22,18105,43.5882,4.8047,11674,304
rollernet790,2,62,13,13622,28.9245,6.511,9451,181
rollernet919,2,62,11,12139,23.49,6.0217,8301,152
rollernet918,2,62,11,12148,23.3823,5.9972,8304,152
rollernet85,2,62,118,38903,153.8686,1.9308,20226,1492
rollernet933,2,62,11,12125,23.8912,6.2177,8391,153
rollernet277,2,62,37,23123,62.0019,2.8275,13266,497
rollernet351,2,62,29,20737,53.593,3.822,12628,395
rollernet830,2,62,13,12963,26.3717,6.4685,8905,177
rollernet348,2,62,29,20922,54.0097,3.8805,12805,393
rollernet587,2,62,17,15958,36.3636,5.6868,10596,238
rollernet693,2,62,15,14595,32.4418,6.136,9975,210
rollernet364,2,62,28,20582,51.82,4.0267,12744,387
rollernet469,2,62,22,18074,42.5229,4.8052,11649,307
rollernet43,2,62,233,52720,270.0478,3.5969,27928,2782
rollernet188,2,62,54,27479,77.4416,2.0015,14699,711
rollernet436,2,62,23,18634,43.0529,4.3877,11775,324
rollernet816,2,62,13,13201,26.2365,6.1586,9027,179
rollernet378,2,62,27,20104,49.8845,3.9131,12416,370
rollernet528,2,62,19,16859,38.7936,5.0659,11023,270
rollernet385,2,62,26,19776,47.7292,3.8128,12130,357
rollernet203,2,62,50,26689,74.0616,2.1892,14567,669
rollernet286,2,62,35,22902,59.4748,3.0477,13437,480
rollernet526,2,62,19,16859,37.5057,5.0583,10997,269
rollernet749,2,62,14,13917,29.1993,6.3329,9521,198
rollernet281,2,62,36,23122,60.8909,3.0228,13471,489
rollernet786,2,62,13,13657,28.7292,6.6474,9480,180
rollernet274,2,62,37,23275,63.6567,2.8322,13274,499
rollernet298,2,62,34,22646,60.0956,3.3789,13514,468
rollernet601,2,62,17,15788,34.251,5.5043,10437,237
rollernet68,2,62,147,42865,180.9441,2.2423,22426,1837
rollernet633,2,62,16,15274,32.6634,5.6029,10228,222
rollernet354,2,62,29,20695,51.5286,3.7035,12628,395
rollernet771,2,62,13,13687,29.3377,6.5659,9445,181
rollernet810,2,62,13,13254,26.9871,6.1296,9056,178
rollernet252,2,62,40,24139,64.471,2.5952,13655,540
rollernet593,2,62,17,15948,35.3267,5.6112,10612,239
rollernet802,2,62,13,13394,27.0565,6.1138,9166,182
rollernet600,2,62,17,15807,34.6861,5.4717,10446,239
rollernet16,2,62,624,75999,538.0711,16.8361,33046,6217
rollernet917,2,62,11,12157,22.4092,6.0549,8311,152
rollernet62,2,62,161,44880,207.9971,2.4633,23665,2000
rollernet195,2,62,52,27108,77.6943,2.0849,14645,691
rollernet513,2,62,20,17120,39.9348,4.7694,11027,279
rollernet861,2,62,12,13040,27.4863,7.0539,9248,174
rollernet184,2,62,55,27894,82.1062,2.0837,15078,732
rollernet257,2,62,39,24021,65.153,2.738,13709,532
rollernet541,2,62,19,16803,39.4982,5.3238,11091,269
rollernet998,2,62,10,11744,23.2777,7.1116,8341,148
rollernet980,2,62,11,12024,24.5853,7.0705,8547,152
rollernet106,2,62,95,35220,124.5601,1.77,18154,1214
rollernet763,2,62,14,13790,28.7193,6.2166,9496,195
rollernet759,2,62,14,13846,28.2616,6.2194,9524,196
rollernet210,2,62,48,26420,74.8674,2.2923,14677,640
rollernet166,2,62,61,29142,85.6405,1.935,15507,805
rollernet665,2,62,16,14835,31.7894,5.7384,9983,212
rollernet506,2,62,20,17231,39.5981,4.8072,11098,272
rollernet674,2,62,15,14762,32.078,5.9445,9988,209
rollernet137,2,62,73,31486,98.1011,1.6731,16302,952
rollernet700,2,62,15,14482,30.2184,5.9912,9867,209
rollernet740,2,62,14,14062,28.8583,6.1319,9576,197
rollernet480,2,62,21,17832,40.1414,4.9551,11524,297
rollernet123,2,62,82,33223,108.5744,1.78,17279,1055
rollernet369,2,62,28,20354,49.2057,3.9009,12582,377
rollernet982,2,62,11,12031,23.4082,7.1078,8567,152
rollernet358,2,62,28,20551,50.3733,3.6528,12550,388
rollernet733,2,62,14,14078,28.2583,5.9668,9516,197
rollernet723,2,62,14,14224,29.1686,6.0588,9668,197
rollernet65,2,62,154,43912,187.9685,2.3492,23100,1919
rollernet255,2,62,40,24034,61.5975,2.5699,13612,541
rollernet999,2,62,10,11741,22.2174,7.0449,8333,148
rollernet125,2,62,80,32766,106.1245,1.6993,16997,1037
rollernet48,2,62,208,50226,247.1345,3.1517,26635,2536
rollernet664,2,62,16,14872,31.5185,6.0348,10013,214
rollernet317,2,62,32,21955,58.8471,3.5898,13225,444
rollernet295,2,62,34,22773,62.2052,3.4146,13574,475
rollernet562,2,62,18,16363,37.3759,5.4524,10763,251
rollernet964,2,62,11,12147,24.7666,6.9585,8617,152
rollernet934,2,62,11,12129,23.4066,6.2238,8399,152
rollernet732,2,62,14,14088,28.7415,5.937,9520,197
rollernet801,2,62,13,13422,26.6222,6.1681,9198,182
rollernet221,2,62,46,25652,70.7493,2.2776,14137,614
rollernet95,2,62,106,36934,134.0675,1.8184,19032,1346
rollernet864,2,62,12,13026,27.072,7.0552,9239,173
rollernet631,2,62,16,15289,33.2425,5.6179,10240,220
rollernet350,2,62,29,20816,52.3577,3.7582,12721,396
rollernet613,2,62,17,15584,33.5886,5.433,10325,239
rollernet272,2,62,37,23383,60.2878,2.8201,13418,500
rollernet859,2,62,12,13045,27.1205,7.0263,9241,173
rollernet38,2,62,263,55457,299.693,4.3781,29092,3129
rollernet452,2,62,23,18389,44.1072,4.6646,11759,317
rollernet186,2,62,54,27723,80.4745,2.0246,14919,718
rollernet894,2,62,12,12516,24.594,6.4772,8654,175
rollernet738,2,62,14,14078,30.4109,6.2916,9569,197
rollernet431,2,62,24,18767,46.4071,4.4716,11801,327
rollernet989,2,62,11,11972,25.2674,7.433,8538,151
rollernet134,2,62,75,31960,108.3637,1.8285,16665,986
rollernet1002,2,62,10,11716,23.2092,7.2245,8294,148
rollernet557,2,62,18,16445,37.0979,5.3652,10825,250
rollernet636,2,62,16,15272,32.9652,5.6447,10259,220
rollernet45,2,62,222,51682,259.3815,3.404,27399,2677
rollernet265,2,62,38,23767,62.0529,2.8532,13703,514
rollernet80,2,62,125,40041,156.6279,1.9687,20900,1581
rollernet929,2,62,11,12145,22.7863,6.1498,8383,151
rollernet98,2,62,102,36630,132.4628,1.8352,19057,1305
rollernet389,2,62,26,19760,47.7312,3.8712,12246,357
rollernet820,2,62,13,13126,25.6377,6.109,8967,181
rollernet756,2,62,14,13876,29.1957,6.2759,9532,198
rollernet519,2,62,20,17069,38.9803,4.8618,11062,276
rollernet395,2,62,26,19791,48.3442,4.1772,12399,358
rollernet573,2,62,18,16181,35.5389,5.3415,10730,252
rollernet102,2,62,98,35944,126.652,1.8605,18654,1259
rollernet328,2,62,31,21448,53.6304,3.3386,12822,423
rollernet393,2,62,26,19776,47.9732,4.0406,12326,361
rollernet315,2,62,32,21948,56.5106,3.4143,13162,441
rollernet310,2,62,33,21950,55.043,3.0678,12908,451
rollernet891,2,62,12,12570,24.6912,6.4091,8728,175
rollernet200,2,62,50,26872,80.1067,2.1678,14704,670
rollernet702,2,62,15,14433,29.5776,5.9126,9810,209
rollernet92,2,62,109,37615,140.9512,1.9037,19530,1389
rollernet237,2,62,43,25096,70.2498,2.7483,14301,579
rollernet215,2,62,47,26023,74.3563,2.3385,14308,626
rollernet535,2,62,19,16753,38.7403,5.1237,10973,267
rollernet777,2,62,13,13674,29.0534,6.5655,9454,183
rollernet900,2,62,12,12409,24.8401,6.3197,8543,171
rollernet36,2,62,278,56779,320.2376,4.601,29722,3257
rollernet343,2,62,30,21208,54.9637,3.7484,13010,413
rollernet349,2,62,29,20888,52.4054,3.7609,12787,395
rollernet753,2,62,14,13917,29.3682,6.2713,9549,198
rollernet227,2,62,44,25566,71.5104,2.545,14360,593
rollernet853,2,62,12,13069,27.2656,6.8849,9236,173
rollernet902,2,62,12,12357,23.281,6.1283,8495,172
rollernet154,2,62,65,30060,91.0878,1.7829,15847,868
rollernet736,2,62,14,14074,28.4268,6.0738,9543,198
rollernet205,2,62,49,26634,75.4812,2.18,14607,663
rollernet459,2,62,22,18154,41.4341,4.6007,11569,308
rollernet568,2,62,18,16283,35.542,5.2422,10781,251
rollernet939,2,62,11,12149,22.9437,6.2402,8455,153
rollernet770,2,62,13,13688,28.3213,6.3348,9447,183
rollernet56,2,62,179,46990,216.5407,2.6955,24974,2187
rollernet61,2,62,164,45173,201.1064,2.4799,23884,2028
rollernet886,2,62,12,12729,25.9206,6.9162,8935,175
rollernet374,2,62,27,20191,50.7016,3.8809,12467,372
rollernet821,2,62,13,13109,26.9588,6.15,8959,180
rollernet908,2,62,11,12238,23.8182,6.2052,8401,152
rollernet15,2,62,666,77988,578.3401,19.5527,33942,6588
rollernet681,2,62,15,14787,31.9652,6.1989,10097,211
rollernet898,2,62,12,12452,24.9934,6.2174,8580,173
rollernet181,2,62,56,28107,86.2788,2.0523,15115,743
rollernet121,2,62,83,33470,114.0881,1.777,17428,1082
rollernet706,2,62,15,14419,30.8506,6.0209,9810,208
rollernet7,2,62,1426,107007,1243.2237,71.9544,54198,12500
rollernet862,2,62,12,13039,27.5301,7.1146,9245,173
rollernet566,2,62,18,16323,38.3812,5.3833,10785,248
rollernet139,2,62,72,31341,103.9674,1.7274,16321,944
rollernet29,2,62,345,61800,380.4726,6.0472,31234,3914
rollernet691,2,62,15,14647,31.2559,6.1324,10023,210
rollernet848,2,62,12,13049,27.4231,6.8015,9172,174
rollernet292,2,62,35,22765,61.8476,3.2455,13455,474
rollernet546,2,62,19,16826,39.7375,5.5415,11139,267
rollernet879,2,62,12,12816,26.455,6.8527,9004,174
rollernet159,2,62,63,29562,90.7732,1.8297,15524,827
rollernet741,2,62,14,14040,28.5073,6.1616,9564,197
rollernet9,2,62,1109,95274,935.3497,46.4589,44542,10020
rollernet208,2,62,48,26515,75.7588,2.3475,14687,645
rollernet333,2,62,30,21316,58.2164,3.5065,12830,420
rollernet201,2,62,50,26773,77.7604,2.2041,14612,668
rollernet928,2,62,11,12135,24.0686,6.179,8365,151
rollernet978,2,62,11,12047,25.05,7.3196,8562,151
rollernet788,2,62,13,13621,30.0572,6.6922,9448,179
rollernet502,2,62,20,17331,41.3079,5.0116,11200,278
rollernet27,2,62,370,63453,401.6128,6.568,31501,4178
rollernet903,2,62,12,12331,24.0567,6.3116,8475,171
rollernet279,2,62,36,23156,62.177,2.9861,13417,490
rollernet331,2,62,31,21397,55.4027,3.5199,12840,425
rollernet505,2,62,20,17262,39.3392,4.8219,11120,275
rollernet168,2,62,60,28951,87.0744,1.9136,15370,791
rollernet334,2,62,30,21302,53.2352,3.5253,12866,421
rollernet256,2,62,39,24035,62.8747,2.6825,13694,536
rollernet337,2,62,30,21128,51.7995,3.4175,12665,415
rollernet242,2,62,42,24751,65.5015,2.5478,14005,565
rollernet253,2,62,40,24113,63.2462,2.59,13637,538
rollernet470,2,62,22,18074,42.0411,4.7448,11658,304
rollernet831,2,62,13,12953,24.8928,6.3548,8912,173
rollernet367,2,62,28,20378,50.2383,3.8916,12540,387
rollernet226,2,62,45,25681,70.7448,2.5422,14517,609
rollernet854,2,62,12,13054,27.0886,6.9272,9216,172
rollernet686,2,62,15,14734,31.7397,6.0888,10050,209
rollernet112,2,62,90,34424,116.7984,1.7263,17728,1150
rollernet737,2,62,14,14075,28.6158,6.0679,9554,198
rollernet951,2,62,11,12184,23.8021,6.6861,8597,152
rollernet731,2,62,14,14090,28.4842,5.8655,9513,196
rollernet228,2,62,44,25471,70.6188,2.4925,14287,592
rollernet3,2,62,3326,173932,4207.4645,356.9868,116819,27592
rollernet127,2,62,79,32633,103.9687,1.7275,16902,1028
rollernet31,2,62,322,60162,392.4993,5.6632,30663,3716
rollernet180,2,62,56,28074,86.8736,2.0514,14995,739
rollernet246,2,62,41,24622,72.5511,2.7828,14027,551
rollernet153,2,62,66,30019,94.6443,1.8544,15713,868
rollernet925,2,62,11,12137,24.2029,6.1556,8357,152
rollernet280,2,62,36,23142,62.8569,2.9526,13451,496
rollernet578,2,62,18,16176,37.4827,5.4947,10769,250
rollernet487,2,62,21,17712,42.595,4.9951,11490,295
rollernet212,2,62,48,26094,72.6252,2.2587,14277,641
rollernet979,2,62,11,12043,24.8513,7.1356,8564,152
rollernet230,2,62,44,25216,70.6236,2.4453,14047,590
rollernet604,2,62,17,15725,35.1937,5.4891,10384,238
rollernet851,2,62,12,13068,27.878,6.8756,9218,173
rollernet968,2,62,11,12121,24.1231,6.9773,8620,152
rollernet207,2,62,49,26479,75.2148,2.2132,14561,656
rollernet443,2,62,23,18639,43.9862,4.5471,11882,322
rollernet524,2,62,20,16899,37.6669,4.9627,10990,272
rollernet515,2,62,20,17100,37.786,4.7714,11015,275
rollernet872,2,62,12,12941,26.1312,6.8012,9148,172
rollernet145,2,62,69,30948,97.1929,1.8427,16240,904
rollernet324,2,62,31,21496,54.0156,3.5069,12857,423
rollernet981,2,62,11,12019,23.905,7.1359,8548,152
rollernet451,2,62,23,18434,43.6672,4.6728,11796,319
rollernet355,2,62,29,20673,51.7162,3.6825,12644,392
rollernet962,2,62,11,12178,23.7737,6.8903,8651,152
rollernet936,2,62,11,12136,23.2378,6.3411,8422,152
rollernet718,2,62,14,14242,30.7186,6.1578,9684,196
rollernet413,2,62,25,19221,47.4317,4.3313,12074,344
rollernet382,2,62,27,19920,51.7689,4.0028,12250,367
rollernet171,2,62,59,28772,88.3491,1.9512,15322,787
rollernet760,2,62,14,13830,28.4849,6.3143,9506,196
rollernet896,2,62,12,12489,24.6909,6.2729,8623,174
rollernet618,2,62,17,15503,34.3302,5.4431,10292,233
rollernet288,2,62,35,22933,59.9089,3.2,13528,477
rollernet646,2,62,16,15101,32.9995,5.8421,10128,222
rollernet590,2,62,17,16009,35.9645,5.673,10667,239
rollernet840,2,62,12,13044,26.883,6.7851,9121,172
rollernet705,2,62,15,14422,31.242,6.0354,9810,207
rollernet537,2,62,19,16751,38.5927,5.1557,10966,266
rollernet507,2,62,20,17194,40.5749,4.7887,11049,277
rollernet91,2,62,110,37821,144.2118,1.866,19636,1407
rollernet826,2,62,13,13061,25.5686,6.2295,8962,178
rollernet434,2,62,23,18627,43.4658,4.3446,11723,323
rollernet206,2,62,49,26597,74.9447,2.2704,14621,653
rollernet931,2,62,11,12135,22.5767,6.099,8389,153
rollernet224,2,62,45,25438,69.0335,2.3957,14069,614
rollernet309,2,62,33,21962,55.8773,2.9651,12864,450
rollernet258,2,62,39,24075,64.1843,2.848,13859,528
rollernet940,2,62,11,12163,23.2452,6.4305,8485,153
rollernet680,2,62,15,14780,31.6736,6.1221,10071,211
rollernet865,2,62,12,13027,26.9721,7.0366,9241,173
rollernet232,2,62,44,25115,67.6175,2.4085,14040,584
rollernet136,2,62,74,31641,98.4027,1.7469,16413,968
rollernet163,2,62,62,29313,86.8175,1.8724,15434,825
rollernet812,2,62,13,13240,26.7165,6.2124,9054,178
rollernet373,2,62,27,20265,51.5873,4.0649,12562,372
rollernet511,2,62,20,17153,39.1602,4.7967,11045,276
rollernet167,2,62,60,29140,90.175,2.0076,15541,797
rollernet510,2,62,20,17155,39.1981,4.7576,11032,278
rollernet332,2,62,31,21352,54.7824,3.4908,12834,422
rollernet291,2,62,35,22874,59.8069,3.2431,13544,474
rollernet150,2,62,67,30201,91.6363,1.7579,15657,877
rollernet276,2,62,37,23159,59.8742,2.7962,13277,500
rollernet912,2,62,11,12214,23.5997,6.1826,8384,152