50,2.157
60,1.741
109,0.929
131,0.748
133,0.743
135,0.725
205,0.462
207,0.464
209,0.456
211,0.413
215,0.429
26,4.301
48,2.247
75,1.373
103,0.95
105,0.953
113,0.881
121,0.809
123,0.795
137,0.722
187,0.49
195,0.497
197,0.512
199,0.474
20,5.585
45,2.394
64,1.621
67,1.562
69,1.508
111,0.916
125,0.766
139,0.746
52,2.055
62,1.691
96,1.022
101,0.974
176,0.503
217,0.411
219,0.388
81,1.256
107,0.938
128,0.763
18,6.172
77,1.326
118,0.829
178,0.502
12,9.176
22,4.991
24,4.554
34,3.293
79,1.313
98,1.026
193,0.491
71,1.464
73,1.445
41,2.614
43,2.494
15,7.711
36,3.107
38,2.928
56,1.901
181,0.554
191,0.483
28,4.004
30,3.716
183,0.524
185,0.493
201,0.48
115,0.883
32,3.429
54,1.992
189,0.472
146,0.659
150,0.659
152,0.624
213,0.42
173,0.545
203,0.437
141,0.721
145,0.679
164,0.559
171,0.573
47,2.324
157,0.593
166,0.543
198,0.447
220,0.433
63,1.723
65,1.65
84,1.254
168,0.548
174,0.529
177,0.564
35,3.147
55,1.964
82,1.307
89,1.144
95,1.098
147,0.659
149,0.642
143,0.693
151,0.642
202,0.459
153,0.617
155,0.589
159,0.601
33,3.402
179,0.544
40,2.825
126,0.816
53,2.056
57,1.91
119,0.831
91,1.128
93,1.081
161,0.589
200,0.451
86,1.224
100,1.048
80,1.323
124,0.83
117,0.865
23,4.989
83,1.215
31,3.685
134,0.728
160,0.602
180,0.499
17,6.806
51,2.115
212,0.45
214,0.441
88,1.187
90,1.143
132,0.754
148,0.645
210,0.442
92,1.133
216,0.429
14,7.919
19,6.168
61,1.782
204,0.45
2,9.581
5,13.406
7,13.391
182,0.507
218,0.436
85,1.185
130,0.759
59,1.845
94,1.069
9,13.3
162,0.585
11,10.851
21,5.545
37,2.964
39,2.802
49,2.205
58,1.806
87,1.159
170,0.531
192,0.477
194,0.478
196,0.453
25,4.616
175,0.559
206,0.435
208,0.42
154,0.644
156,0.626
158,0.626
44,2.528
114,0.882
27,4.213
29,3.87
127,0.784
184,0.508
110,0.927
74,1.417
169,0.591
72,1.47
190,0.494
70,1.511
68,1.578
99,1.012
129,0.778
172,0.537
102,1.022
186,0.506
136,0.705
106,0.977
120,0.84
66,1.621
167,0.592
76,1.412
122,0.843
78,1.366
142,0.676
144,0.659
165,0.615
16,6.879
46,2.369
163,0.588
42,2.69
104,0.987
97,1.073
138,0.683
116,0.85
112,0.884
13,8.966
188,0.526
8,11.508
4,10.528
6,11.106
108,0.919
140,0.656
10,10.354
1,10.973
281,0.32
283,0.329
285,0.306
287,0.29
291,0.291
429,0.167
441,0.169
445,0.183
447,0.174
449,0.182
452,0.167
455,0.164
461,0.145
224,0.399
227,0.409
262,0.35
264,0.345
401,0.183
421,0.191
423,0.194
427,0.173
238,0.415
242,0.395
244,0.388
266,0.327
268,0.326
418,0.185
464,0.187
232,0.398
240,0.409
298,0.317
377,0.224
380,0.24
382,0.232
466,0.166
470,0.151
230,0.396
277,0.326
293,0.285
425,0.194
472,0.161
254,0.379
256,0.374
236,0.403
443,0.169
415,0.194
259,0.338
300,0.305
437,0.177
222,0.397
273,0.318
459,0.169
389,0.195
468,0.157
395,0.2
457,0.177
252,0.385
279,0.34
249,0.33
387,0.198
398,0.198
431,0.172
246,0.363
385,0.217
393,0.2
295,0.283
410,0.199
439,0.175
270,0.33
275,0.315
314,0.256
316,0.269
318,0.238
322,0.265
326,0.26
328,0.262
391,0.195
289,0.283
406,0.21
324,0.26
370,0.219
372,0.223
374,0.227
403,0.195
305,0.268
313,0.286
419,0.179
474,0.166
331,0.263
357,0.221
362,0.207
383,0.206
369,0.222
237,0.345
364,0.205
260,0.353
379,0.203
424,0.174
348,0.251
226,0.391
263,0.335
311,0.283
302,0.302
353,0.196
308,0.268
408,0.212
239,0.331
274,0.33
463,0.159
465,0.164
233,0.376
243,0.351
247,0.346
392,0.211
434,0.174
436,0.176
327,0.259
359,0.222
315,0.276
320,0.252
329,0.251
333,0.27
335,0.251
337,0.257
339,0.243
341,0.229
343,0.228
376,0.212
271,0.302
396,0.207
400,0.195
413,0.196
417,0.19
422,0.189
426,0.187
276,0.313
235,0.358
402,0.211
346,0.254
350,0.264
381,0.2
404,0.204
241,0.369
258,0.358
278,0.301
355,0.223
360,0.207
390,0.231
405,0.187
296,0.305
344,0.255
407,0.185
255,0.322
282,0.297
323,0.253
325,0.25
330,0.263
433,0.173
248,0.371
332,0.244
334,0.244
338,0.249
280,0.291
229,0.404
384,0.198
386,0.219
250,0.367
412,0.195
414,0.195
416,0.2
444,0.177
446,0.17
448,0.18
367,0.243
231,0.384
365,0.238
388,0.224
420,0.195
451,0.177
462,0.178
272,0.323
297,0.268
352,0.259
261,0.318
286,0.315
288,0.314
290,0.314
292,0.306
306,0.288
319,0.278
378,0.22
467,0.163
469,0.182
471,0.171
356,0.242
358,0.224
299,0.277
303,0.26
301,0.262
317,0.277
336,0.244
340,0.274
321,0.271
453,0.174
228,0.389
265,0.336
304,0.291
309,0.295
245,0.354
371,0.213
294,0.301
394,0.222
354,0.263
368,0.209
397,0.198
399,0.191
349,0.232
342,0.264
234,0.404
363,0.241
428,0.198
440,0.181
251,0.331
253,0.343
221,0.416
267,0.332
473,0.168
438,0.178
430,0.188
411,0.191
223,0.428
225,0.436
269,0.331
310,0.267
312,0.268
432,0.199
442,0.171
450,0.174
361,0.241
307,0.277
375,0.217
409,0.182
373,0.216
284,0.287
347,0.227
351,0.203
257,0.335
454,0.167
456,0.149
458,0.175
460,0.181
366,0.223
435,0.169
345,0.218
3,13.014
0,5.531
494,0.146
591,0.133
597,0.111
604,0.102
606,0.107
611,0.114
902,0.068
927,0.063
934,0.068
936,0.069
942,0.064
944,0.058
950,0.077
957,0.059
968,0.08
514,0.134
550,0.136
554,0.137
556,0.136
558,0.148
842,0.083
844,0.066
884,0.072
886,0.065
888,0.061
890,0.079
900,0.069
500,0.149
509,0.147
511,0.15
563,0.121
947,0.064
975,0.059
977,0.054
487,0.184
498,0.15
502,0.146
504,0.154
560,0.161
594,0.12
627,0.099
629,0.092
802,0.075
876,0.073
878,0.071
880,0.078
882,0.081
970,0.08
982,0.068
987,0.067
479,0.159
552,0.136
577,0.137
581,0.132
583,0.13
609,0.122
614,0.117
894,0.077
993,0.077
533,0.135
535,0.127
537,0.12
619,0.134
481,0.16
483,0.178
990,0.063
792,0.076
794,0.083
799,0.081
940,0.063
506,0.146
874,0.076
544,0.154
546,0.151
918,0.071
925,0.056
929,0.076
938,0.065
972,0.071
489,0.187
491,0.174
548,0.15
965,0.064
475,0.158
477,0.156
631,0.106
817,0.09
979,0.06
984,0.067
804,0.073
806,0.066
819,0.09
830,0.072
952,0.07
959,0.064
961,0.065
575,0.131
587,0.124
589,0.128
525,0.147
531,0.142
814,0.069
828,0.069
832,0.075
837,0.061
904,0.06
518,0.135
599,0.134
601,0.129
810,0.067
812,0.07
821,0.083
839,0.064
825,0.082
834,0.083
861,0.07
863,0.071
897,0.081
922,0.08
931,0.077
540,0.159
623,0.12
568,0.131
585,0.128
661,0.105
663,0.109
667,0.111
669,0.12
676,0.092
678,0.099
680,0.104
684,0.096
688,0.104
690,0.111
692,0.111
995,0.067
892,0.07
496,0.153
542,0.159
778,0.071
780,0.083
782,0.086
784,0.089
786,0.077
788,0.079
871,0.078
846,0.067
848,0.069
955,0.06
528,0.121
516,0.129
913,0.053
579,0.126
616,0.105
634,0.104
775,0.088
815,0.092
862,0.074
881,0.062
621,0.133
625,0.112
996,0.053
696,0.108
718,0.112
750,0.089
946,0.067
948,0.071
954,0.066
963,0.063
748,0.085
764,0.106
785,0.089
787,0.087
766,0.092
485,0.183
762,0.092
809,0.104
677,0.11
608,0.124
654,0.106
656,0.101
658,0.109
637,0.106
644,0.1
742,0.096
641,0.101
650,0.104
826,0.08
576,0.127
578,0.13
580,0.128
646,0.104
777,0.091
920,0.076
974,0.077
976,0.075
522,0.156
683,0.102
685,0.108
779,0.093
488,0.135
648,0.095
989,0.071
915,0.057
917,0.061
490,0.143
687,0.092
519,0.163
639,0.099
660,0.103
662,0.1
664,0.088
666,0.084
668,0.088
670,0.084
675,0.105
689,0.088
701,0.088
703,0.085
705,0.086
707,0.098
711,0.103
713,0.089
715,0.088
720,0.108
722,0.104
789,0.091
791,0.09
811,0.091
813,0.092
570,0.132
539,0.114
841,0.072
870,0.075
887,0.087
889,0.067
896,0.075
567,0.137
572,0.128
745,0.09
699,0.087
709,0.113
793,0.084
798,0.084
800,0.081
845,0.081
851,0.078
541,0.117
602,0.107
727,0.098
731,0.096
733,0.088
752,0.084
836,0.083
843,0.075
849,0.083
853,0.069
857,0.064
865,0.077
867,0.077
899,0.075
545,0.124
739,0.1
824,0.071
543,0.12
829,0.084
831,0.085
847,0.083
735,0.094
760,0.089
795,0.083
536,0.165
910,0.082
986,0.061
492,0.138
672,0.093
873,0.081
618,0.1
991,0.074
561,0.106
757,0.097
574,0.123
565,0.131
773,0.08
638,0.11
759,0.093
761,0.082
763,0.084
781,0.093
783,0.086
820,0.072
838,0.081
850,0.073
852,0.081
854,0.092
520,0.138
584,0.125
723,0.079
749,0.105
751,0.107
818,0.077
840,0.083
856,0.085
895,0.072
476,0.152
538,0.166
640,0.121
679,0.102
681,0.1
956,0.068
958,0.059
960,0.068
962,0.066
964,0.073
966,0.078
674,0.098
945,0.071
693,0.092
911,0.051
562,0.139
593,0.126
858,0.085
744,0.097
754,0.083
612,0.123
636,0.109
710,0.09
712,0.1
716,0.101
725,0.103
985,0.061
695,0.096
697,0.088
643,0.111
729,0.09
529,0.14
691,0.089
808,0.073
507,0.144
607,0.121
651,0.103
860,0.08
864,0.075
866,0.077
534,0.145
527,0.144
933,0.071
935,0.062
937,0.069
939,0.07
941,0.062
943,0.075
771,0.071
532,0.142
930,0.062
879,0.078
893,0.072
596,0.122
797,0.078
924,0.083
926,0.073
928,0.062
657,0.114
598,0.112
600,0.112
822,0.07
906,0.056
737,0.095
868,0.069
908,0.065
503,0.132
523,0.133
582,0.122
586,0.11
588,0.116
613,0.127
686,0.098
790,0.081
796,0.081
816,0.075
869,0.081
914,0.077
916,0.072
949,0.065
741,0.084
647,0.109
615,0.127
653,0.104
665,0.119
769,0.07
823,0.085
905,0.071
951,0.061
967,0.055
969,0.053
971,0.057
981,0.059
983,0.066
747,0.097
633,0.103
642,0.114
805,0.093
807,0.098
827,0.087
907,0.068
698,0.108
708,0.098
714,0.101
702,0.121
655,0.105
700,0.118
704,0.11
706,0.103
877,0.078
610,0.107
595,0.115
753,0.102
755,0.106
909,0.06
953,0.058
973,0.063
891,0.069
635,0.103
652,0.118
932,0.062
694,0.118
508,0.157
555,0.131
603,0.125
605,0.133
513,0.156
515,0.157
517,0.156
564,0.129
566,0.119
617,0.139
756,0.081
484,0.145
721,0.087
569,0.118
592,0.104
740,0.09
768,0.088
682,0.117
734,0.107
673,0.104
770,0.097
590,0.106
493,0.172
526,0.137
624,0.115
743,0.096
728,0.102
645,0.108
730,0.099
758,0.078
772,0.094
521,0.143
530,0.13
994,0.049
992,0.051
919,0.061
921,0.056
923,0.051
978,0.082
980,0.077
988,0.062
495,0.162
903,0.075
620,0.101
478,0.155
717,0.089
732,0.099
883,0.067
885,0.078
912,0.078
480,0.15
551,0.138
622,0.116
719,0.08
736,0.092
497,0.16
486,0.135
803,0.088
898,0.065
724,0.104
632,0.119
649,0.118
510,0.156
801,0.087
573,0.126
571,0.114
549,0.121
746,0.092
524,0.14
505,0.157
499,0.153
875,0.074
553,0.121
557,0.116
559,0.094
774,0.083
776,0.072
726,0.102
482,0.144
767,0.082
547,0.13
626,0.115
859,0.065
512,0.163
855,0.065
659,0.104
738,0.094
872,0.072
501,0.146
628,0.124
765,0.08
630,0.121
901,0.073
833,0.082
835,0.071
671,0.109
1168,0.057
1195,0.038
1209,0.039
1211,0.042
1213,0.049
1223,0.048
1804,0.022
1806,0.024
1869,0.024
1871,0.024
1873,0.022
1885,0.028
1887,0.031
1889,0.025
1891,0.026
1901,0.034
1903,0.028
1916,0.024
1918,0.023
1937,0.027
1939,0.029
1029,0.066
1031,0.067
1100,0.064
1102,0.066
1108,0.054
1110,0.053
1112,0.052
1114,0.05
1116,0.054
1118,0.05
1685,0.026
1687,0.027
1689,0.024
1769,0.023
1771,0.019
1773,0.02
1775,0.024
1777,0.024
1779,0.025
1781,0.023
1783,0.024
1801,0.028
1000,0.053
1002,0.054
1004,0.06
1018,0.06
1020,0.063
1022,0.063
1024,0.061
1026,0.062
1127,0.041
1129,0.045
1136,0.049
1895,0.032
1951,0.024
1953,0.022
997,0.061
1006,0.054
1008,0.049
1010,0.05
1120,0.058
1122,0.058
1124,0.059
1255,0.037
1257,0.045
1605,0.036
1607,0.037
1753,0.017
1755,0.02
1757,0.021
1759,0.016
1761,0.02
1763,0.019
1765,0.023
1899,0.03
1941,0.027
1943,0.027
1949,0.025
1965,0.023
1967,0.024
1975,0.023
1977,0.027
1105,0.039
1155,0.047
1157,0.044
1163,0.047
1165,0.038
1218,0.045
1220,0.041
1228,0.053
1230,0.044
1788,0.028
1790,0.028
1986,0.024
1988,0.024
1067,0.057
1069,0.071
1071,0.063
1073,0.062
1075,0.066
1225,0.055
1981,0.017
1585,0.038
1587,0.035
1589,0.036
1882,0.024
1012,0.045
1014,0.045
1016,0.05
1601,0.04
1603,0.042
1749,0.016
1090,0.054
1092,0.056
1837,0.02
1839,0.025
1851,0.025
1853,0.025
1855,0.028
1857,0.029
1859,0.027
1866,0.023
1875,0.027
1877,0.027
1879,0.026
1945,0.024
1193,0.043
1930,0.026
1932,0.025
1261,0.036
1263,0.037
1634,0.032
1636,0.035
1914,0.02
1959,0.022
1961,0.022
1963,0.022
1969,0.023
1253,0.037
1583,0.039
1591,0.035
1609,0.043
1611,0.04
1613,0.03
1639,0.041
1641,0.037
1660,0.031
1662,0.027
1767,0.022
1893,0.028
1897,0.027
1905,0.026
1920,0.027
1922,0.031
1924,0.028
1947,0.027
1955,0.023
1957,0.025
1971,0.021
1973,0.021
1979,0.021
1983,0.021
1150,0.054
1152,0.055
1175,0.049
1177,0.044
1179,0.049
1181,0.043
1259,0.038
1051,0.062
1628,0.038
1630,0.034
1656,0.032
1658,0.032
1674,0.029
1676,0.03
1808,0.027
1086,0.06
1088,0.056
1036,0.055
1038,0.061
1199,0.045
1201,0.046
1061,0.056
1063,0.051
1598,0.029
1620,0.04
1622,0.038
1624,0.035
1643,0.035
1679,0.018
1681,0.024
1650,0.034
1652,0.033
1654,0.035
1667,0.026
1669,0.028
1671,0.022
1723,0.025
1725,0.026
1727,0.024
1729,0.023
1795,0.024
1797,0.023
1799,0.022
1845,0.023
1847,0.026
1849,0.028
1861,0.03
1863,0.026
1097,0.062
1265,0.034
1080,0.053
1082,0.052
1094,0.051
1247,0.035
1249,0.041
1138,0.041
1140,0.038
1160,0.051
1170,0.054
1322,0.042
1324,0.042
1326,0.036
1334,0.031
1336,0.036
1338,0.039
1352,0.046
1354,0.041
1356,0.043
1358,0.051
1360,0.046
1369,0.041
1377,0.045
1379,0.041
1381,0.04
1383,0.038
1385,0.04
1387,0.041
1990,0.018
1992,0.022
1183,0.048
1185,0.045
1187,0.044
1189,0.045
1664,0.03
1785,0.023
1084,0.054
1366,0.044
1371,0.047
1557,0.039
1559,0.037
1561,0.039
1563,0.043
1569,0.038
1571,0.041
1573,0.034
1575,0.034
1577,0.035
1743,0.023
1745,0.023
1747,0.021
1751,0.018
1197,0.039
1632,0.031
1693,0.027
1695,0.028
1697,0.031
1910,0.019
1912,0.021
1928,0.024
1691,0.03
1702,0.02
1057,0.057
1720,0.024
1033,0.054
1827,0.025
1829,0.025
1232,0.046
1234,0.047
1215,0.051
1233,0.047
1235,0.04
1254,0.052
1256,0.044
1258,0.039
1260,0.046
1262,0.046
1268,0.055
1270,0.049
1551,0.032
1631,0.029
1724,0.021
1726,0.023
1762,0.031
1764,0.026
1766,0.024
1243,0.035
1251,0.039
1883,0.024
1994,0.02
1240,0.05
1245,0.031
1264,0.05
1266,0.053
1361,0.029
1393,0.043
1437,0.037
1792,0.029
1907,0.028
1926,0.025
1497,0.03
1499,0.032
1528,0.038
1530,0.04
1570,0.024
1572,0.026
1574,0.026
1576,0.031
1553,0.028
1532,0.036
1534,0.039
1525,0.033
1619,0.028
1784,0.019
1786,0.022
1340,0.04
1216,0.047
1308,0.03
1310,0.033
1312,0.04
1314,0.043
1316,0.037
1318,0.049
1289,0.04
1272,0.041
1282,0.037
1284,0.031
1286,0.035
1300,0.031
1001,0.065
1003,0.051
1007,0.059
1153,0.051
1159,0.051
1161,0.045
1291,0.045
1293,0.047
1295,0.051
1555,0.029
1841,0.023
1367,0.044
1297,0.048
1198,0.056
1200,0.052
1826,0.022
1828,0.021
1830,0.024
1832,0.03
1834,0.032
1373,0.049
1375,0.05
1384,0.043
1040,0.069
1042,0.057
1274,0.044
1276,0.035
1278,0.039
1280,0.037
1320,0.042
1328,0.038
1330,0.036
1332,0.033
1342,0.042
1350,0.045
1363,0.033
1365,0.039
1398,0.035
1402,0.031
1404,0.031
1406,0.029
1408,0.034
1410,0.039
1412,0.042
1414,0.029
1422,0.032
1424,0.029
1426,0.029
1428,0.029
1430,0.032
1432,0.035
1434,0.034
1439,0.031
1441,0.042
1443,0.036
1445,0.039
1447,0.04
1579,0.041
1581,0.039
1608,0.029
1610,0.028
1612,0.032
1614,0.039
1616,0.038
1621,0.03
1623,0.028
1625,0.027
1627,0.029
1629,0.026
1142,0.037
1566,0.027
1678,0.024
1680,0.017
1682,0.02
1684,0.025
1756,0.028
1758,0.03
1760,0.03
1134,0.05
1144,0.05
1178,0.051
1180,0.049
1182,0.049
1206,0.057
1491,0.037
1493,0.032
1400,0.036
1419,0.041
1596,0.021
1600,0.022
1690,0.017
1692,0.02
1166,0.056
1186,0.051
1455,0.036
1457,0.033
1463,0.032
1465,0.028
1467,0.034
1469,0.033
1501,0.032
1503,0.028
1505,0.025
1673,0.018
1675,0.019
1686,0.023
1688,0.018
1699,0.03
1701,0.034
1704,0.024
1706,0.027
1708,0.02
1715,0.021
1717,0.022
1731,0.021
1733,0.025
1735,0.025
1737,0.022
1739,0.027
1810,0.023
1843,0.02
1858,0.025
1479,0.047
1481,0.044
1648,0.032
1104,0.064
1106,0.065
1602,0.024
1604,0.029
1633,0.033
1635,0.037
1637,0.039
1452,0.034
1005,0.055
1172,0.052
1174,0.048
1176,0.051
1659,0.025
1661,0.026
1663,0.019
1665,0.023
1694,0.018
1696,0.018
1798,0.023
1881,0.029
1471,0.038
1473,0.04
1523,0.026
1820,0.028
1822,0.027
1867,0.022
1487,0.04
1489,0.038
1564,0.021
1594,0.023
1065,0.051
1203,0.041
1606,0.029
1237,0.041
1836,0.031
1123,0.042
1125,0.039
1009,0.07
1390,0.045
1507,0.025
1515,0.038
1517,0.039
1568,0.026
1395,0.05
1645,0.036
1151,0.044
1302,0.04
1304,0.038
1131,0.043
1512,0.032
1549,0.024
1034,0.055
1277,0.046
1279,0.054
1514,0.025
1516,0.029
1518,0.027
1520,0.023
1522,0.025
1524,0.03
1526,0.028
1562,0.021
1703,0.027
1705,0.024
1707,0.024
1709,0.033
1711,0.025
1098,0.056
1219,0.055
1449,0.04
1638,0.033
1672,0.025
1698,0.018
1713,0.022
1791,0.018
1793,0.017
1078,0.046
1096,0.049
1128,0.059
1188,0.047
1281,0.049
1283,0.05
1359,0.034
1838,0.026
1913,0.025
1915,0.021
1917,0.019
1919,0.019
1921,0.022
1923,0.025
1925,0.023
1927,0.025
1929,0.024
1931,0.026
1933,0.026
1935,0.023
1344,0.041
1346,0.042
1348,0.047
1484,0.027
1890,0.024
1892,0.021
1238,0.05
1309,0.05
1389,0.04
1824,0.026
1044,0.062
1046,0.068
1048,0.068
1126,0.056
1719,0.026
1087,0.058
1089,0.062
1091,0.064
1486,0.03
1488,0.027
1508,0.035
1510,0.03
1803,0.022
1027,0.066
1227,0.05
1229,0.047
1420,0.031
1433,0.032
1435,0.032
1451,0.033
1453,0.036
1970,0.022
1391,0.042
1287,0.046
1459,0.032
1461,0.029
1059,0.057
1382,0.041
1618,0.039
1053,0.061
1221,0.051
1303,0.043
1305,0.05
1246,0.054
1248,0.049
1416,0.028
1418,0.029
1721,0.025
1728,0.024
1730,0.024
1732,0.022
1734,0.025
1231,0.05
1285,0.048
1055,0.054
1066,0.062
1744,0.031
1746,0.03
1868,0.023
1870,0.021
1872,0.026
1874,0.024
1876,0.018
1878,0.023
1880,0.024
1884,0.022
1886,0.019
1888,0.021
1543,0.028
1545,0.029
1547,0.033
1212,0.05
1064,0.06
1554,0.028
1536,0.041
1646,0.026
1307,0.049
1339,0.037
1341,0.033
1593,0.038
1595,0.037
1597,0.042
1599,0.043
1133,0.049
1742,0.026
1840,0.026
1842,0.025
1015,0.063
1250,0.05
1315,0.042
1317,0.043
1323,0.04
1325,0.041
1335,0.036
1337,0.04
1190,0.053
1813,0.024
1475,0.042
1477,0.042
1736,0.026
1738,0.025
1740,0.026
1490,0.028
1205,0.032
1207,0.039
1815,0.027
1817,0.026
1032,0.05
1058,0.049
1060,0.045
1062,0.057
1068,0.056
1117,0.051
1164,0.054
1184,0.048
1533,0.029
1546,0.034
1580,0.026
1582,0.028
1584,0.03
1592,0.023
1626,0.036
1823,0.024
1831,0.022
1833,0.018
1146,0.049
1148,0.05
1483,0.043
1485,0.04
1011,0.074
1050,0.061
1052,0.062
1054,0.057
1056,0.053
1070,0.049
1072,0.059
1156,0.056
1202,0.051
1208,0.056
1210,0.051
1214,0.048
1319,0.04
1321,0.046
1331,0.05
1343,0.032
1345,0.032
1347,0.039
1349,0.04
1362,0.051
1364,0.051
1538,0.042
1540,0.04
1550,0.038
1552,0.032
1683,0.022
1722,0.022
1812,0.021
1814,0.018
1860,0.024
1862,0.023
1865,0.024
1934,0.024
1936,0.021
1938,0.02
1940,0.02
1942,0.022
1962,0.026
1964,0.023
1966,0.024
1968,0.026
1985,0.016
1987,0.015
1989,0.016
998,0.056
1074,0.052
1076,0.049
1470,0.025
1472,0.023
1474,0.024
1495,0.036
1852,0.025
1267,0.033
1269,0.034
1615,0.028
1617,0.028
1854,0.024
1856,0.024
1301,0.044
1556,0.023
1805,0.023
1807,0.019
1716,0.028
1718,0.025
1288,0.033
1290,0.03
1397,0.043
1417,0.043
1440,0.024
1442,0.025
1558,0.022
1560,0.024
1275,0.044
1311,0.047
1313,0.039
1351,0.04
1353,0.041
1355,0.04
1401,0.047
1421,0.041
1423,0.04
1436,0.034
1446,0.029
1772,0.027
1222,0.049
1192,0.05
1194,0.058
1196,0.063
1506,0.034
1819,0.02
1821,0.024
1825,0.026
1327,0.041
1329,0.045
1333,0.045
1298,0.028
1357,0.034
1816,0.021
1972,0.02
1535,0.028
1273,0.041
1306,0.032
1864,0.024
1565,0.039
1372,0.042
1374,0.035
1376,0.036
1378,0.041
1017,0.056
1019,0.052
1835,0.015
1700,0.018
1028,0.051
1030,0.042
1077,0.064
1130,0.061
1132,0.058
1521,0.033
1741,0.026
1818,0.022
1909,0.029
1911,0.027
1162,0.053
1586,0.027
1657,0.023
1770,0.025
999,0.062
1079,0.062
1081,0.067
1139,0.057
1141,0.064
1425,0.038
1427,0.031
1537,0.027
1539,0.026
1548,0.032
1666,0.023
1668,0.022
1670,0.022
1809,0.019
1811,0.019
1454,0.037
1456,0.037
1494,0.034
1415,0.043
1429,0.033
1431,0.028
1541,0.024
1204,0.05
1458,0.037
1460,0.035
1466,0.033
1496,0.039
1101,0.041
1567,0.036
1588,0.024
1590,0.022
1896,0.023
1527,0.03
1023,0.06
1448,0.028
1748,0.029
1850,0.027
1025,0.067
1529,0.027
1531,0.023
1380,0.035
1386,0.044
1388,0.044
1476,0.026
1509,0.026
1511,0.03
1107,0.041
1109,0.048
1500,0.038
1502,0.037
1504,0.038
1242,0.053
1244,0.052
1513,0.032
1035,0.051
1844,0.023
1846,0.028
1848,0.028
1480,0.021
1640,0.03
1642,0.027
1644,0.025
1043,0.057
1045,0.055
1047,0.055
1121,0.042
1519,0.034
1145,0.048
1147,0.053
1154,0.049
1271,0.038
1167,0.035
1169,0.04
1946,0.025
1948,0.022
1950,0.023
1952,0.024
1954,0.026
1217,0.047
1647,0.029
1039,0.05
1236,0.046
1653,0.029
1655,0.025
1093,0.063
1095,0.061
1099,0.044
1143,0.052
1171,0.04
1292,0.029
1299,0.049
1368,0.042
1370,0.04
1392,0.042
1710,0.022
1787,0.018
1041,0.053
1226,0.056
1578,0.027
1649,0.024
1083,0.063
1137,0.05
1252,0.05
1413,0.035
1224,0.047
1958,0.026
1960,0.027
1103,0.044
1796,0.026
1498,0.036
1049,0.053
1135,0.049
1750,0.03
1399,0.036
1403,0.048
1021,0.055
1651,0.028
1450,0.031
1462,0.034
1149,0.044
1405,0.052
1407,0.042
1542,0.034
1544,0.031
1898,0.019
1900,0.018
1902,0.018
1904,0.02
1906,0.019
1908,0.016
1085,0.058
1191,0.037
1894,0.018
1294,0.025
1296,0.028
1782,0.022
1464,0.036
1492,0.026
1468,0.029
1478,0.024
1158,0.053
1712,0.027
1714,0.024
1944,0.02
1800,0.023
1802,0.025
1115,0.045
1794,0.026
1776,0.026
1768,0.024
1173,0.043
1978,0.023
1980,0.025
1982,0.026
1984,0.024
1778,0.025
1774,0.026
1780,0.022
1111,0.051
1113,0.052
1013,0.062
1239,0.043
1409,0.037
1974,0.023
1754,0.03
1956,0.025
1394,0.033
1119,0.038
1438,0.03
1677,0.02
1241,0.034
1037,0.049
1411,0.034
1396,0.032
1976,0.021
1752,0.028
1789,0.017
1991,0.015
1993,0.019
1444,0.025
1482,0.021
2015,0.017
2017,0.018
2019,0.015
2021,0.015
2039,0.017
3008,0.005
3010,0.005
3115,0.01
3117,0.009
3119,0.009
3121,0.009
3123,0.009
3142,0.01
3144,0.008
3146,0.008
3148,0.007
3150,0.008
3152,0.01
3169,0.012
3171,0.012
3173,0.011
3194,0.007
3196,0.007
3198,0.007
3228,0.01
3230,0.008
3232,0.009
2808,0.006
2810,0.003
2812,0.004
2814,0.005
2816,0.006
2818,0.008
2949,0.007
2951,0.006
2953,0.005
2955,0.006
2957,0.005
2959,0.005
2961,0.006
2963,0.007
2965,0.008
2967,0.01
2969,0.009
2971,0.008
2973,0.009
3001,0.009
3003,0.007
3159,0.008
3252,0.01
3254,0.01
3256,0.01
2092,0.01
2094,0.009
2096,0.012
2676,0.005
2678,0.007
2680,0.007
2922,0.004
2924,0.006
2926,0.01
2928,0.007
2930,0.007
2932,0.004
2934,0.005
2936,0.007
2938,0.008
2940,0.009
2942,0.008
2944,0.008
3165,0.009
3167,0.009
3234,0.011
3236,0.011
3238,0.011
3249,0.005
3275,0.008
3277,0.009
3279,0.01
3281,0.01
3292,0.005
3294,0.005
3296,0.007
2030,0.015
2032,0.018
2034,0.017
2047,0.022
2049,0.021
2980,0.007
2982,0.007
2984,0.006
2986,0.007
3310,0.006
3312,0.004
3314,0.005
3316,0.003
2041,0.015
3302,0.005
3304,0.006
2643,0.011
2645,0.009
2647,0.006
2649,0.006
3137,0.01
3139,0.008
2669,0.01
2671,0.01
2673,0.012
2915,0.011
3062,0.012
3064,0.012
3066,0.011
3068,0.01
3085,0.008
3087,0.007
3089,0.009
3091,0.009
3093,0.014
3095,0.013
3097,0.009
3099,0.006
3110,0.006
3112,0.005
3125,0.009
3127,0.008
3129,0.009
3131,0.01
3133,0.01
3135,0.011
3240,0.011
3242,0.009
3244,0.011
3217,0.004
3219,0.005
3221,0.004
2104,0.012
2106,0.013
2108,0.017
2724,0.007
2726,0.008
2728,0.008
3190,0.008
3192,0.006
3266,0.009
3268,0.009
3270,0.01
3272,0.01
3283,0.01
3285,0.009
2638,0.008
2640,0.006
2651,0.006
2653,0.005
2655,0.005
2682,0.009
2684,0.009
2686,0.009
2688,0.007
2731,0.009
2733,0.01
2735,0.011
2767,0.008
2769,0.008
2771,0.01
2773,0.009
2946,0.011
3154,0.01
3156,0.01
3161,0.009
3163,0.011
3175,0.011
3177,0.011
3200,0.008
3202,0.01
3204,0.011
3206,0.011
3246,0.014
3258,0.011
3260,0.012
3262,0.009
3264,0.01
3287,0.009
3289,0.008
3298,0.007
3300,0.006
3306,0.006
3308,0.006
3005,0.006
2098,0.013
2100,0.014
2713,0.012
2715,0.01
2717,0.009
2719,0.007
2761,0.007
2763,0.007
2765,0.01
2793,0.01
2795,0.008
3012,0.004
3014,0.006
3016,0.007
1999,0.018
2001,0.016
2003,0.017
2664,0.014
2666,0.01
2700,0.005
2702,0.004
2704,0.004
2706,0.005
2708,0.005
2737,0.01
2739,0.01
2798,0.005
2800,0.004
2802,0.005
2690,0.006
2750,0.006
2752,0.006
2754,0.004
2756,0.004
2758,0.006
2779,0.007
2781,0.006
2783,0.007
2785,0.01
2787,0.01
2789,0.009
2791,0.009
2872,0.004
2874,0.005
2876,0.005
2878,0.006
2880,0.007
2882,0.009
2992,0.007
2994,0.006
2996,0.004
2998,0.004
3075,0.006
3077,0.008
3079,0.007
3081,0.008
3083,0.01
3101,0.009
3103,0.008
3105,0.008
3107,0.01
2079,0.02
2081,0.02
2083,0.018
2085,0.018
2204,0.015
2206,0.014
2208,0.012
2210,0.014
2212,0.016
2223,0.021
2225,0.022
2227,0.023
2229,0.024
2231,0.021
2254,0.017
2256,0.019
2258,0.015
2260,0.018
2262,0.019
2264,0.015
2266,0.016
2268,0.015
2282,0.018
2284,0.015
2295,0.02
2297,0.022
2299,0.025
2301,0.023
2303,0.019
2305,0.018
2307,0.019
2309,0.017
2311,0.015
2313,0.016
3318,0.003
3320,0.003
2775,0.009
2975,0.009
2977,0.008
2276,0.016
2278,0.015
2280,0.017
2286,0.014
2596,0.01
2598,0.01
2600,0.011
2602,0.011
2604,0.012
2606,0.012
2615,0.008
2617,0.007
2619,0.008
2621,0.006
2623,0.004
2625,0.006
2627,0.005
2629,0.006
2905,0.01
2907,0.008
2909,0.008
2911,0.011
2913,0.012
2917,0.011
2919,0.011
1995,0.018
1997,0.021
2721,0.006
2822,0.007
2824,0.007
2826,0.007
2828,0.006
2830,0.004
3184,0.009
3186,0.008
3188,0.008
3213,0.009
3215,0.006
2820,0.008
2836,0.004
2838,0.006
2867,0.009
2869,0.008
3045,0.006
3047,0.004
3049,0.004
2051,0.024
2053,0.022
2055,0.022
2057,0.016
2023,0.018
2025,0.015
2037,0.018
2059,0.01
2102,0.018
2113,0.012
2115,0.013
2117,0.01
2119,0.012
2586,0.01
2718,0.005
2720,0.005
2071,0.016
2073,0.021
2075,0.018
2086,0.012
2088,0.008
2090,0.01
3138,0.008
3140,0.008
3322,0.002
3324,0.001
2068,0.013
2077,0.019
2110,0.014
2323,0.017
2395,0.016
2397,0.015
2988,0.008
3158,0.01
3160,0.007
3162,0.005
3164,0.005
3166,0.005
3179,0.012
3208,0.01
3210,0.008
3212,0.008
3214,0.008
3216,0.01
2495,0.006
2497,0.005
2499,0.009
2501,0.009
2547,0.009
2549,0.011
2551,0.012
2553,0.011
2618,0.01
2620,0.01
2622,0.01
2624,0.012
2626,0.011
2628,0.01
2588,0.008
2590,0.009
2555,0.014
2557,0.013
2559,0.013
2543,0.007
2545,0.008
2699,0.011
2974,0.004
2976,0.004
2027,0.009
2029,0.013
2181,0.02
2183,0.02
2185,0.02
2187,0.02
2189,0.018
2191,0.017
2193,0.022
2195,0.019
2197,0.017
2148,0.019
2150,0.02
2335,0.013
3181,0.01
3218,0.014
3220,0.013
3222,0.013
2121,0.012
2123,0.014
2137,0.018
2139,0.015
2141,0.009
2143,0.012
2167,0.016
2169,0.016
2152,0.021
2154,0.018
2156,0.019
2158,0.02
2160,0.02
2592,0.01
2594,0.01
3070,0.008
3248,0.011
3250,0.009
2162,0.018
2164,0.014
3299,0.004
3301,0.003
2145,0.017
3044,0.008
3046,0.008
3048,0.008
3050,0.009
3052,0.012
3054,0.014
3056,0.014
3058,0.013
3060,0.013
2289,0.017
2291,0.019
2293,0.019
2125,0.017
2127,0.016
2129,0.018
2131,0.019
2133,0.017
2135,0.015
2199,0.016
2201,0.022
2203,0.022
2205,0.019
2207,0.019
2209,0.019
2211,0.016
2213,0.015
2215,0.015
2217,0.018
2219,0.019
2221,0.018
2233,0.019
2235,0.019
2237,0.019
2239,0.015
2250,0.015
2252,0.015
2270,0.015
2272,0.015
2274,0.018
2337,0.011
2339,0.012
2341,0.014
2343,0.014
2345,0.015
2347,0.016
2349,0.014
2351,0.014
2353,0.015
2355,0.018
2357,0.018
2359,0.022
2370,0.017
2372,0.015
2374,0.014
2376,0.015
2378,0.015
2380,0.015
2382,0.013
2384,0.013
2386,0.014
2388,0.015
2390,0.011
2392,0.014
2399,0.02
2401,0.02
2403,0.021
2405,0.019
2407,0.017
2409,0.016
2411,0.017
2632,0.01
2634,0.008
2636,0.007
2642,0.007
2061,0.012
2665,0.009
2692,0.007
2694,0.008
2696,0.007
2701,0.012
2703,0.011
2705,0.01
2707,0.009
2709,0.009
2711,0.01
2778,0.005
2780,0.007
2782,0.006
2784,0.005
2797,0.008
2799,0.006
2801,0.008
2803,0.011
2805,0.01
2807,0.008
2809,0.008
2892,0.01
2010,0.018
2012,0.017
2485,0.011
2487,0.011
2489,0.009
2330,0.021
2332,0.016
2365,0.017
2367,0.018
2644,0.005
2646,0.004
2648,0.008
2650,0.007
2661,0.009
2663,0.009
2667,0.009
2425,0.021
2427,0.022
2429,0.02
2431,0.021
2439,0.017
2441,0.018
2443,0.021
2445,0.021
2447,0.021
2449,0.021
2503,0.007
2505,0.009
2507,0.008
2509,0.008
2511,0.007
2811,0.008
2813,0.008
2815,0.007
2832,0.003
2834,0.003
2841,0.008
2843,0.008
2845,0.008
2847,0.007
2859,0.009
2861,0.009
2884,0.01
2886,0.007
2888,0.007
2890,0.009
2894,0.012
2896,0.01
2898,0.009
2921,0.01
2923,0.009
2990,0.008
3000,0.005
3002,0.005
3013,0.007
3015,0.007
3017,0.006
3072,0.01
3096,0.009
3098,0.011
2466,0.018
2468,0.017
2470,0.013
2746,0.008
2748,0.005
2722,0.005
2420,0.011
2422,0.013
3113,0.01
2451,0.022
2453,0.018
2455,0.015
2539,0.005
2541,0.006
2675,0.012
2730,0.006
3034,0.012
3036,0.009
3038,0.009
3040,0.01
3074,0.011
3291,0.008
3293,0.005
2478,0.017
2480,0.013
2482,0.014
2607,0.005
2609,0.005
2611,0.007
3243,0.006
2657,0.007
2659,0.01
2732,0.008
2734,0.007
2736,0.005
2738,0.007
2740,0.006
2005,0.017
2007,0.016
2677,0.011
2679,0.009
3295,0.004
3297,0.004
3303,0.004
3305,0.005
2317,0.018
2319,0.016
2321,0.017
2513,0.008
2515,0.009
2526,0.011
2528,0.01
2613,0.006
2325,0.018
2327,0.015
2475,0.015
2742,0.006
2744,0.008
2171,0.017
2520,0.009
2522,0.008
2524,0.008
2582,0.008
2584,0.01
2530,0.007
2532,0.007
2534,0.007
2536,0.01
2538,0.008
2540,0.01
2542,0.008
2544,0.008
2546,0.008
2608,0.013
2610,0.012
2612,0.01
2614,0.01
2616,0.009
2794,0.006
2796,0.004
2835,0.01
2837,0.006
2839,0.007
2849,0.008
2851,0.01
2853,0.009
2072,0.008
2331,0.014
2333,0.016
2413,0.019
2415,0.017
2727,0.009
2729,0.009
2804,0.005
2806,0.004
2831,0.008
2833,0.009
2855,0.008
2985,0.007
2987,0.005
2989,0.005
2991,0.006
2993,0.007
3076,0.013
3078,0.013
2067,0.014
2069,0.01
2265,0.017
2267,0.017
2269,0.015
2271,0.015
2273,0.015
2275,0.015
2277,0.014
2279,0.015
2281,0.016
2283,0.018
2285,0.016
2287,0.017
3224,0.012
3226,0.012
2241,0.014
2243,0.013
2245,0.016
2247,0.015
2249,0.013
2251,0.011
2253,0.011
2473,0.015
2477,0.013
2064,0.013
2255,0.01
2595,0.005
2597,0.005
2312,0.025
2314,0.023
2316,0.018
3037,0.005
3039,0.004
3041,0.004
3043,0.005
2857,0.007
2863,0.008
2865,0.008
2479,0.014
2481,0.013
2483,0.01
2514,0.007
2516,0.006
2518,0.008
3007,0.006
2043,0.019
2045,0.023
2328,0.023
2369,0.017
2371,0.017
2373,0.017
2375,0.016
2389,0.022
2391,0.02
2393,0.018
2417,0.016
2419,0.018
2421,0.021
2423,0.019
2933,0.011
2318,0.019
2320,0.022
2322,0.021
2324,0.017
2326,0.023
2753,0.007
2755,0.007
2757,0.008
2147,0.013
2433,0.019
2435,0.018
2304,0.017
2698,0.007
2631,0.007
2173,0.017
2175,0.018
2078,0.011
2080,0.012
2361,0.017
2363,0.016
2871,0.007
2925,0.007
2927,0.007
3235,0.004
3237,0.005
2908,0.007
2910,0.006
2912,0.006
2995,0.01
2997,0.008
2257,0.012
2259,0.013
3111,0.011
3141,0.006
3143,0.008
3145,0.012
3147,0.01
2572,0.008
2574,0.01
2576,0.01
2578,0.01
2580,0.009
2633,0.008
2635,0.009
2020,0.017
2471,0.011
2591,0.003
2560,0.008
2149,0.014
3102,0.012
3104,0.011
3106,0.011
3108,0.007
2764,0.008
2766,0.008
2768,0.006
2074,0.01
2076,0.009
2978,0.004
2179,0.018
2929,0.01
2931,0.01
2999,0.007
2637,0.011
2639,0.011
2641,0.01
2904,0.006
2906,0.006
3080,0.011
3082,0.011
3084,0.011
3086,0.011
3088,0.007
3090,0.007
3092,0.007
3094,0.007
2548,0.005
2550,0.006
2082,0.01
2084,0.012
2226,0.007
2228,0.005
2593,0.004
2599,0.005
2601,0.004
2741,0.009
2759,0.007
3022,0.008
3024,0.007
2459,0.014
2461,0.014
2900,0.009
2902,0.008
2009,0.012
2011,0.013
3026,0.008
3028,0.009
3030,0.01
2456,0.015
2463,0.014
2046,0.011
2048,0.013
2577,0.005
2654,0.008
2656,0.006
2658,0.007
2660,0.007
2710,0.004
2712,0.002
2899,0.007
2958,0.009
2960,0.009
2962,0.01
2964,0.008
2966,0.008
2968,0.006
2970,0.006
2472,0.013
2474,0.01
2476,0.012
2014,0.016
2016,0.014
2018,0.013
2022,0.017
2024,0.017
2031,0.012
2033,0.013
2050,0.011
2052,0.009
2054,0.011
2168,0.014
2178,0.017
2180,0.015
2182,0.014
2196,0.016
2198,0.016
2200,0.013
2202,0.015
2236,0.01
2238,0.008
2240,0.009
2242,0.01
2244,0.01
2246,0.015
2248,0.014
2306,0.015
2308,0.02
2310,0.019
2564,0.007
2566,0.007
2568,0.006
2583,0.008
2585,0.007
2587,0.006
2589,0.006
2714,0.003
2743,0.007
2745,0.006
2747,0.006
2790,0.005
2792,0.005
2870,0.005
3018,0.007
3020,0.008
3069,0.009
3071,0.007
3109,0.009
3149,0.009
3191,0.007
3193,0.007
3195,0.007
3271,0.006
3273,0.006
3307,0.004
3309,0.004
3311,0.003
3313,0.004
3315,0.004
3317,0.004
2457,0.014
2492,0.009
2494,0.01
2496,0.009
2498,0.009
2500,0.01
2502,0.01
2504,0.012
2506,0.011
2943,0.004
2112,0.014
2114,0.017
2116,0.017
2118,0.015
3067,0.01
3073,0.005
2026,0.019
2028,0.017
2155,0.01
2170,0.017
2172,0.018
2749,0.008
2751,0.007
3009,0.007
3011,0.006
3118,0.006
3120,0.006
3122,0.007
3124,0.005
3126,0.006
3128,0.005
3130,0.004
3132,0.004
3134,0.005
3136,0.006
2860,0.006
2862,0.007
2864,0.008
2362,0.015
2364,0.016
2366,0.017
2368,0.019
2377,0.015
2379,0.011
2381,0.017
2383,0.019
2385,0.017
2387,0.018
2174,0.014
2176,0.016
2184,0.015
2186,0.014
2188,0.014
2190,0.012
2192,0.013
2194,0.014
2336,0.018
2338,0.017
2410,0.013
2412,0.014
2954,0.008
2956,0.01
3151,0.009
3153,0.009
2035,0.014
2066,0.01
2716,0.005
3032,0.012
2163,0.018
2165,0.016
2334,0.015
2570,0.008
2579,0.004
2948,0.008
2950,0.009
2952,0.008
2972,0.005
2561,0.013
2065,0.012
2124,0.009
2126,0.011
2128,0.01
2130,0.011
2177,0.017
2605,0.004
2288,0.013
2290,0.014
2292,0.018
2294,0.017
2296,0.016
2298,0.012
2300,0.013
2315,0.015
2013,0.015
2036,0.016
2038,0.017
2040,0.012
2056,0.013
2058,0.014
2060,0.014
2105,0.019
2903,0.008
3031,0.004
3033,0.003
3035,0.003
3183,0.009
3185,0.01
3187,0.007
3189,0.008
2070,0.008
2214,0.017
2132,0.014
2134,0.013
2136,0.011
2138,0.014
2140,0.017
2142,0.017
2852,0.005
2042,0.01
2484,0.013
2552,0.004
2563,0.009
2565,0.009
2668,0.008
2777,0.006
2873,0.007
2875,0.008
2877,0.007
2879,0.007
2901,0.007
3019,0.004
3021,0.004
3023,0.005
2261,0.013
2263,0.014
2329,0.016
2424,0.013
2426,0.011
2428,0.013
2486,0.012
2490,0.013
2340,0.018
2342,0.017
2358,0.016
2360,0.013
2571,0.006
2430,0.013
2432,0.012
2434,0.014
2444,0.012
1996,0.017
2044,0.012
2062,0.014
2216,0.014
2218,0.013
2652,0.007
2662,0.011
2881,0.006
2883,0.006
2885,0.006
2408,0.015
2567,0.011
3025,0.003
2120,0.009
2122,0.01
2488,0.012
2234,0.012
2438,0.015
2440,0.015
2442,0.012
2144,0.02
2146,0.019
2396,0.016
2398,0.012
2400,0.013
2402,0.018
2404,0.017
2893,0.005
2895,0.006
2897,0.007
3168,0.005
2159,0.011
2161,0.013
2491,0.008
2866,0.006
2394,0.016
2493,0.006
2517,0.008
2519,0.007
2521,0.007
2508,0.011
2523,0.007
2467,0.011
2469,0.012
2436,0.013
2406,0.017
2525,0.006
2527,0.008
2529,0.008
2531,0.008
2533,0.009
2535,0.008
2573,0.003
2575,0.005
3057,0.004
3059,0.005
2093,0.021
2095,0.019
2097,0.015
2099,0.012
2101,0.015
3061,0.007
3063,0.006
3065,0.007
3274,0.006
3276,0.006
3278,0.006
3280,0.006
3282,0.003
3284,0.003
3286,0.004
3288,0.004
3290,0.004
2569,0.007
3182,0.006
2887,0.007
2063,0.011
2151,0.008
2153,0.008
2166,0.014
2344,0.016
2346,0.015
2348,0.014
2350,0.017
2414,0.016
2446,0.009
2448,0.008
2450,0.007
2452,0.012
2462,0.013
2464,0.013
2537,0.007
2825,0.004
2827,0.004
2840,0.005
2842,0.005
2844,0.003
2846,0.005
2848,0.005
2850,0.003
2889,0.008
2891,0.005
2939,0.007
2941,0.006
2945,0.003
2947,0.005
2979,0.009
3042,0.01
1998,0.019
2935,0.01
2937,0.01
2829,0.005
2581,0.005
2630,0.008
3155,0.008
3157,0.008
3114,0.006
2087,0.018
2089,0.019
2091,0.02
2103,0.015
2454,0.013
2681,0.009
2683,0.007
2685,0.008
2687,0.009
2416,0.015
2418,0.011
2689,0.01
2691,0.008
2697,0.01
2220,0.014
2302,0.015
2352,0.016
2562,0.006
2354,0.014
2356,0.013
2437,0.015
2510,0.009
2512,0.006
2693,0.01
2695,0.009
2762,0.003
3170,0.004
3172,0.004
2770,0.005
2107,0.016
2109,0.015
2111,0.014
2854,0.002
2856,0.002
2858,0.003
2868,0.004
2000,0.018
3174,0.005
3176,0.004
3178,0.003
3180,0.004
3004,0.006
3100,0.011
2983,0.006
3116,0.005
2670,0.004
2672,0.005
2674,0.005
2981,0.007
2772,0.005
2774,0.004
3055,0.003
3251,0.005
3253,0.005
3255,0.005
3203,0.011
3205,0.011
3207,0.012
2458,0.014
2460,0.015
2817,0.005
2819,0.004
2821,0.005
3239,0.004
3241,0.005
3245,0.003
3247,0.004
2723,0.006
2725,0.008
3209,0.011
3211,0.009
3263,0.005
3265,0.005
3267,0.005
2603,0.004
3269,0.006
2002,0.013
2004,0.015
2006,0.016
2008,0.014
2786,0.003
3197,0.005
3201,0.008
3199,0.008
2556,0.002
3225,0.003
3227,0.003
3229,0.007
3257,0.005
3259,0.006
2558,0.004
3223,0.003
2788,0.003
2222,0.012
2224,0.009
3231,0.007
2776,0.003
3029,0.003
2823,0.003
3233,0.005
2230,0.007
2465,0.014
3051,0.002
3053,0.001
2760,0.004
2157,0.007
3027,0.002
2232,0.009
2914,0.004
2916,0.005
3006,0.005
3319,0.003
3321,0.002
3261,0.004
2918,0.005
2920,0.003
2554,0.001
