46,2.881
35,3.749
31,4.33
20,6.323
18,7.071
16,8.514
14,9.794
10,13.315
6,14.116
3,13.76
1,6.931
4,12.698
5,14.429
7,14.509
9,14.57
8,14.705
12,11.228
11,12.099
13,10.179
15,8.72
17,7.983
19,7.339
22,6.211
21,6.531
27,5.065
24,5.806
23,5.656
26,4.993
25,5.155
29,4.8
28,4.536
30,4.189
33,3.827
32,4.177
34,3.898
44,2.973
37,3.534
36,3.647
39,3.46
38,3.38
42,3.087
40,3.267
41,3.254
43,3.137
45,2.878
121,1.187
64,2.105
49,2.667
47,2.783
48,2.715
52,2.518
51,2.592
50,2.591
55,2.249
53,2.38
54,2.512
60,2.154
57,2.32
56,2.312
58,2.182
59,2.154
62,2.195
61,1.978
63,1.879
76,1.773
66,2.104
67,1.81
68,1.927
70,1.673
69,1.879
72,1.648
71,1.966
74,1.771
73,1.779
75,1.626
84,1.683
78,1.808
77,1.494
80,1.647
79,1.41
82,1.527
81,1.55
93,1.517
91,1.43
86,1.681
85,1.203
88,1.571
87,1.249
90,1.349
89,1.339
92,1.212
110,1.047
99,1.225
95,1.474
94,1.128
97,1.275
96,1.191
98,1.269
102,1.275
100,1.28
101,1.125
104,1.145
103,1.185
107,1.164
105,1.186
106,1.131
109,1.147
108,1.121
118,0.908
113,1.081
111,1.107
112,1.113
115,1.144
114,1.049
116,0.961
117,1.068
119,1.171
120,0.816
123,1.146
122,0.814
130,0.951
125,1.087
124,0.878
128,0.867
126,0.826
127,1.041
129,0.932
132,0.949
131,0.907
147,0.892
136,0.926
134,0.933
133,0.835
135,0.826
138,0.896
137,0.82
141,0.817
140,0.932
139,0.779
143,0.826
142,0.81
145,0.789
144,0.853
146,0.769
162,0.787
151,0.751
149,0.813
148,0.738
150,0.784
156,0.733
154,0.829
152,0.848
153,0.627
155,0.753
158,0.793
157,0.747
160,0.762
159,0.656
161,0.676
167,0.796
164,0.731
163,0.665
166,0.623
165,0.724
170,0.654
168,0.575
169,0.762
206,0.511
172,0.679
171,0.666
174,0.727
173,0.635
176,0.732
175,0.631
178,0.716
177,0.541
193,0.637
182,0.74
180,0.692
179,0.61
181,0.571
185,0.623
184,0.68
183,0.532
191,0.615
187,0.643
186,0.585
189,0.695
188,0.573
190,0.529
192,0.571
202,0.648
195,0.642
194,0.544
198,0.669
197,0.537
196,0.559
200,0.618
199,0.463
201,0.503
204,0.492
203,0.555
205,0.596
210,0.375
208,0.462
207,0.596
209,0.639
214,0.447
212,0.348
211,0.723
213,0.661
217,0.469
215,0.554
216,0.552
219,0.52
218,0.52
0,14.008
220,0.415
65,1.803
83,1.444
233,0.594
224,0.406
221,0.608
222,0.424
223,0.598
226,0.497
225,0.539
231,0.548
229,0.578
227,0.487
228,0.415
230,0.402
232,0.377
258,0.471
245,0.518
236,0.437
234,0.373
235,0.509
238,0.437
237,0.492
243,0.509
240,0.497
239,0.447
241,0.429
242,0.483
244,0.403
255,0.418
247,0.428
246,0.402
253,0.481
249,0.421
248,0.477
251,0.43
250,0.42
252,0.427
254,0.42
257,0.39
256,0.449
265,0.263
260,0.44
259,0.378
262,0.505
261,0.402
264,0.58
263,0.239
281,0.469
278,0.372
267,0.296
266,0.521
276,0.399
270,0.462
268,0.512
269,0.291
274,0.408
272,0.429
271,0.343
273,0.376
275,0.377
277,0.41
279,0.427
280,0.319
285,0.323
283,0.388
282,0.326
284,0.409
441,0.208
315,0.389
308,0.328
289,0.346
287,0.339
286,0.411
288,0.391
297,0.414
293,0.363
291,0.339
290,0.382
292,0.402
295,0.403
294,0.324
296,0.317
299,0.46
298,0.284
302,0.331
301,0.377
300,0.295
306,0.262
304,0.324
303,0.335
305,0.38
307,0.392
312,0.38
310,0.342
309,0.346
311,0.313
314,0.325
313,0.307
317,0.418
316,0.276
347,0.369
326,0.391
324,0.373
321,0.322
319,0.372
318,0.254
320,0.284
322,0.357
323,0.266
325,0.259
330,0.358
328,0.399
327,0.221
329,0.254
333,0.379
332,0.259
331,0.32
335,0.362
334,0.248
339,0.367
337,0.313
336,0.284
338,0.281
342,0.269
341,0.37
340,0.231
344,0.244
343,0.345
345,0.344
346,0.226
354,0.273
352,0.283
350,0.325
348,0.271
349,0.285
351,0.284
353,0.312
362,0.3
360,0.329
356,0.289
355,0.315
358,0.322
357,0.269
359,0.193
361,0.232
366,0.289
364,0.291
363,0.245
365,0.269
377,0.229
369,0.283
367,0.261
368,0.285
373,0.295
371,0.312
370,0.246
372,0.236
375,0.284
374,0.233
376,0.279
380,0.307
378,0.327
379,0.222
383,0.251
382,0.291
381,0.231
438,0.243
414,0.273
387,0.29
385,0.244
384,0.269
386,0.25
390,0.229
388,0.239
389,0.26
409,0.226
392,0.203
391,0.316
395,0.257
393,0.271
394,0.236
399,0.26
397,0.264
396,0.259
398,0.223
401,0.235
400,0.218
406,0.222
403,0.229
402,0.254
405,0.285
404,0.253
407,0.229
408,0.253
412,0.304
411,0.179
410,0.28
413,0.173
424,0.235
416,0.277
415,0.223
420,0.23
418,0.336
417,0.166
419,0.164
422,0.21
421,0.248
423,0.24
433,0.295
426,0.258
425,0.194
428,0.252
427,0.209
431,0.268
430,0.198
429,0.213
432,0.163
435,0.218
434,0.169
437,0.195
436,0.22
440,0.258
439,0.173
458,0.19
444,0.248
442,0.213
443,0.184
451,0.205
448,0.227
446,0.256
445,0.18
447,0.181
450,0.245
449,0.215
454,0.164
452,0.228
453,0.227
456,0.156
455,0.262
457,0.231
461,0.239
459,0.226
460,0.199
464,0.235
462,0.165
463,0.22
466,0.256
465,0.175
468,0.205
467,0.181
470,0.202
469,0.225
472,0.176
471,0.237
474,0.21
473,0.212
2,10.04
491,0.14
484,0.252
476,0.223
475,0.173
480,0.177
478,0.172
477,0.188
479,0.206
482,0.189
481,0.199
483,0.183
486,0.234
485,0.147
489,0.135
488,0.237
487,0.188
490,0.267
498,0.217
494,0.224
492,0.227
493,0.161
496,0.226
495,0.178
497,0.165
505,0.135
501,0.184
500,0.186
499,0.161
503,0.165
502,0.193
504,0.196
511,0.144
508,0.243
507,0.108
506,0.259
510,0.22
509,0.163
513,0.194
512,0.209
541,0.158
528,0.144
523,0.21
515,0.18
514,0.193
521,0.222
517,0.169
516,0.193
519,0.166
518,0.203
520,0.164
522,0.146
526,0.172
524,0.153
525,0.175
527,0.189
539,0.163
532,0.167
530,0.152
529,0.186
531,0.176
534,0.15
533,0.175
536,0.166
535,0.19
537,0.197
538,0.169
540,0.201
556,0.192
543,0.186
542,0.176
547,0.191
545,0.19
544,0.148
546,0.164
549,0.22
548,0.135
552,0.161
550,0.11
551,0.193
554,0.183
553,0.176
555,0.124
580,0.132
563,0.212
559,0.202
557,0.167
558,0.133
561,0.236
560,0.077
562,0.092
567,0.203
565,0.209
564,0.105
566,0.122
569,0.19
568,0.137
571,0.169
570,0.144
577,0.17
575,0.149
573,0.153
572,0.144
574,0.168
576,0.148
579,0.177
578,0.154
594,0.153
583,0.148
582,0.144
581,0.181
585,0.169
584,0.15
590,0.224
587,0.153
586,0.126
589,0.096
588,0.165
592,0.177
591,0.099
593,0.139
649,0.156
600,0.108
598,0.112
596,0.136
595,0.149
597,0.161
599,0.18
624,0.124
607,0.142
605,0.17
602,0.103
601,0.184
604,0.116
603,0.172
606,0.14
612,0.129
610,0.119
608,0.141
609,0.165
611,0.168
617,0.116
614,0.171
613,0.154
615,0.14
616,0.171
620,0.161
618,0.185
619,0.111
622,0.159
621,0.15
623,0.143
628,0.143
626,0.122
625,0.173
627,0.147
644,0.157
633,0.14
631,0.134
630,0.134
629,0.128
632,0.136
640,0.14
635,0.143
634,0.139
637,0.134
636,0.109
639,0.11
638,0.148
642,0.13
641,0.144
643,0.127
647,0.173
646,0.125
645,0.124
648,0.114
658,0.16
653,0.137
651,0.145
650,0.11
652,0.118
655,0.115
654,0.145
656,0.162
657,0.099
661,0.132
659,0.107
660,0.15
768,0.102
666,0.134
663,0.156
662,0.1
664,0.105
665,0.134
691,0.136
679,0.119
677,0.092
668,0.121
667,0.112
670,0.122
669,0.151
675,0.099
673,0.097
671,0.11
672,0.129
674,0.152
676,0.164
678,0.16
683,0.16
681,0.145
680,0.117
682,0.106
686,0.129
684,0.113
685,0.131
688,0.138
687,0.126
689,0.098
690,0.129
694,0.146
692,0.115
693,0.111
740,0.158
696,0.148
695,0.097
698,0.138
697,0.094
708,0.118
703,0.132
700,0.123
699,0.112
701,0.143
702,0.106
705,0.105
704,0.136
707,0.108
706,0.144
711,0.153
710,0.113
709,0.131
718,0.129
715,0.122
713,0.176
712,0.07
714,0.083
717,0.107
716,0.125
720,0.112
719,0.109
736,0.115
727,0.137
724,0.146
722,0.108
721,0.13
723,0.096
726,0.119
725,0.1
730,0.143
728,0.13
729,0.109
734,0.089
732,0.131
731,0.082
733,0.132
735,0.134
738,0.117
737,0.122
739,0.106
744,0.136
742,0.102
741,0.102
743,0.113
750,0.118
748,0.113
746,0.118
745,0.098
747,0.118
749,0.118
753,0.129
751,0.121
752,0.107
759,0.14
757,0.096
755,0.102
754,0.113
756,0.141
758,0.105
761,0.11
760,0.089
763,0.12
762,0.114
766,0.087
765,0.16
764,0.082
767,0.112
962,0.09
804,0.109
782,0.123
770,0.087
769,0.118
776,0.103
774,0.128
772,0.111
771,0.109
773,0.087
775,0.087
779,0.108
778,0.092
777,0.113
780,0.095
781,0.108
792,0.08
788,0.079
784,0.112
783,0.091
786,0.111
785,0.116
787,0.101
790,0.076
789,0.129
791,0.143
800,0.131
796,0.108
794,0.115
793,0.105
795,0.097
798,0.124
797,0.076
799,0.073
802,0.124
801,0.078
803,0.08
926,0.084
923,0.086
872,0.092
810,0.094
806,0.105
805,0.094
808,0.096
807,0.105
809,0.112
819,0.119
813,0.097
811,0.113
812,0.092
815,0.114
814,0.094
817,0.103
816,0.079
818,0.1
830,0.095
821,0.126
820,0.072
823,0.099
822,0.08
826,0.086
825,0.098
824,0.088
828,0.093
827,0.121
829,0.109
859,0.094
832,0.121
831,0.084
841,0.072
838,0.112
835,0.086
833,0.078
834,0.112
836,0.114
837,0.078
839,0.056
840,0.108
852,0.104
843,0.079
842,0.109
846,0.109
844,0.126
845,0.054
850,0.084
848,0.086
847,0.085
849,0.113
851,0.087
856,0.077
854,0.088
853,0.085
855,0.112
858,0.079
857,0.106
865,0.087
861,0.092
860,0.094
863,0.085
864,0.089
869,0.099
867,0.084
866,0.102
868,0.106
871,0.104
870,0.089
918,0.091
874,0.109
873,0.096
878,0.133
876,0.11
875,0.084
877,0.063
882,0.088
880,0.111
879,0.062
881,0.09
885,0.086
883,0.091
884,0.082
887,0.079
886,0.102
890,0.09
889,0.085
888,0.107
895,0.111
892,0.117
891,0.086
893,0.077
894,0.076
910,0.086
901,0.085
897,0.111
896,0.075
899,0.085
898,0.099
900,0.094
907,0.093
905,0.083
903,0.061
902,0.103
904,0.106
906,0.072
909,0.083
908,0.063
913,0.092
912,0.086
911,0.087
916,0.086
914,0.074
915,0.077
917,0.084
921,0.065
919,0.06
920,0.107
922,0.1
924,0.066
925,0.105
929,0.076
928,0.093
927,0.083
931,0.09
930,0.091
946,0.076
933,0.093
932,0.082
944,0.087
941,0.107
935,0.072
934,0.086
937,0.064
938,0.101
939,0.071
940,0.084
943,0.084
942,0.073
945,0.083
948,0.066
947,0.101
955,0.095
951,0.116
949,0.107
950,0.053
953,0.092
952,0.061
954,0.068
957,0.089
956,0.061
960,0.075
958,0.065
959,0.085
961,0.076
966,0.076
964,0.069
963,0.085
965,0.089
974,0.071
968,0.079
967,0.098
971,0.076
970,0.097
969,0.074
972,0.08
973,0.091
978,0.132
976,0.102
975,0.093
977,0.035
982,0.093
980,0.115
979,0.041
981,0.061
985,0.105
983,0.08
984,0.067
987,0.094
986,0.059
989,0.083
988,0.07
992,0.094
990,0.09
991,0.064
994,0.1
993,0.064
996,0.076
995,0.058
1925,0.041
862,0.1
936,0.098
997,0.088
1024,0.091
1006,0.071
1001,0.092
999,0.113
998,0.043
1000,0.029
1003,0.071
1002,0.055
1004,0.067
1005,0.07
1020,0.092
1010,0.083
1008,0.08
1007,0.06
1009,0.049
1013,0.079
1011,0.072
1012,0.074
1016,0.081
1014,0.069
1015,0.059
1018,0.092
1017,0.059
1019,0.051
1022,0.07
1021,0.063
1023,0.068
1084,0.071
1026,0.101
1025,0.051
1082,0.089
1029,0.078
1027,0.068
1028,0.086
1045,0.078
1031,0.067
1030,0.068
1033,0.06
1032,0.08
1036,0.113
1035,0.03
1034,0.085
1041,0.095
1039,0.074
1037,0.027
1038,0.078
1040,0.048
1043,0.086
1042,0.05
1044,0.051
1047,0.068
1046,0.08
1053,0.101
1049,0.073
1048,0.084
1051,0.088
1050,0.051
1052,0.048
1056,0.066
1054,0.064
1055,0.08
1058,0.064
1057,0.085
1070,0.093
1062,0.087
1060,0.074
1059,0.067
1061,0.049
1064,0.074
1063,0.05
1066,0.086
1065,0.049
1068,0.093
1067,0.049
1069,0.063
1075,0.08
1073,0.085
1072,0.057
1071,0.064
1074,0.073
1078,0.083
1076,0.078
1077,0.057
1080,0.068
1079,0.064
1081,0.067
1083,0.072
1322,0.076
1095,0.093
1087,0.099
1085,0.077
1086,0.05
1093,0.089
1090,0.101
1088,0.059
1089,0.051
1092,0.079
1091,0.049
1094,0.05
1113,0.099
1099,0.07
1097,0.064
1096,0.055
1098,0.078
1110,0.073
1107,0.055
1104,0.094
1101,0.049
1100,0.071
1103,0.042
1102,0.088
1105,0.034
1106,0.084
1108,0.072
1109,0.048
1112,0.046
1111,0.07
1159,0.078
1117,0.092
1115,0.101
1114,0.027
1116,0.028
1124,0.079
1119,0.093
1118,0.034
1121,0.089
1120,0.022
1123,0.067
1122,0.044
1134,0.084
1126,0.101
1125,0.022
1129,0.077
1127,0.041
1128,0.055
1131,0.068
1130,0.055
1133,0.052
1132,0.059
1141,0.066
1136,0.087
1135,0.033
1138,0.088
1137,0.035
1140,0.071
1139,0.035
1157,0.077
1145,0.082
1143,0.075
1142,0.044
1144,0.049
1149,0.078
1147,0.079
1146,0.034
1148,0.054
1154,0.079
1151,0.076
1150,0.042
1153,0.052
1152,0.054
1155,0.06
1156,0.046
1158,0.051
1188,0.076
1165,0.105
1163,0.089
1161,0.082
1160,0.055
1162,0.038
1164,0.022
1168,0.055
1167,0.075
1166,0.027
1171,0.075
1170,0.043
1169,0.07
1181,0.064
1176,0.07
1173,0.057
1172,0.056
1174,0.063
1175,0.051
1178,0.056
1177,0.054
1179,0.054
1180,0.06
1185,0.069
1183,0.076
1182,0.04
1184,0.05
1186,0.063
1187,0.054
1197,0.092
1191,0.077
1190,0.053
1189,0.049
1194,0.078
1193,0.049
1192,0.046
1196,0.044
1195,0.054
1256,0.043
1199,0.087
1198,0.036
1204,0.065
1202,0.075
1200,0.048
1201,0.042
1203,0.051
1214,0.085
1207,0.089
1206,0.034
1205,0.057
1209,0.056
1208,0.04
1211,0.049
1210,0.073
1212,0.064
1213,0.05
1224,0.037
1219,0.054
1216,0.075
1215,0.036
1217,0.056
1218,0.061
1221,0.072
1220,0.064
1223,0.095
1222,0.022
1226,0.035
1225,0.084
1248,0.073
1229,0.093
1228,0.038
1227,0.093
1233,0.071
1231,0.075
1230,0.032
1232,0.046
1235,0.06
1234,0.048
1237,0.068
1236,0.044
1244,0.07
1239,0.059
1238,0.046
1241,0.06
1240,0.06
1242,0.061
1243,0.043
1246,0.077
1245,0.036
1247,0.031
1251,0.081
1249,0.043
1250,0.036
1253,0.081
1252,0.032
1255,0.082
1254,0.025
1288,0.065
1265,0.06
1261,0.055
1258,0.063
1257,0.048
1259,0.051
1260,0.045
1263,0.055
1262,0.043
1264,0.047
1279,0.046
1267,0.052
1266,0.045
1270,0.05
1268,0.053
1269,0.044
1275,0.047
1272,0.054
1271,0.063
1274,0.063
1273,0.033
1277,0.049
1276,0.054
1278,0.052
1282,0.082
1280,0.071
1281,0.028
1284,0.084
1283,0.022
1286,0.062
1285,0.018
1287,0.041
1310,0.073
1297,0.043
1290,0.067
1289,0.03
1292,0.042
1291,0.033
1295,0.048
1293,0.06
1294,0.039
1296,0.048
1306,0.061
1303,0.045
1299,0.046
1298,0.058
1301,0.037
1300,0.061
1302,0.057
1304,0.051
1305,0.046
1308,0.055
1307,0.033
1309,0.039
1314,0.039
1312,0.055
1311,0.038
1313,0.061
1316,0.049
1315,0.054
1318,0.053
1317,0.056
1320,0.056
1319,0.044
1321,0.044
1599,0.071
1371,0.059
1324,0.06
1323,0.038
1363,0.057
1326,0.048
1325,0.053
1332,0.09
1328,0.055
1327,0.054
1330,0.07
1329,0.033
1331,0.021
1357,0.049
1341,0.044
1338,0.058
1334,0.079
1333,0.017
1336,0.065
1335,0.021
1337,0.043
1339,0.036
1340,0.056
1353,0.054
1349,0.059
1343,0.056
1342,0.046
1345,0.057
1344,0.041
1347,0.043
1346,0.041
1348,0.049
1351,0.044
1350,0.049
1352,0.059
1355,0.038
1354,0.06
1356,0.065
1359,0.056
1358,0.048
1361,0.056
1360,0.046
1362,0.047
1365,0.061
1364,0.053
1368,0.064
1366,0.056
1367,0.048
1370,0.04
1369,0.052
1389,0.062
1376,0.088
1373,0.033
1372,0.067
1374,0.081
1375,0.02
1378,0.081
1377,0.02
1382,0.058
1380,0.083
1379,0.02
1381,0.027
1384,0.057
1383,0.047
1386,0.058
1385,0.04
1388,0.053
1387,0.051
1457,0.049
1392,0.052
1391,0.068
1390,0.035
1423,0.049
1398,0.05
1394,0.054
1393,0.057
1396,0.053
1395,0.038
1397,0.06
1421,0.042
1406,0.06
1401,0.037
1399,0.042
1400,0.043
1403,0.035
1402,0.068
1405,0.051
1404,0.053
1416,0.054
1408,0.067
1407,0.03
1410,0.043
1409,0.036
1413,0.068
1412,0.035
1411,0.057
1414,0.034
1415,0.04
1418,0.055
1417,0.036
1419,0.024
1420,0.049
1422,0.041
1437,0.035
1425,0.045
1424,0.035
1430,0.03
1427,0.042
1426,0.043
1429,0.04
1428,0.035
1434,0.048
1432,0.042
1431,0.038
1433,0.039
1436,0.052
1435,0.024
1454,0.055
1439,0.028
1438,0.054
1442,0.047
1440,0.052
1441,0.021
1448,0.062
1445,0.034
1443,0.043
1444,0.036
1446,0.051
1447,0.024
1451,0.051
1450,0.038
1449,0.04
1453,0.048
1452,0.031
1455,0.017
1456,0.052
1536,0.06
1501,0.06
1459,0.047
1458,0.041
1480,0.053
1461,0.044
1460,0.038
1465,0.029
1463,0.023
1462,0.041
1464,0.054
1472,0.053
1467,0.031
1466,0.052
1469,0.037
1468,0.045
1470,0.045
1471,0.024
1474,0.053
1473,0.012
1478,0.059
1476,0.049
1475,0.026
1477,0.029
1479,0.022
1488,0.058
1482,0.047
1481,0.04
1486,0.04
1484,0.045
1483,0.029
1485,0.05
1487,0.035
1493,0.023
1490,0.054
1489,0.034
1492,0.06
1491,0.016
1496,0.074
1495,0.019
1494,0.052
1498,0.052
1497,0.024
1500,0.034
1499,0.037
1503,0.061
1502,0.029
1506,0.034
1504,0.028
1505,0.052
1518,0.061
1509,0.034
1507,0.044
1508,0.03
1514,0.043
1511,0.029
1510,0.043
1513,0.033
1512,0.043
1516,0.044
1515,0.034
1517,0.031
1522,0.047
1520,0.063
1519,0.014
1521,0.016
1530,0.031
1525,0.039
1524,0.043
1523,0.025
1527,0.051
1526,0.039
1529,0.063
1528,0.016
1532,0.033
1531,0.054
1534,0.06
1533,0.025
1535,0.015
1584,0.045
1538,0.049
1537,0.031
1564,0.027
1551,0.056
1548,0.043
1540,0.031
1539,0.047
1542,0.042
1541,0.043
1544,0.028
1543,0.041
1546,0.04
1545,0.036
1547,0.045
1550,0.016
1549,0.047
1558,0.041
1553,0.057
1552,0.024
1555,0.052
1554,0.027
1557,0.03
1556,0.029
1560,0.034
1559,0.039
1562,0.025
1561,0.043
1563,0.05
1566,0.037
1565,0.052
1572,0.044
1568,0.058
1567,0.025
1570,0.069
1569,0.018
1571,0.025
1580,0.056
1575,0.049
1574,0.031
1573,0.043
1577,0.055
1576,0.023
1578,0.036
1579,0.028
1582,0.059
1581,0.03
1583,0.034
1586,0.041
1585,0.042
1596,0.042
1590,0.043
1588,0.038
1587,0.039
1589,0.038
1592,0.052
1591,0.024
1594,0.047
1593,0.017
1595,0.039
1598,0.019
1597,0.041
1851,0.044
1837,0.037
1601,0.069
1600,0.014
1608,0.045
1603,0.063
1602,0.014
1605,0.057
1604,0.024
1607,0.043
1606,0.026
1641,0.036
1610,0.049
1609,0.042
1612,0.042
1611,0.038
1620,0.035
1616,0.041
1614,0.04
1613,0.039
1615,0.042
1618,0.035
1617,0.042
1619,0.054
1637,0.064
1622,0.043
1621,0.048
1629,0.042
1624,0.041
1623,0.043
1626,0.03
1625,0.045
1627,0.043
1628,0.032
1631,0.044
1630,0.041
1635,0.05
1633,0.051
1632,0.03
1634,0.029
1636,0.028
1639,0.049
1638,0.033
1640,0.043
1835,0.038
1660,0.048
1643,0.032
1642,0.061
1645,0.046
1644,0.035
1647,0.04
1646,0.035
1649,0.038
1648,0.037
1651,0.044
1650,0.034
1654,0.032
1652,0.026
1653,0.045
1656,0.033
1655,0.046
1658,0.036
1657,0.044
1659,0.028
1737,0.03
1721,0.027
1663,0.021
1661,0.016
1662,0.04
1675,0.038
1670,0.032
1665,0.036
1664,0.03
1668,0.027
1667,0.03
1666,0.029
1669,0.032
1673,0.038
1671,0.034
1672,0.025
1674,0.019
1683,0.025
1677,0.038
1676,0.027
1679,0.046
1678,0.016
1681,0.019
1680,0.015
1682,0.037
1711,0.036
1686,0.033
1684,0.025
1685,0.031
1692,0.034
1688,0.034
1687,0.024
1690,0.027
1689,0.026
1691,0.025
1702,0.054
1694,0.034
1693,0.024
1700,0.038
1696,0.019
1695,0.028
1698,0.028
1697,0.041
1699,0.027
1701,0.018
1704,0.054
1703,0.013
1706,0.021
1705,0.021
1708,0.023
1707,0.045
1710,0.029
1709,0.031
1718,0.05
1713,0.037
1712,0.026
1716,0.036
1715,0.028
1714,0.025
1717,0.018
1719,0.015
1720,0.038
1730,0.026
1728,0.02
1723,0.036
1722,0.023
1726,0.034
1725,0.03
1724,0.027
1727,0.035
1729,0.038
1732,0.037
1731,0.019
1735,0.025
1734,0.035
1733,0.024
1736,0.042
1739,0.041
1738,0.026
1741,0.055
1740,0.016
1744,0.023
1743,0.043
1742,0.013
1747,0.053
1745,0.045
1746,0.011
1751,0.051
1749,0.048
1748,0.01
1750,0.01
1756,0.025
1753,0.048
1752,0.007
1755,0.04
1754,0.01
1763,0.027
1758,0.021
1757,0.036
1760,0.04
1759,0.028
1762,0.043
1761,0.01
1774,0.042
1769,0.038
1765,0.039
1764,0.028
1767,0.044
1766,0.008
1768,0.015
1771,0.025
1770,0.029
1772,0.039
1773,0.009
1780,0.026
1777,0.043
1775,0.028
1776,0.025
1778,0.013
1779,0.04
1782,0.024
1781,0.042
1797,0.023
1784,0.019
1783,0.038
1786,0.022
1785,0.031
1790,0.025
1788,0.022
1787,0.035
1789,0.034
1793,0.034
1791,0.04
1792,0.015
1795,0.024
1794,0.028
1796,0.04
1820,0.027
1801,0.039
1799,0.025
1798,0.035
1800,0.025
1814,0.047
1809,0.026
1804,0.026
1802,0.016
1803,0.042
1806,0.039
1805,0.022
1807,0.029
1808,0.031
1812,0.04
1810,0.041
1811,0.01
1813,0.011
1816,0.039
1815,0.012
1818,0.019
1817,0.031
1819,0.04
1826,0.055
1824,0.056
1822,0.045
1821,0.035
1823,0.009
1825,0.012
1833,0.036
1828,0.048
1827,0.009
1830,0.046
1829,0.011
1831,0.018
1832,0.024
1834,0.025
1836,0.025
1841,0.03
1839,0.024
1838,0.029
1840,0.038
1847,0.033
1843,0.037
1842,0.019
1845,0.024
1844,0.025
1846,0.035
1849,0.043
1848,0.022
1850,0.027
1858,0.039
1855,0.042
1853,0.038
1852,0.025
1854,0.026
1857,0.033
1856,0.028
1923,0.038
1860,0.043
1859,0.023
1862,0.04
1861,0.03
1864,0.037
1863,0.024
1892,0.043
1888,0.04
1866,0.036
1865,0.024
1873,0.037
1870,0.037
1868,0.036
1867,0.019
1869,0.022
1871,0.026
1872,0.024
1883,0.039
1875,0.023
1874,0.029
1877,0.03
1876,0.039
1879,0.039
1878,0.025
1881,0.042
1880,0.025
1882,0.031
1886,0.039
1884,0.028
1885,0.024
1887,0.026
1890,0.036
1889,0.023
1891,0.023
1894,0.037
1893,0.026
1896,0.041
1895,0.023
1898,0.036
1897,0.027
1910,0.047
1902,0.027
1900,0.034
1899,0.023
1901,0.03
1905,0.046
1903,0.042
1904,0.015
1907,0.034
1906,0.016
1908,0.029
1909,0.015
1912,0.039
1911,0.014
1921,0.026
1914,0.036
1913,0.021
1916,0.032
1915,0.026
1918,0.035
1917,0.023
1920,0.039
1919,0.009
1922,0.03
1924,0.029
1927,0.035
1926,0.023
1931,0.041
1929,0.039
1928,0.023
1930,0.024
1933,0.04
1932,0.022
1941,0.041
1936,0.038
1934,0.032
1935,0.026
1938,0.049
1937,0.006
1939,0.018
1940,0.026
1947,0.052
1943,0.036
1942,0.02
1945,0.037
1944,0.023
1946,0.012
1956,0.035
1949,0.038
1948,0.017
1951,0.022
1950,0.03
1953,0.023
1952,0.037
1955,0.03
1954,0.027
1963,0.037
1958,0.036
1957,0.026
1960,0.035
1959,0.027
1962,0.03
1961,0.027
1970,0.04
1968,0.028
1965,0.036
1964,0.026
1966,0.02
1967,0.037
1969,0.024
1973,0.032
1971,0.026
1972,0.022
1975,0.048
1974,0.017
1977,0.031
1976,0.013
1979,0.034
1978,0.023
1984,0.018
1981,0.035
1980,0.03
1983,0.041
1982,0.012
1986,0.016
1985,0.036
1988,0.018
1987,0.033
1990,0.038
1989,0.014
1992,0.026
1991,0.011
1994,0.027
1993,0.021
2146,0.027
2039,0.025
1998,0.04
1996,0.025
1995,0.025
1997,0.008
2000,0.038
1999,0.009
2024,0.022
2005,0.02
2002,0.034
2001,0.007
2003,0.011
2004,0.022
2007,0.019
2006,0.019
2011,0.035
2009,0.022
2008,0.02
2010,0.005
2016,0.023
2013,0.033
2012,0.009
2014,0.009
2015,0.02
2018,0.032
2017,0.008
2020,0.023
2019,0.008
2022,0.02
2021,0.023
2023,0.019
2026,0.02
2025,0.023
2036,0.032
2034,0.023
2029,0.031
2027,0.025
2028,0.004
2031,0.029
2030,0.007
2032,0.011
2033,0.021
2035,0.005
2038,0.022
2037,0.007
2093,0.025
2081,0.023
2041,0.019
2040,0.017
2048,0.034
2043,0.018
2042,0.014
2046,0.033
2045,0.014
2044,0.02
2047,0.005
2055,0.033
2050,0.025
2049,0.009
2052,0.022
2051,0.022
2053,0.025
2054,0.007
2057,0.033
2056,0.005
2078,0.023
2059,0.029
2060,0.009
2072,0.017
2061,0.027
2064,0.017
2063,0.019
2066,0.016
2065,0.017
2069,0.027
2067,0.018
2068,0.004
2070,0.01
2071,0.013
2074,0.015
2073,0.016
2076,0.017
2075,0.02
2077,0.015
2079,0.015
2080,0.02
2087,0.029
2083,0.021
2082,0.017
2085,0.028
2084,0.009
2086,0.006
2090,0.023
2088,0.011
2089,0.017
2092,0.023
2091,0.006
2109,0.023
2095,0.021
2094,0.019
2103,0.034
2097,0.02
2096,0.016
2101,0.021
2099,0.018
2098,0.013
2100,0.017
2102,0.005
2106,0.021
2104,0.011
2105,0.016
2107,0.022
2108,0.011
2132,0.032
2111,0.021
2110,0.019
2113,0.023
2112,0.015
2116,0.02
2114,0.01
2115,0.019
2118,0.02
2117,0.015
2127,0.029
2125,0.02
2120,0.014
2119,0.015
2122,0.015
2121,0.011
2124,0.019
2123,0.01
2126,0.007
2130,0.029
2128,0.013
2129,0.008
2131,0.006
2134,0.022
2133,0.011
2144,0.021
2137,0.028
2136,0.01
2135,0.016
2139,0.032
2138,0.008
2141,0.029
2140,0.005
2142,0.01
2143,0.012
2145,0.016
3097,0.023
2205,0.024
2148,0.024
2147,0.021
2176,0.038
2162,0.034
2150,0.021
2149,0.021
2152,0.021
2151,0.018
2155,0.029
2153,0.021
2154,0.007
2160,0.03
2157,0.028
2156,0.006
2158,0.013
2159,0.005
2161,0.009
2164,0.035
2163,0.006
2171,0.036
2166,0.032
2165,0.006
2168,0.031
2167,0.005
2169,0.015
2170,0.007
2174,0.027
2172,0.015
2173,0.018
2175,0.007
2183,0.023
2178,0.023
2177,0.012
2181,0.024
2180,0.015
2179,0.025
2182,0.019
2186,0.022
2184,0.027
2185,0.012
2190,0.023
2188,0.024
2187,0.024
2189,0.019
2203,0.024
2193,0.032
2191,0.021
2192,0.008
2197,0.022
2195,0.035
2194,0.008
2196,0.009
2199,0.022
2198,0.018
2201,0.019
2200,0.017
2202,0.022
2204,0.022
2664,0.022
2285,0.024
2207,0.022
2206,0.017
2263,0.034
2209,0.026
2208,0.016
2219,0.035
2211,0.032
2210,0.008
2214,0.021
2213,0.024
2212,0.009
2216,0.019
2215,0.019
2218,0.011
2217,0.02
2258,0.031
2221,0.032
2220,0.007
2255,0.03
2233,0.031
2224,0.024
2222,0.014
2223,0.02
2228,0.022
2226,0.032
2225,0.006
2227,0.005
2230,0.022
2229,0.02
2232,0.011
2231,0.018
2235,0.019
2234,0.012
2251,0.03
2248,0.029
2237,0.019
2236,0.02
2239,0.016
2238,0.017
2242,0.025
2240,0.017
2241,0.004
2246,0.028
2244,0.025
2243,0.003
2245,0.007
2247,0.01
2250,0.01
2249,0.012
2253,0.027
2252,0.007
2254,0.004
2257,0.009
2256,0.012
2260,0.023
2259,0.006
2262,0.011
2261,0.02
2272,0.02
2265,0.03
2264,0.01
2267,0.032
2266,0.008
2269,0.031
2268,0.005
2271,0.021
2270,0.012
2275,0.036
2273,0.022
2274,0.006
2283,0.021
2277,0.031
2276,0.009
2280,0.021
2279,0.024
2278,0.006
2282,0.018
2281,0.022
2284,0.021
2315,0.025
2287,0.023
2286,0.016
2293,0.038
2289,0.021
2288,0.019
2291,0.032
2290,0.011
2292,0.009
2295,0.022
2294,0.016
2313,0.024
2297,0.022
2296,0.025
2299,0.027
2298,0.023
2301,0.039
2300,0.009
2303,0.038
2302,0.009
2305,0.027
2304,0.009
2307,0.021
2306,0.021
2309,0.024
2308,0.025
2311,0.017
2310,0.025
2312,0.023
2314,0.028
2502,0.021
2320,0.024
2317,0.021
2316,0.016
2319,0.018
2318,0.024
2322,0.026
2321,0.029
2329,0.024
2324,0.021
2323,0.028
2327,0.04
2325,0.027
2326,0.007
2328,0.014
2331,0.025
2330,0.028
2369,0.037
2360,0.025
2335,0.025
2333,0.019
2332,0.025
2334,0.02
2342,0.033
2337,0.033
2336,0.004
2339,0.029
2338,0.005
2340,0.01
2341,0.012
2344,0.032
2343,0.008
2346,0.021
2345,0.011
2349,0.031
2347,0.021
2348,0.004
2351,0.019
2350,0.012
2355,0.024
2353,0.019
2354,0.021
2358,0.02
2356,0.011
2357,0.016
2359,0.026
2367,0.034
2362,0.017
2361,0.022
2364,0.018
2363,0.02
2366,0.013
2365,0.024
2368,0.009
2371,0.037
2370,0.006
2423,0.023
2373,0.023
2372,0.014
2393,0.021
2375,0.02
2374,0.023
2383,0.033
2377,0.033
2376,0.013
2381,0.031
2379,0.03
2378,0.011
2380,0.005
2382,0.005
2390,0.034
2385,0.02
2384,0.012
2388,0.034
2386,0.024
2387,0.005
2389,0.01
2391,0.009
2392,0.021
2395,0.021
2394,0.019
2397,0.021
2396,0.017
2399,0.02
2398,0.017
2403,0.038
2401,0.031
2400,0.012
2402,0.011
2413,0.021
2405,0.021
2404,0.015
2409,0.019
2407,0.018
2406,0.025
2408,0.022
2411,0.018
2410,0.021
2412,0.018
2415,0.025
2414,0.026
2418,0.02
2417,0.027
2416,0.008
2421,0.019
2419,0.014
2420,0.018
2422,0.021
2426,0.024
2424,0.016
2425,0.022
2428,0.036
2427,0.013
2431,0.023
2429,0.012
2430,0.02
2434,0.036
2432,0.025
2433,0.004
2480,0.022
2453,0.034
2436,0.033
2435,0.007
2439,0.019
2438,0.023
2437,0.008
2441,0.019
2440,0.018
2444,0.024
2442,0.024
2443,0.005
2446,0.021
2445,0.022
2448,0.017
2447,0.018
2450,0.016
2449,0.018
2451,0.022
2452,0.004
2467,0.032
2464,0.019
2455,0.031
2454,0.009
2457,0.029
2456,0.008
2461,0.028
2459,0.026
2458,0.007
2460,0.005
2463,0.021
2462,0.006
2466,0.012
2465,0.017
2476,0.028
2469,0.029
2468,0.009
2471,0.027
2470,0.007
2474,0.02
2473,0.018
2472,0.005
2475,0.003
2478,0.021
2477,0.005
2479,0.016
2500,0.019
2482,0.02
2481,0.015
2488,0.018
2486,0.018
2484,0.014
2483,0.014
2485,0.011
2487,0.015
2494,0.016
2490,0.016
2489,0.012
2492,0.016
2491,0.008
2493,0.004
2496,0.016
2495,0.002
2498,0.014
2497,0.003
2499,0.004
2501,0.006
2562,0.021
2505,0.02
2503,0.008
2504,0.006
2507,0.02
2506,0.004
2510,0.02
2508,0.011
2509,0.004
2560,0.02
2530,0.019
2527,0.018
2523,0.017
2514,0.016
2512,0.014
2511,0.004
2513,0.004
2516,0.015
2515,0.002
2518,0.015
2517,0.002
2521,0.015
2519,0.008
2520,0.005
2522,0.003
2525,0.015
2524,0.005
2526,0.005
2528,0.009
2529,0.004
2537,0.018
2533,0.016
2531,0.008
2532,0.003
2535,0.015
2534,0.005
2536,0.003
2550,0.017
2539,0.016
2538,0.004
2542,0.016
2541,0.008
2540,0.004
2548,0.016
2544,0.015
2543,0.003
2546,0.015
2545,0.005
2547,0.005
2549,0.002
2558,0.017
2553,0.016
2551,0.008
2552,0.004
2555,0.016
2554,0.004
2557,0.008
2556,0.004
2559,0.005
2561,0.005
2640,0.02
2607,0.019
2564,0.018
2563,0.002
2585,0.018
2566,0.017
2565,0.005
2568,0.016
2567,0.004
2579,0.016
2571,0.015
2569,0.007
2570,0.004
2576,0.015
2573,0.014
2572,0.003
2574,0.006
2575,0.003
2578,0.008
2577,0.004
2581,0.016
2580,0.001
2583,0.015
2582,0.004
2584,0.003
2587,0.017
2586,0.004
2600,0.017
2589,0.016
2588,0.002
2597,0.016
2592,0.015
2590,0.007
2591,0.003
2595,0.015
2594,0.007
2593,0.003
2596,0.003
2598,0.008
2599,0.002
2605,0.017
2602,0.015
2601,0.002
2603,0.007
2604,0.005
2606,0.005
2611,0.019
2609,0.018
2608,0.002
2610,0.002
2620,0.018
2613,0.017
2612,0.003
2615,0.016
2614,0.007
2617,0.016
2616,0.006
2619,0.008
2618,0.004
2626,0.018
2623,0.016
2621,0.009
2622,0.003
2624,0.008
2625,0.003
2633,0.018
2628,0.016
2627,0.003
2630,0.015
2629,0.002
2631,0.007
2632,0.003
2637,0.018
2635,0.015
2634,0.002
2636,0.003
2639,0.009
2638,0.004
2661,0.018
2643,0.017
2641,0.008
2642,0.003
2658,0.015
2645,0.014
2644,0.002
2649,0.014
2647,0.013
2646,0.003
2648,0.003
2656,0.014
2651,0.013
2650,0.004
2654,0.013
2652,0.006
2653,0.003
2655,0.002
2657,0.003
2660,0.009
2659,0.006
2662,0.009
2663,0.005
3085,0.022
2666,0.02
2665,0.005
2668,0.02
2667,0.004
3061,0.02
2682,0.019
2670,0.018
2669,0.003
2678,0.018
2672,0.017
2671,0.004
2675,0.017
2674,0.007
2673,0.005
2676,0.008
2677,0.005
2680,0.018
2679,0.004
2681,0.005
2735,0.019
2684,0.018
2683,0.003
2687,0.018
2685,0.007
2686,0.005
2700,0.018
2695,0.017
2689,0.016
2688,0.002
2691,0.016
2690,0.002
2693,0.015
2692,0.002
2694,0.006
2697,0.016
2696,0.003
2698,0.008
2699,0.004
2702,0.018
2701,0.004
2733,0.018
2728,0.017
2704,0.016
2703,0.004
2706,0.015
2705,0.004
2711,0.015
2708,0.014
2707,0.002
2709,0.007
2710,0.002
2714,0.015
2712,0.007
2713,0.004
2717,0.015
2715,0.007
2716,0.002
2726,0.015
2719,0.014
2718,0.004
2721,0.012
2720,0.002
2723,0.011
2722,0.003
2725,0.007
2724,0.003
2727,0.004
2730,0.017
2729,0.006
2731,0.007
2732,0.004
2734,0.004
3059,0.019
3057,0.018
2737,0.017
2736,0.004
2739,0.017
2738,0.003
2766,0.017
2741,0.016
2740,0.005
2745,0.015
2743,0.014
2742,0.004
2744,0.003
2759,0.015
2747,0.014
2746,0.003
2751,0.014
2749,0.012
2748,0.001
2750,0.004
2753,0.014
2752,0.005
2757,0.013
2755,0.011
2754,0.005
2756,0.004
2758,0.002
2761,0.012
2760,0.003
2763,0.011
2762,0.003
2765,0.006
2764,0.004
2794,0.017
2768,0.016
2767,0.003
2773,0.015
2771,0.014
2769,0.007
2770,0.003
2772,0.004
2786,0.014
2775,0.013
2774,0.005
2783,0.013
2780,0.012
2778,0.011
2776,0.005
2777,0.003
2779,0.003
2781,0.007
2782,0.003
2785,0.007
2784,0.004
2789,0.014
2787,0.008
2788,0.001
2791,0.014
2790,0.005
2792,0.007
2793,0.004
2891,0.017
2804,0.016
2796,0.013
2795,0.003
2799,0.013
2797,0.006
2798,0.003
2802,0.012
2800,0.005
2801,0.004
2803,0.002
2863,0.016
2806,0.015
2805,0.004
2852,0.015
2809,0.014
2807,0.007
2808,0.001
2820,0.014
2816,0.013
2811,0.012
2810,0.002
2813,0.012
2812,0.002
2815,0.005
2814,0.004
2818,0.012
2817,0.002
2819,0.003
2836,0.013
2822,0.012
2821,0.002
2824,0.012
2823,0.005
2832,0.012
2826,0.011
2825,0.003
2830,0.011
2828,0.01
2827,0.002
2831,0.003
2834,0.012
2833,0.003
2835,0.003
2840,0.013
2838,0.011
2837,0.003
2839,0.003
2842,0.013
2841,0.003
2844,0.013
2843,0.005
2847,0.012
2846,0.007
2845,0.001
2850,0.012
2848,0.006
2849,0.004
2851,0.002
2861,0.015
2854,0.013
2853,0.003
2856,0.01
2855,0.004
2858,0.01
2857,0.002
2859,0.005
2860,0.002
2862,0.001
2866,0.016
2864,0.007
2865,0.002
2883,0.016
2868,0.015
2867,0.003
2881,0.014
2870,0.013
2869,0.005
2876,0.013
2872,0.012
2871,0.003
2874,0.012
2873,0.001
2875,0.002
2878,0.013
2877,0.004
2879,0.006
2880,0.005
2882,0.004
2885,0.016
2884,0.002
2887,0.016
2886,0.005
2889,0.014
2888,0.003
2890,0.004
2895,0.017
2893,0.015
2892,0.002
2894,0.004
2899,0.017
2897,0.016
2896,0.004
2898,0.005
2901,0.017
2900,0.005
2903,0.017
2902,0.004
2906,0.017
2905,0.007
2904,0.003
2912,0.017
2909,0.016
2907,0.008
2908,0.003
2910,0.006
2911,0.005
2916,0.017
2914,0.016
2913,0.004
2915,0.003
2918,0.017
2917,0.004
2927,0.017
2925,0.015
2920,0.014
2919,0.002
2922,0.014
2921,0.002
2923,0.006
2924,0.004
2926,0.003
2938,0.017
2929,0.016
2928,0.003
2931,0.016
2930,0.004
2936,0.016
2933,0.015
2932,0.002
2935,0.008
2934,0.003
2937,0.003
2968,0.017
2940,0.016
2939,0.007
2963,0.016
2948,0.015
2943,0.014
2941,0.007
2942,0.003
2945,0.012
2944,0.006
2946,0.006
2947,0.005
2950,0.015
2949,0.004
2952,0.015
2951,0.004
2956,0.015
2954,0.014
2953,0.005
2955,0.001
2958,0.015
2957,0.002
2960,0.014
2959,0.004
2962,0.008
2961,0.005
2966,0.016
2964,0.008
2965,0.004
2967,0.004
2995,0.016
2970,0.015
2969,0.003
2972,0.014
2971,0.005
2974,0.014
2973,0.005
2976,0.014
2975,0.003
2981,0.014
2978,0.013
2977,0.004
2979,0.006
2980,0.003
2983,0.014
2982,0.005
2992,0.014
2985,0.013
2984,0.002
2987,0.013
2986,0.003
2989,0.013
2988,0.003
2990,0.006
2991,0.004
2994,0.007
2993,0.003
3033,0.016
3002,0.014
2997,0.012
2996,0.005
2999,0.012
2998,0.004
3001,0.007
3000,0.003
3017,0.014
3014,0.013
3004,0.012
3003,0.006
3006,0.012
3005,0.002
3010,0.012
3008,0.011
3007,0.005
3009,0.003
3012,0.011
3011,0.005
3013,0.002
3016,0.007
3015,0.004
3023,0.014
3019,0.011
3018,0.004
3021,0.011
3020,0.002
3022,0.005
3031,0.013
3025,0.012
3024,0.002
3028,0.011
3026,0.005
3027,0.002
3029,0.005
3030,0.002
3032,0.003
3041,0.016
3035,0.015
3034,0.004
3039,0.015
3037,0.013
3036,0.004
3038,0.006
3040,0.004
3043,0.016
3042,0.004
3055,0.016
3045,0.014
3044,0.003
3047,0.014
3046,0.004
3051,0.013
3049,0.012
3048,0.003
3050,0.004
3053,0.013
3052,0.004
3054,0.002
3056,0.006
3058,0.003
3060,0.003
3063,0.02
3062,0.004
3068,0.02
3065,0.017
3064,0.004
3066,0.008
3067,0.003
3077,0.02
3070,0.019
3069,0.004
3075,0.017
3072,0.016
3071,0.004
3073,0.008
3074,0.003
3076,0.002
3079,0.02
3078,0.006
3082,0.019
3080,0.009
3081,0.001
3084,0.011
3083,0.006
3094,0.021
3087,0.02
3086,0.007
3091,0.019
3089,0.016
3088,0.005
3090,0.002
3093,0.009
3092,0.006
3095,0.009
3096,0.004
3208,0.022
3204,0.021
3099,0.02
3098,0.005
3101,0.02
3100,0.005
3103,0.02
3102,0.006
3106,0.02
3104,0.009
3105,0.004
3108,0.02
3107,0.002
3153,0.02
3144,0.019
3110,0.018
3109,0.003
3139,0.018
3116,0.017
3112,0.016
3111,0.004
3114,0.016
3113,0.007
3115,0.003
3122,0.016
3118,0.015
3117,0.005
3120,0.013
3119,0.001
3121,0.002
3136,0.016
3124,0.015
3123,0.004
3132,0.015
3126,0.014
3125,0.006
3129,0.014
3127,0.007
3128,0.003
3130,0.007
3131,0.003
3134,0.014
3133,0.004
3135,0.002
3137,0.009
3138,0.003
3142,0.015
3140,0.008
3141,0.003
3143,0.005
3146,0.019
3145,0.003
3151,0.018
3148,0.017
3147,0.007
3149,0.008
3150,0.004
3152,0.004
3163,0.019
3155,0.018
3154,0.005
3157,0.018
3156,0.007
3159,0.018
3158,0.004
3161,0.018
3160,0.008
3162,0.004
3184,0.018
3165,0.017
3164,0.004
3170,0.017
3167,0.015
3166,0.004
3168,0.007
3169,0.005
3172,0.017
3171,0.003
3175,0.017
3174,0.007
3173,0.004
3177,0.016
3176,0.004
3181,0.016
3179,0.015
3178,0.005
3180,0.002
3182,0.008
3183,0.005
3186,0.018
3185,0.003
3202,0.017
3190,0.016
3188,0.015
3187,0.004
3189,0.001
3192,0.015
3191,0.003
3200,0.015
3194,0.014
3193,0.003
3196,0.014
3195,0.003
3198,0.013
3197,0.003
3199,0.003
3201,0.004
3203,0.005
3206,0.021
3205,0.006
3207,0.003
3210,0.019
3209,0.002
3219,0.019
3213,0.017
3211,0.01
3212,0.003
3217,0.017
3215,0.015
3214,0.004
3216,0.005
3218,0.005
3222,0.018
3220,0.008
3221,0.005
3229,0.017
3226,0.016
3224,0.015
3223,0.004
3225,0.002
3227,0.007
3228,0.002
3235,0.017
3233,0.016
3231,0.015
3230,0.005
3232,0.005
3234,0.002
3237,0.017
3236,0.001
3245,0.017
3239,0.016
3238,0.002
3242,0.016
3240,0.008
3241,0.002
3244,0.008
3243,0.005
3247,0.017
3246,0.004
3260,0.017
3258,0.016
3249,0.015
3248,0.002
3251,0.015
3250,0.001
3253,0.015
3252,0.003
3255,0.015
3254,0.003
3256,0.007
3257,0.004
3262,0.016
3261,0.003
3271,0.016
3266,0.015
3264,0.013
3263,0.003
3265,0.005
3269,0.015
3267,0.006
3268,0.003
3270,0.003
3273,0.016
3272,0.005
3279,0.015
3275,0.014
3274,0.004
3277,0.014
3276,0.004
3278,0.004
3281,0.015
3280,0.004
3283,0.015
3282,0.003
3285,0.013
3284,0.004
3288,0.013
3286,0.006
3292,0.013
3290,0.012
3289,0.004
3291,0.003
3294,0.011
3293,0.003
3296,0.011
3295,0.002
3299,0.011
3297,0.005
3298,0.003
3301,0.011
3300,0.003
3306,0.01
3303,0.008
3302,0.002
3305,0.006
3304,0.003
3308,0.01
3307,0.003
3310,0.01
3309,0.002
3312,0.009
3311,0.002
3314,0.009
3315,0.004
3316,0.009
3318,0.007
3320,0.005
3322,0.005
3323,0.001
3324,0.002
2058,0.003
2062,0.003
2352,0.017
