0,10.459
2,14.151
4,15.073
5,11.139
6,15.339
8,15.496
9,11.35
10,13.186
11,10.419
12,10.316
13,9.19
14,8.916
15,7.93
16,7.773
17,6.918
18,6.852
19,6.323
20,6.12
21,5.706
22,5.582
23,5.084
24,5.059
25,4.777
26,4.599
27,4.503
28,4.215
29,4.134
30,3.938
31,3.837
32,3.692
33,3.635
34,3.455
35,3.389
36,3.263
37,3.193
38,3.089
39,3.011
40,2.974
41,2.826
42,2.834
43,2.668
44,2.703
45,2.551
46,2.544
47,2.437
48,2.42
49,2.317
50,2.354
51,2.21
52,2.233
53,2.12
54,2.156
55,2.042
56,2.06
57,1.956
58,1.99
59,1.895
60,1.906
61,1.814
62,1.849
63,1.78
64,1.76
65,1.716
66,1.716
67,1.64
68,1.699
69,1.568
70,1.655
71,1.509
72,1.585
73,1.507
74,1.507
75,1.498
76,1.435
77,1.453
78,1.389
79,1.428
80,1.368
81,1.375
82,1.316
83,1.373
84,1.25
85,1.352
86,1.201
87,1.337
88,1.192
89,1.269
90,1.182
91,1.239
92,1.128
93,1.248
94,1.073
95,1.23
96,1.019
97,1.217
98,1.051
99,1.126
100,1.068
101,1.062
102,1.068
103,1.002
104,1.056
105,0.981
106,1.052
107,0.951
108,1.026
109,0.923
110,1.019
111,0.944
112,0.982
113,0.918
114,0.949
115,0.923
116,0.891
117,0.894
118,0.898
119,0.889
120,0.898
121,0.861
122,0.889
123,0.836
124,0.849
125,0.856
126,0.814
127,0.828
128,0.782
129,0.877
130,0.752
131,0.836
132,0.742
133,0.823
134,0.734
135,0.789
136,0.744
137,0.768
138,0.711
139,0.787
140,0.716
141,0.754
142,0.71
143,0.756
144,0.653
145,0.75
146,0.658
147,0.749
148,0.64
149,0.727
150,0.667
151,0.693
152,0.649
153,0.68
154,0.656
155,0.665
156,0.654
157,0.641
158,0.632
159,0.656
160,0.62
161,0.623
162,0.632
163,0.628
164,0.602
165,0.64
166,0.604
167,0.587
168,0.615
169,0.587
170,0.618
171,0.548
172,0.59
173,0.582
174,0.563
175,0.586
176,0.537
177,0.603
178,0.527
179,0.591
180,0.523
181,0.593
182,0.527
183,0.549
184,0.52
185,0.523
186,0.548
187,0.503
188,0.558
189,0.499
190,0.524
191,0.495
192,0.534
193,0.498
194,0.509
195,0.499
196,0.52
197,0.49
198,0.513
199,0.461
200,0.503
201,0.488
202,0.487
203,0.46
204,0.486
205,0.487
206,0.484
207,0.475
208,0.459
209,0.446
210,0.489
211,0.425
212,0.488
213,0.422
214,0.48
215,0.417
216,0.475
217,0.427
218,0.456
219,0.421
220,0.467
1,8.797
3,10.514
221,0.416
222,0.447
223,0.41
224,0.456
225,0.418
226,0.43
227,0.407
228,0.445
229,0.4
230,0.432
231,0.39
232,0.411
233,0.393
234,0.424
235,0.389
236,0.41
237,0.4
238,0.392
239,0.356
240,0.423
241,0.399
242,0.419
243,0.362
244,0.429
245,0.368
246,0.379
247,0.371
248,0.373
249,0.366
250,0.392
251,0.346
252,0.409
253,0.353
254,0.372
255,0.365
256,0.352
257,0.36
258,0.358
259,0.372
260,0.362
261,0.343
262,0.364
263,0.332
264,0.365
265,0.342
266,0.356
267,0.338
268,0.342
269,0.346
270,0.338
271,0.342
272,0.328
273,0.336
274,0.34
275,0.344
276,0.329
277,0.344
278,0.321
279,0.322
280,0.335
281,0.306
282,0.354
283,0.316
284,0.333
285,0.281
286,0.364
287,0.277
288,0.34
289,0.304
290,0.322
291,0.297
292,0.332
293,0.309
294,0.297
295,0.328
296,0.303
297,0.329
298,0.291
299,0.309
300,0.289
301,0.295
302,0.29
303,0.284
304,0.313
305,0.262
306,0.309
307,0.285
308,0.294
309,0.299
310,0.286
311,0.287
312,0.297
313,0.286
314,0.284
315,0.264
316,0.291
317,0.263
318,0.286
319,0.262
320,0.296
321,0.255
322,0.285
323,0.279
324,0.272
325,0.275
326,0.269
327,0.281
328,0.259
329,0.258
330,0.292
331,0.254
332,0.281
333,0.251
334,0.277
335,0.226
336,0.279
337,0.248
338,0.273
339,0.255
340,0.263
341,0.263
342,0.262
343,0.255
344,0.232
345,0.262
346,0.26
347,0.262
348,0.255
349,0.248
350,0.248
351,0.242
352,0.267
353,0.218
354,0.263
355,0.228
356,0.253
357,0.218
358,0.25
359,0.229
360,0.226
361,0.243
362,0.226
363,0.244
364,0.214
365,0.245
366,0.232
367,0.243
368,0.216
369,0.224
370,0.224
371,0.233
372,0.239
373,0.219
374,0.233
375,0.239
376,0.212
377,0.258
378,0.203
379,0.252
380,0.192
381,0.268
382,0.198
383,0.256
384,0.19
385,0.247
386,0.189
387,0.248
388,0.195
389,0.24
390,0.212
391,0.233
392,0.207
393,0.227
394,0.22
395,0.213
396,0.21
397,0.206
398,0.219
399,0.189
400,0.204
401,0.204
402,0.21
403,0.199
404,0.232
405,0.182
406,0.219
407,0.193
408,0.207
409,0.191
410,0.197
411,0.195
412,0.214
413,0.206
414,0.201
415,0.2
416,0.193
417,0.228
418,0.17
419,0.21
420,0.195
421,0.201
422,0.186
423,0.201
424,0.196
425,0.198
426,0.21
427,0.186
428,0.197
429,0.183
430,0.179
431,0.209
432,0.178
433,0.195
434,0.181
435,0.182
436,0.189
437,0.185
438,0.183
439,0.199
440,0.189
441,0.178
442,0.179
443,0.181
444,0.175
445,0.207
446,0.163
447,0.189
448,0.182
449,0.2
450,0.168
451,0.181
452,0.177
453,0.169
454,0.182
455,0.165
456,0.184
457,0.169
458,0.18
459,0.176
460,0.167
461,0.166
462,0.174
463,0.169
464,0.184
465,0.17
466,0.183
467,0.164
468,0.183
469,0.163
470,0.176
471,0.163
472,0.179
473,0.159
474,0.187
7,11.382
475,0.135
476,0.185
477,0.132
478,0.191
479,0.145
480,0.163
481,0.169
482,0.166
483,0.17
484,0.172
485,0.17
486,0.174
487,0.159
488,0.177
489,0.167
490,0.162
491,0.163
492,0.159
493,0.154
494,0.188
495,0.151
496,0.181
497,0.151
498,0.148
499,0.175
500,0.143
501,0.159
502,0.138
503,0.155
504,0.153
505,0.171
506,0.135
507,0.169
508,0.145
509,0.174
510,0.147
511,0.169
512,0.17
513,0.148
514,0.153
515,0.151
516,0.142
517,0.149
518,0.141
519,0.159
520,0.16
521,0.157
522,0.146
523,0.147
524,0.153
525,0.136
526,0.164
527,0.132
528,0.165
529,0.123
530,0.158
531,0.131
532,0.159
533,0.131
534,0.156
535,0.13
536,0.17
537,0.118
538,0.169
539,0.124
540,0.17
541,0.117
542,0.167
543,0.123
544,0.164
545,0.132
546,0.153
547,0.135
548,0.153
549,0.131
550,0.144
551,0.141
552,0.139
553,0.14
554,0.134
555,0.136
556,0.132
557,0.139
558,0.139
559,0.125
560,0.146
561,0.12
562,0.145
563,0.131
564,0.139
565,0.135
566,0.149
567,0.111
568,0.149
569,0.12
570,0.144
571,0.11
572,0.145
573,0.121
574,0.138
575,0.126
576,0.139
577,0.129
578,0.144
579,0.124
580,0.143
581,0.12
582,0.15
583,0.109
584,0.148
585,0.123
586,0.134
587,0.128
588,0.127
589,0.134
590,0.12
591,0.13
592,0.115
593,0.142
594,0.119
595,0.12
596,0.121
597,0.113
598,0.132
599,0.12
600,0.138
601,0.101
602,0.124
603,0.115
604,0.123
605,0.123
606,0.124
607,0.121
608,0.13
609,0.128
610,0.122
611,0.128
612,0.12
613,0.133
614,0.12
615,0.12
616,0.132
617,0.121
618,0.125
619,0.129
620,0.127
621,0.124
622,0.116
623,0.126
624,0.114
625,0.116
626,0.126
627,0.104
628,0.118
629,0.103
630,0.125
631,0.103
632,0.128
633,0.111
634,0.106
635,0.113
636,0.111
637,0.125
638,0.107
639,0.104
640,0.123
641,0.107
642,0.117
643,0.117
644,0.112
645,0.116
646,0.115
647,0.116
648,0.097
649,0.116
650,0.106
651,0.118
652,0.114
653,0.104
654,0.113
655,0.115
656,0.103
657,0.125
658,0.11
659,0.111
660,0.12
661,0.103
662,0.12
663,0.096
664,0.109
665,0.105
666,0.098
667,0.107
668,0.105
669,0.107
670,0.106
671,0.103
672,0.101
673,0.103
674,0.113
675,0.11
676,0.098
677,0.112
678,0.102
679,0.116
680,0.104
681,0.108
682,0.11
683,0.099
684,0.109
685,0.109
686,0.097
687,0.095
688,0.11
689,0.099
690,0.103
691,0.1
692,0.107
693,0.105
694,0.105
695,0.109
696,0.097
697,0.106
698,0.099
699,0.101
700,0.1
701,0.107
702,0.103
703,0.104
704,0.104
705,0.107
706,0.103
707,0.106
708,0.104
709,0.108
710,0.097
711,0.098
712,0.116
713,0.077
714,0.112
715,0.089
716,0.102
717,0.095
718,0.104
719,0.092
720,0.102
721,0.088
722,0.113
723,0.086
724,0.111
725,0.094
726,0.113
727,0.094
728,0.118
729,0.082
730,0.095
731,0.107
732,0.089
733,0.097
734,0.103
735,0.102
736,0.085
737,0.104
738,0.092
739,0.104
740,0.096
741,0.085
742,0.099
743,0.093
744,0.098
745,0.094
746,0.092
747,0.096
748,0.096
749,0.09
750,0.103
751,0.107
752,0.082
753,0.102
754,0.085
755,0.103
756,0.092
757,0.098
758,0.091
759,0.096
760,0.082
761,0.103
762,0.079
763,0.104
764,0.092
765,0.094
766,0.086
767,0.086
768,0.085
769,0.078
770,0.096
771,0.08
772,0.095
773,0.083
774,0.085
775,0.089
776,0.081
777,0.088
778,0.083
779,0.09
780,0.095
781,0.096
782,0.089
783,0.091
784,0.095
785,0.086
786,0.089
787,0.079
788,0.097
789,0.079
790,0.095
791,0.081
792,0.091
793,0.078
794,0.091
795,0.078
796,0.083
797,0.084
798,0.086
799,0.081
800,0.096
801,0.081
802,0.082
803,0.093
804,0.082
805,0.093
806,0.073
807,0.1
808,0.076
809,0.098
810,0.077
811,0.074
812,0.091
813,0.082
814,0.088
815,0.091
816,0.08
817,0.091
818,0.074
819,0.088
820,0.075
821,0.086
822,0.076
823,0.077
824,0.083
825,0.081
826,0.088
827,0.082
828,0.071
829,0.087
830,0.077
831,0.082
832,0.086
833,0.073
834,0.086
835,0.075
836,0.083
837,0.073
838,0.078
839,0.077
840,0.076
841,0.074
842,0.084
843,0.078
844,0.07
845,0.08
846,0.071
847,0.083
848,0.073
849,0.079
850,0.077
851,0.086
852,0.076
853,0.078
854,0.083
855,0.074
856,0.078
857,0.073
858,0.072
859,0.076
860,0.083
861,0.069
862,0.08
863,0.075
864,0.075
865,0.084
866,0.07
867,0.088
868,0.081
869,0.085
870,0.078
871,0.084
872,0.066
873,0.088
874,0.074
875,0.084
876,0.073
877,0.082
878,0.07
879,0.086
880,0.071
881,0.072
882,0.071
883,0.076
884,0.075
885,0.078
886,0.072
887,0.085
888,0.067
889,0.082
890,0.077
891,0.069
892,0.079
893,0.063
894,0.078
895,0.068
896,0.09
897,0.068
898,0.083
899,0.072
900,0.082
901,0.074
902,0.068
903,0.073
904,0.064
905,0.078
906,0.05
907,0.07
908,0.056
909,0.064
910,0.078
911,0.07
912,0.071
913,0.066
914,0.071
915,0.065
916,0.065
917,0.067
918,0.069
919,0.069
920,0.069
921,0.069
922,0.066
923,0.066
924,0.071
925,0.066
926,0.072
927,0.074
928,0.07
929,0.078
930,0.066
931,0.071
932,0.074
933,0.063
934,0.071
935,0.056
936,0.074
937,0.075
938,0.065
939,0.081
940,0.067
941,0.061
942,0.066
943,0.07
944,0.062
945,0.08
946,0.057
947,0.073
948,0.058
949,0.078
950,0.068
951,0.072
952,0.065
953,0.065
954,0.073
955,0.055
956,0.086
957,0.052
958,0.064
959,0.058
960,0.081
961,0.058
962,0.081
963,0.051
964,0.083
965,0.063
966,0.07
967,0.066
968,0.071
969,0.074
970,0.061
971,0.071
972,0.063
973,0.067
974,0.07
975,0.069
976,0.067
977,0.065
978,0.07
979,0.077
980,0.062
981,0.071
982,0.07
983,0.059
984,0.073
985,0.058
986,0.071
987,0.063
988,0.072
989,0.066
990,0.07
991,0.057
992,0.077
993,0.056
994,0.071
995,0.057
996,0.066
997,0.056
998,0.055
999,0.059
1000,0.061
1001,0.058
1002,0.058
1003,0.049
1004,0.068
1005,0.046
1006,0.062
1007,0.05
1008,0.057
1009,0.069
1010,0.048
1011,0.071
1012,0.049
1013,0.068
1014,0.049
1015,0.064
1016,0.052
1017,0.059
1018,0.067
1019,0.055
1020,0.066
1021,0.061
1022,0.062
1023,0.064
1024,0.056
1025,0.077
1026,0.055
1027,0.07
1028,0.058
1029,0.066
1030,0.061
1031,0.053
1032,0.061
1033,0.055
1034,0.061
1035,0.05
1036,0.056
1037,0.05
1038,0.067
1039,0.055
1040,0.073
1041,0.049
1042,0.065
1043,0.059
1044,0.067
1045,0.051
1046,0.066
1047,0.053
1048,0.068
1049,0.055
1050,0.064
1051,0.055
1052,0.063
1053,0.057
1054,0.051
1055,0.064
1056,0.055
1057,0.063
1058,0.051
1059,0.056
1060,0.051
1061,0.065
1062,0.056
1063,0.055
1064,0.06
1065,0.053
1066,0.06
1067,0.062
1068,0.055
1069,0.067
1070,0.05
1071,0.071
1072,0.062
1073,0.058
1074,0.061
1075,0.055
1076,0.062
1077,0.052
1078,0.067
1079,0.042
1080,0.079
1081,0.049
1082,0.06
1083,0.065
1084,0.058
1085,0.06
1086,0.052
1087,0.065
1088,0.054
1089,0.072
1090,0.045
1091,0.059
1092,0.064
1093,0.057
1094,0.06
1095,0.052
1096,0.066
1097,0.049
1098,0.068
1099,0.047
1100,0.066
1101,0.044
1102,0.062
1103,0.05
1104,0.058
1105,0.049
1106,0.056
1107,0.049
1108,0.055
1109,0.054
1110,0.052
1111,0.053
1112,0.055
1113,0.055
1114,0.043
1115,0.054
1116,0.054
1117,0.047
1118,0.053
1119,0.042
1120,0.066
1121,0.032
1122,0.066
1123,0.041
1124,0.051
1125,0.05
1126,0.046
1127,0.063
1128,0.046
1129,0.055
1130,0.047
1131,0.049
1132,0.056
1133,0.052
1134,0.051
1135,0.05
1136,0.041
1137,0.058
1138,0.048
1139,0.058
1140,0.045
1141,0.056
1142,0.045
1143,0.051
1144,0.044
1145,0.056
1146,0.049
1147,0.052
1148,0.045
1149,0.057
1150,0.047
1151,0.047
1152,0.052
1153,0.054
1154,0.05
1155,0.044
1156,0.059
1157,0.044
1158,0.059
1159,0.051
1160,0.055
1161,0.045
1162,0.053
1163,0.049
1164,0.05
1165,0.043
1166,0.046
1167,0.048
1168,0.045
1169,0.053
1170,0.047
1171,0.056
1172,0.044
1173,0.053
1174,0.046
1175,0.049
1176,0.048
1177,0.049
1178,0.051
1179,0.056
1180,0.04
1181,0.055
1182,0.049
1183,0.051
1184,0.049
1185,0.055
1186,0.043
1187,0.056
1188,0.039
1189,0.055
1190,0.047
1191,0.046
1192,0.045
1193,0.057
1194,0.04
1195,0.056
1196,0.052
1197,0.05
1198,0.044
1199,0.049
1200,0.053
1201,0.044
1202,0.045
1203,0.049
1204,0.042
1205,0.043
1206,0.054
1207,0.035
1208,0.054
1209,0.041
1210,0.053
1211,0.043
1212,0.044
1213,0.055
1214,0.046
1215,0.052
1216,0.043
1217,0.05
1218,0.042
1219,0.058
1220,0.04
1221,0.058
1222,0.044
1223,0.05
1224,0.051
1225,0.043
1226,0.061
1227,0.041
1228,0.06
1229,0.044
1230,0.046
1231,0.049
1232,0.041
1233,0.052
1234,0.041
1235,0.047
1236,0.048
1237,0.044
1238,0.05
1239,0.043
1240,0.043
1241,0.044
1242,0.05
1243,0.041
1244,0.05
1245,0.047
1246,0.039
1247,0.049
1248,0.038
1249,0.054
1250,0.039
1251,0.045
1252,0.045
1253,0.039
1254,0.045
1255,0.043
1256,0.043
1257,0.043
1258,0.042
1259,0.043
1260,0.039
1261,0.045
1262,0.039
1263,0.044
1264,0.04
1265,0.048
1266,0.037
1267,0.05
1268,0.038
1269,0.041
1270,0.047
1271,0.039
1272,0.043
1273,0.039
1274,0.049
1275,0.041
1276,0.048
1277,0.042
1278,0.042
1279,0.051
1280,0.048
1281,0.036
1282,0.049
1283,0.04
1284,0.043
1285,0.04
1286,0.034
1287,0.05
1288,0.031
1289,0.046
1290,0.029
1291,0.045
1292,0.031
1293,0.048
1294,0.031
1295,0.043
1296,0.041
1297,0.041
1298,0.038
1299,0.04
1300,0.039
1301,0.045
1302,0.041
1303,0.045
1304,0.042
1305,0.047
1306,0.032
1307,0.046
1308,0.032
1309,0.053
1310,0.032
1311,0.05
1312,0.035
1313,0.05
1314,0.03
1315,0.054
1316,0.034
1317,0.055
1318,0.034
1319,0.049
1320,0.042
1321,0.05
1322,0.037
1323,0.044
1324,0.04
1325,0.044
1326,0.036
1327,0.046
1328,0.034
1329,0.046
1330,0.038
1331,0.05
1332,0.038
1333,0.045
1334,0.034
1335,0.04
1336,0.037
1337,0.039
1338,0.036
1339,0.046
1340,0.032
1341,0.043
1342,0.032
1343,0.043
1344,0.039
1345,0.038
1346,0.037
1347,0.045
1348,0.037
1349,0.042
1350,0.041
1351,0.041
1352,0.044
1353,0.037
1354,0.044
1355,0.04
1356,0.047
1357,0.041
1358,0.045
1359,0.038
1360,0.043
1361,0.038
1362,0.046
1363,0.038
1364,0.049
1365,0.042
1366,0.051
1367,0.04
1368,0.039
1369,0.046
1370,0.039
1371,0.047
1372,0.042
1373,0.047
1374,0.037
1375,0.052
1376,0.033
1377,0.049
1378,0.035
1379,0.044
1380,0.034
1381,0.042
1382,0.043
1383,0.038
1384,0.041
1385,0.038
1386,0.048
1387,0.038
1388,0.046
1389,0.045
1390,0.046
1391,0.039
1392,0.052
1393,0.03
1394,0.05
1395,0.036
1396,0.047
1397,0.034
1398,0.039
1399,0.036
1400,0.038
1401,0.038
1402,0.037
1403,0.042
1404,0.038
1405,0.041
1406,0.033
1407,0.04
1408,0.038
1409,0.037
1410,0.043
1411,0.037
1412,0.038
1413,0.034
1414,0.034
1415,0.041
1416,0.036
1417,0.037
1418,0.037
1419,0.035
1420,0.029
1421,0.042
1422,0.029
1423,0.039
1424,0.03
1425,0.032
1426,0.036
1427,0.022
1428,0.039
1429,0.024
1430,0.042
1431,0.027
1432,0.04
1433,0.026
1434,0.04
1435,0.034
1436,0.033
1437,0.035
1438,0.032
1439,0.027
1440,0.034
1441,0.034
1442,0.035
1443,0.029
1444,0.032
1445,0.034
1446,0.036
1447,0.032
1448,0.032
1449,0.04
1450,0.025
1451,0.039
1452,0.033
1453,0.036
1454,0.034
1455,0.04
1456,0.032
1457,0.042
1458,0.027
1459,0.038
1460,0.031
1461,0.03
1462,0.033
1463,0.032
1464,0.037
1465,0.026
1466,0.035
1467,0.032
1468,0.03
1469,0.035
1470,0.02
1471,0.04
1472,0.023
1473,0.037
1474,0.03
1475,0.035
1476,0.037
1477,0.033
1478,0.033
1479,0.034
1480,0.033
1481,0.032
1482,0.033
1483,0.033
1484,0.029
1485,0.04
1486,0.034
1487,0.034
1488,0.033
1489,0.037
1490,0.026
1491,0.041
1492,0.024
1493,0.038
1494,0.034
1495,0.032
1496,0.041
1497,0.024
1498,0.048
1499,0.026
1500,0.038
1501,0.03
1502,0.038
1503,0.036
1504,0.033
1505,0.026
1506,0.03
1507,0.029
1508,0.035
1509,0.032
1510,0.024
1511,0.033
1512,0.026
1513,0.036
1514,0.031
1515,0.028
1516,0.04
1517,0.03
1518,0.035
1519,0.029
1520,0.033
1521,0.028
1522,0.033
1523,0.023
1524,0.035
1525,0.025
1526,0.037
1527,0.029
1528,0.042
1529,0.035
1530,0.032
1531,0.034
1532,0.033
1533,0.035
1534,0.039
1535,0.028
1536,0.04
1537,0.029
1538,0.037
1539,0.027
1540,0.04
1541,0.03
1542,0.037
1543,0.03
1544,0.034
1545,0.033
1546,0.033
1547,0.035
1548,0.029
1549,0.034
1550,0.028
1551,0.036
1552,0.033
1553,0.03
1554,0.03
1555,0.03
1556,0.029
1557,0.037
1558,0.026
1559,0.036
1560,0.032
1561,0.03
1562,0.036
1563,0.033
1564,0.032
1565,0.034
1566,0.031
1567,0.034
1568,0.032
1569,0.034
1570,0.034
1571,0.032
1572,0.032
1573,0.029
1574,0.024
1575,0.035
1576,0.034
1577,0.03
1578,0.03
1579,0.038
1580,0.031
1581,0.035
1582,0.037
1583,0.027
1584,0.043
1585,0.028
1586,0.035
1587,0.022
1588,0.032
1589,0.026
1590,0.031
1591,0.032
1592,0.032
1593,0.033
1594,0.032
1595,0.032
1596,0.024
1597,0.035
1598,0.035
1599,0.037
1600,0.032
1601,0.035
1602,0.032
1603,0.041
1604,0.027
1605,0.034
1606,0.03
1607,0.039
1608,0.034
1609,0.038
1610,0.033
1611,0.035
1612,0.035
1613,0.032
1614,0.035
1615,0.034
1616,0.034
1617,0.033
1618,0.027
1619,0.037
1620,0.032
1621,0.037
1622,0.032
1623,0.036
1624,0.028
1625,0.036
1626,0.031
1627,0.038
1628,0.032
1629,0.03
1630,0.035
1631,0.027
1632,0.036
1633,0.029
1634,0.034
1635,0.034
1636,0.027
1637,0.04
1638,0.032
1639,0.043
1640,0.032
1641,0.032
1642,0.031
1643,0.032
1644,0.031
1645,0.034
1646,0.031
1647,0.03
1648,0.028
1649,0.028
1650,0.031
1651,0.031
1652,0.029
1653,0.031
1654,0.028
1655,0.033
1657,0.033
1658,0.025
1659,0.03
1660,0.025
1661,0.028
1662,0.023
1663,0.025
1664,0.025
1665,0.025
1666,0.025
1667,0.024
1668,0.023
1669,0.026
1670,0.023
1671,0.022
1672,0.023
1673,0.024
1674,0.027
1675,0.022
1676,0.029
1677,0.022
1678,0.022
1679,0.02
1680,0.02
1681,0.02
1682,0.022
1683,0.023
1684,0.022
1685,0.026
1686,0.022
1687,0.027
1688,0.017
1689,0.023
1690,0.019
1691,0.024
1692,0.024
1693,0.021
1694,0.019
1695,0.022
1696,0.022
1697,0.025
1698,0.024
1699,0.027
1700,0.028
1701,0.023
1702,0.03
1703,0.024
1704,0.029
1705,0.027
1706,0.023
1707,0.031
1708,0.019
1709,0.032
1710,0.021
1711,0.026
1712,0.024
1713,0.024
1714,0.026
1715,0.021
1716,0.027
1717,0.02
1718,0.027
1719,0.025
1720,0.026
1721,0.023
1722,0.023
1723,0.024
1724,0.015
1725,0.03
1726,0.019
1727,0.022
1728,0.028
1729,0.021
1730,0.023
1731,0.025
1732,0.026
1733,0.02
1734,0.034
1735,0.02
1736,0.03
1737,0.018
1738,0.03
1739,0.023
1740,0.026
1741,0.027
1742,0.023
1743,0.032
1744,0.021
1745,0.025
1746,0.029
1747,0.018
1748,0.024
1749,0.025
1750,0.021
1751,0.026
1752,0.018
1753,0.026
1754,0.027
1755,0.024
1756,0.026
1757,0.025
1758,0.024
1759,0.021
1760,0.025
1761,0.026
1762,0.024
1763,0.027
1764,0.023
1765,0.021
1766,0.024
1767,0.023
1768,0.024
1769,0.021
1770,0.029
1771,0.021
1772,0.024
1773,0.019
1774,0.03
1775,0.027
1776,0.021
1777,0.025
1778,0.021
1779,0.026
1780,0.021
1781,0.026
1782,0.024
1783,0.022
1784,0.022
1785,0.021
1786,0.026
1787,0.017
1788,0.024
1789,0.02
1790,0.026
1791,0.02
1792,0.028
1793,0.021
1794,0.026
1795,0.024
1796,0.028
1797,0.026
1798,0.018
1799,0.019
1800,0.029
1801,0.02
1802,0.031
1803,0.019
1804,0.019
1805,0.022
1806,0.026
1807,0.02
1808,0.032
1809,0.011
1810,0.032
1811,0.015
1812,0.028
1813,0.017
1814,0.024
1815,0.021
1816,0.026
1817,0.023
1818,0.026
1819,0.024
1820,0.024
1821,0.029
1822,0.026
1823,0.033
1824,0.022
1825,0.036
1826,0.021
1827,0.023
1828,0.022
1829,0.02
1830,0.027
1831,0.02
1832,0.029
1833,0.017
1834,0.028
1835,0.019
1836,0.028
1837,0.024
1838,0.027
1839,0.024
1840,0.029
1841,0.023
1842,0.024
1843,0.02
1844,0.023
1845,0.026
1846,0.028
1847,0.019
1848,0.038
1849,0.018
1850,0.032
1851,0.026
1852,0.025
1853,0.027
1854,0.026
1855,0.028
1856,0.029
1857,0.022
1858,0.031
1859,0.02
1860,0.032
1861,0.02
1862,0.025
1863,0.031
1864,0.023
1865,0.025
1866,0.019
1867,0.029
1868,0.015
1869,0.027
1870,0.02
1871,0.029
1872,0.024
1873,0.028
1874,0.027
1875,0.024
1876,0.023
1877,0.031
1878,0.025
1879,0.029
1880,0.028
1881,0.032
1882,0.024
1883,0.021
1884,0.022
1885,0.027
1886,0.021
1887,0.032
1888,0.02
1889,0.03
1890,0.019
1891,0.032
1892,0.022
1893,0.028
1894,0.018
1895,0.03
1896,0.024
1897,0.025
1898,0.022
1899,0.025
1900,0.023
1901,0.031
1902,0.021
1903,0.023
1904,0.026
1905,0.023
1906,0.023
1907,0.025
1908,0.021
1909,0.03
1910,0.021
1911,0.027
1912,0.025
1913,0.027
1914,0.021
1915,0.023
1916,0.02
1917,0.023
1918,0.02
1919,0.022
1920,0.02
1921,0.026
1922,0.023
1923,0.03
1924,0.024
1925,0.025
1926,0.02
1927,0.028
1928,0.021
1929,0.027
1930,0.027
1931,0.02
1932,0.031
1933,0.019
1934,0.028
1935,0.018
1936,0.025
1937,0.023
1938,0.021
1939,0.035
1940,0.015
1941,0.034
1942,0.014
1943,0.031
1944,0.015
1945,0.026
1946,0.027
1947,0.019
1948,0.028
1949,0.02
1950,0.025
1951,0.023
1952,0.023
1953,0.023
1954,0.027
1955,0.025
1956,0.023
1957,0.025
1958,0.027
1959,0.023
1960,0.026
1961,0.024
1962,0.023
1963,0.025
1964,0.018
1965,0.031
1966,0.018
1967,0.029
1968,0.023
1969,0.029
1970,0.017
1971,0.026
1972,0.018
1973,0.023
1974,0.025
1975,0.024
1976,0.02
1977,0.03
1978,0.018
1979,0.031
1980,0.018
1981,0.03
1982,0.019
1983,0.024
1984,0.023
1985,0.02
1986,0.023
1987,0.013
1988,0.028
1989,0.011
1990,0.018
1991,0.018
1992,0.018
1993,0.023
1994,0.017
1656,0.023
1995,0.018
1996,0.019
1997,0.017
1998,0.02
1999,0.018
2000,0.015
2001,0.017
2002,0.015
2003,0.017
2004,0.014
2005,0.02
2006,0.013
2007,0.016
2008,0.014
2009,0.018
2010,0.018
2011,0.011
2012,0.021
2013,0.011
2014,0.017
2015,0.015
2016,0.013
2017,0.019
2018,0.011
2019,0.018
2020,0.014
2021,0.018
2022,0.012
2023,0.021
2024,0.013
2025,0.019
2026,0.014
2027,0.01
2028,0.02
2029,0.011
2030,0.018
2031,0.01
2032,0.015
2033,0.012
2034,0.017
2035,0.015
2036,0.017
2037,0.015
2038,0.018
2039,0.015
2040,0.015
2041,0.012
2042,0.014
2043,0.017
2044,0.011
2045,0.022
2046,0.012
2047,0.022
2048,0.01
2049,0.023
2050,0.009
2051,0.024
2052,0.009
2053,0.019
2054,0.011
2055,0.025
2056,0.01
2057,0.02
2058,0.012
2059,0.015
2060,0.014
2061,0.013
2062,0.012
2063,0.014
2064,0.011
2065,0.014
2066,0.01
2067,0.013
2068,0.015
2069,0.008
2070,0.011
2071,0.012
2072,0.013
2073,0.015
2074,0.016
2075,0.015
2076,0.014
2077,0.013
2078,0.017
2079,0.013
2080,0.018
2081,0.015
2082,0.016
2083,0.015
2084,0.016
2085,0.016
2086,0.014
2087,0.016
2088,0.016
2089,0.01
2090,0.016
2091,0.015
2092,0.014
2093,0.017
2094,0.017
2095,0.016
2096,0.011
2097,0.018
2098,0.006
2099,0.016
2100,0.011
2101,0.017
2102,0.014
2103,0.016
2104,0.015
2105,0.012
2106,0.018
2107,0.011
2108,0.02
2109,0.01
2110,0.015
2111,0.014
2112,0.016
2113,0.013
2114,0.017
2115,0.013
2116,0.015
2117,0.013
2118,0.014
2119,0.012
2120,0.008
2121,0.016
2122,0.007
2123,0.017
2124,0.014
2125,0.017
2126,0.013
2127,0.017
2128,0.011
2129,0.017
2130,0.014
2131,0.018
2132,0.012
2133,0.018
2134,0.012
2135,0.016
2136,0.014
2137,0.017
2138,0.016
2139,0.014
2140,0.015
2141,0.012
2142,0.014
2143,0.017
2144,0.013
2145,0.022
2146,0.015
2147,0.018
2148,0.015
2149,0.019
2150,0.016
2151,0.013
2152,0.02
2153,0.008
2154,0.019
2155,0.011
2156,0.017
2157,0.013
2158,0.017
2159,0.016
2160,0.015
2161,0.016
2162,0.017
2163,0.017
2164,0.017
2165,0.013
2166,0.016
2167,0.014
2168,0.02
2169,0.012
2170,0.025
2171,0.013
2172,0.017
2173,0.015
2174,0.018
2175,0.015
2176,0.022
2177,0.011
2178,0.022
2179,0.015
2180,0.013
2181,0.013
2182,0.019
2183,0.018
2184,0.018
2185,0.02
2186,0.015
2187,0.016
2188,0.016
2189,0.02
2190,0.009
2191,0.018
2192,0.014
2193,0.021
2194,0.014
2195,0.018
2196,0.017
2197,0.015
2198,0.017
2199,0.011
2200,0.021
2201,0.015
2202,0.022
2203,0.015
2204,0.018
2205,0.016
2206,0.019
2207,0.014
2208,0.018
2209,0.015
2210,0.013
2211,0.016
2212,0.017
2213,0.014
2214,0.017
2215,0.015
2216,0.015
2217,0.016
2218,0.013
2219,0.019
2220,0.014
2221,0.016
2222,0.016
2223,0.015
2224,0.015
2225,0.016
2226,0.014
2227,0.018
2228,0.008
2229,0.02
2230,0.009
2231,0.022
2232,0.01
2233,0.019
2234,0.011
2235,0.02
2236,0.008
2237,0.02
2238,0.01
2239,0.016
2240,0.008
2241,0.019
2242,0.01
2243,0.015
2244,0.009
2245,0.017
2246,0.014
2247,0.016
2248,0.01
2249,0.018
2250,0.008
2251,0.017
2252,0.009
2253,0.015
2254,0.017
2255,0.012
2256,0.014
2257,0.017
2258,0.008
2259,0.02
2260,0.007
2261,0.023
2262,0.011
2263,0.019
2264,0.013
2265,0.017
2266,0.015
2267,0.011
2268,0.02
2269,0.012
2270,0.017
2271,0.016
2272,0.016
2273,0.016
2274,0.013
2275,0.019
2276,0.008
2277,0.022
2278,0.012
2279,0.021
2280,0.01
2281,0.023
2282,0.014
2283,0.024
2284,0.01
2285,0.02
2286,0.013
2287,0.016
2288,0.013
2289,0.018
2290,0.01
2291,0.024
2292,0.015
2293,0.019
2294,0.018
2295,0.019
2296,0.016
2297,0.02
2298,0.015
2299,0.017
2300,0.018
2301,0.014
2302,0.025
2303,0.012
2304,0.023
2305,0.015
2306,0.02
2307,0.017
2308,0.021
2309,0.014
2310,0.021
2311,0.017
2312,0.018
2313,0.017
2314,0.023
2315,0.018
2316,0.018
2317,0.022
2318,0.02
2319,0.018
2320,0.022
2321,0.021
2322,0.017
2323,0.024
2324,0.015
2325,0.021
2326,0.018
2327,0.018
2328,0.02
2329,0.014
2330,0.022
2331,0.015
2332,0.018
2333,0.011
2334,0.022
2335,0.011
2336,0.019
2337,0.013
2338,0.015
2339,0.018
2340,0.015
2341,0.017
2342,0.018
2343,0.015
2344,0.016
2345,0.016
2346,0.014
2347,0.017
2348,0.016
2349,0.016
2350,0.014
2351,0.016
2352,0.015
2353,0.017
2354,0.012
2355,0.02
2356,0.013
2357,0.022
2358,0.013
2359,0.024
2360,0.01
2361,0.021
2362,0.007
2363,0.021
2364,0.013
2365,0.021
2366,0.015
2367,0.019
2368,0.017
2369,0.02
2370,0.015
2371,0.02
2372,0.015
2373,0.017
2374,0.016
2375,0.012
2376,0.016
2377,0.014
2378,0.018
2379,0.013
2380,0.012
2381,0.02
2382,0.012
2383,0.02
2384,0.01
2385,0.019
2386,0.011
2387,0.022
2388,0.015
2389,0.022
2390,0.013
2391,0.024
2392,0.008
2393,0.024
2394,0.01
2395,0.022
2396,0.012
2397,0.021
2398,0.011
2399,0.023
2400,0.009
2401,0.027
2402,0.01
2403,0.024
2404,0.015
2405,0.019
2406,0.014
2407,0.015
2408,0.017
2409,0.011
2410,0.021
2411,0.011
2412,0.022
2413,0.013
2414,0.021
2415,0.014
2416,0.015
2417,0.018
2418,0.012
2419,0.017
2420,0.013
2421,0.021
2422,0.014
2423,0.017
2424,0.016
2425,0.017
2426,0.013
2427,0.02
2428,0.014
2429,0.017
2430,0.014
2431,0.021
2432,0.017
2433,0.017
2434,0.017
2435,0.018
2436,0.015
2437,0.016
2438,0.015
2439,0.017
2440,0.016
2441,0.016
2442,0.016
2443,0.016
2444,0.016
2445,0.016
2446,0.012
2447,0.016
2448,0.012
2449,0.016
2450,0.011
2451,0.017
2452,0.016
2453,0.013
2454,0.017
2455,0.01
2456,0.021
2457,0.008
2458,0.016
2459,0.009
2460,0.018
2461,0.011
2462,0.015
2463,0.011
2464,0.019
2465,0.01
2466,0.019
2467,0.01
2468,0.016
2469,0.012
2470,0.014
2471,0.013
2472,0.012
2473,0.014
2474,0.009
2475,0.018
2476,0.009
2477,0.018
2478,0.011
2479,0.02
2480,0.01
2481,0.013
2482,0.015
2483,0.01
2484,0.017
2485,0.01
2486,0.011
2487,0.012
2488,0.008
2489,0.01
2490,0.012
2491,0.008
2492,0.011
2493,0.007
2494,0.009
2495,0.006
2496,0.01
2497,0.004
2498,0.013
2499,0.007
2500,0.011
2501,0.008
2502,0.012
2503,0.009
2504,0.01
2505,0.01
2506,0.007
2507,0.014
2508,0.005
2509,0.014
2510,0.003
2511,0.005
2512,0.009
2513,0.005
2514,0.008
2515,0.008
2516,0.009
2517,0.004
2518,0.008
2519,0.006
2520,0.01
2521,0.006
2522,0.009
2523,0.006
2524,0.009
2525,0.008
2526,0.012
2527,0.007
2528,0.009
2529,0.008
2530,0.009
2531,0.01
2532,0.005
2533,0.012
2534,0.004
2535,0.013
2536,0.004
2537,0.005
2538,0.009
2539,0.005
2540,0.011
2541,0.008
2542,0.01
2543,0.006
2544,0.006
2545,0.011
2546,0.005
2547,0.011
2548,0.002
2549,0.01
2550,0.009
2551,0.009
2552,0.007
2553,0.005
2554,0.008
2555,0.008
2556,0.007
2557,0.01
2558,0.007
2559,0.013
2560,0.01
2561,0.007
2562,0.007
2563,0.01
2564,0.007
2565,0.01
2566,0.006
2567,0.011
2568,0.005
2569,0.011
2570,0.005
2571,0.011
2572,0.003
2573,0.009
2574,0.004
2575,0.009
2576,0.004
2577,0.007
2578,0.009
2579,0.006
2580,0.008
2581,0.008
2582,0.009
2583,0.005
2584,0.01
2585,0.009
2586,0.01
2587,0.009
2588,0.01
2589,0.006
2590,0.012
2591,0.002
2592,0.012
2593,0.003
2594,0.009
2595,0.007
2596,0.009
2597,0.007
2598,0.01
2599,0.006
2600,0.012
2601,0.005
2602,0.01
2603,0.006
2604,0.01
2605,0.008
2606,0.011
2607,0.007
2608,0.01
2609,0.004
2610,0.015
2611,0.004
2612,0.012
2613,0.006
2614,0.011
2615,0.008
2616,0.01
2617,0.005
2618,0.013
2619,0.006
2620,0.013
2621,0.004
2622,0.015
2623,0.002
2624,0.01
2625,0.006
2626,0.01
2627,0.004
2628,0.013
2629,0.003
2630,0.012
2631,0.004
2632,0.015
2633,0.004
2634,0.01
2635,0.008
2636,0.01
2637,0.007
2638,0.011
2639,0.007
2640,0.011
2641,0.004
2642,0.01
2643,0.01
2644,0.007
2645,0.008
2646,0.006
2647,0.003
2648,0.011
2649,0.003
2650,0.009
2651,0.003
2652,0.009
2653,0.004
2654,0.01
2655,0.005
2656,0.006
2657,0.008
2658,0.008
2659,0.008
2660,0.012
2661,0.007
2662,0.011
2663,0.01
2664,0.012
2665,0.007
2666,0.009
2667,0.009
2668,0.009
2669,0.01
2670,0.006
2671,0.008
2672,0.01
2673,0.007
2674,0.01
2675,0.006
2676,0.011
2677,0.007
2678,0.011
2679,0.006
2680,0.01
2681,0.005
2682,0.014
2683,0.005
2684,0.012
2685,0.003
2686,0.011
2687,0.006
2688,0.01
2689,0.006
2690,0.009
2691,0.005
2692,0.009
2693,0.008
2694,0.01
2695,0.008
2696,0.007
2697,0.006
2698,0.01
2699,0.005
2700,0.011
2701,0.007
2702,0.008
2703,0.008
2704,0.008
2705,0.007
2706,0.009
2707,0.006
2708,0.009
2709,0.005
2710,0.01
2711,0.005
2712,0.009
2713,0.007
2714,0.006
2715,0.011
2716,0.004
2717,0.008
2718,0.006
2719,0.008
2720,0.005
2721,0.007
2722,0.005
2723,0.006
2724,0.005
2725,0.008
2726,0.007
2727,0.006
2728,0.008
2729,0.006
2730,0.011
2731,0.007
2732,0.008
2733,0.007
2734,0.012
2735,0.006
2736,0.008
2737,0.008
2738,0.009
2739,0.006
2740,0.01
2741,0.006
2742,0.007
2743,0.006
2744,0.01
2745,0.004
2746,0.007
2747,0.008
2748,0.006
2749,0.007
2750,0.007
2751,0.007
2752,0.005
2753,0.009
2754,0.003
2755,0.006
2756,0.006
2757,0.006
2758,0.008
2759,0.006
2760,0.006
2761,0.004
2762,0.006
2763,0.005
2764,0.008
2765,0.008
2766,0.008
2767,0.006
2768,0.006
2769,0.009
2770,0.005
2771,0.01
2772,0.006
2773,0.004
2774,0.01
2775,0.003
2776,0.007
2777,0.005
2778,0.006
2779,0.005
2780,0.009
2781,0.005
2782,0.008
2783,0.006
2784,0.008
2785,0.006
2786,0.007
2787,0.006
2788,0.008
2789,0.004
2790,0.011
2791,0.005
2792,0.011
2793,0.006
2794,0.008
2795,0.007
2796,0.005
2797,0.008
2798,0.004
2799,0.007
2800,0.003
2801,0.009
2802,0.004
2803,0.012
2804,0.003
2805,0.01
2806,0.003
2807,0.006
2808,0.007
2809,0.006
2810,0.007
2811,0.005
2812,0.006
2813,0.007
2814,0.005
2815,0.007
2816,0.006
2817,0.007
2818,0.006
2819,0.007
2820,0.006
2821,0.007
2822,0.004
2823,0.007
2824,0.001
2825,0.009
2826,0.002
2827,0.007
2828,0.003
2829,0.007
2830,0.003
2831,0.009
2832,0.005
2833,0.009
2834,0.004
2835,0.01
2836,0.004
2837,0.009
2838,0.002
2839,0.01
2840,0.003
2841,0.011
2842,0.004
2843,0.008
2844,0.003
2845,0.007
2846,0.006
2847,0.004
2848,0.008
2849,0.004
2850,0.008
2851,0.006
2852,0.007
2853,0.007
2854,0.003
2855,0.006
2856,0.003
2857,0.008
2858,0.003
2859,0.009
2860,0.006
2861,0.008
2862,0.009
2863,0.004
2864,0.012
2865,0.005
2866,0.01
2867,0.006
2868,0.005
2869,0.009
2870,0.003
2871,0.01
2872,0.003
2873,0.008
2874,0.004
2875,0.008
2876,0.005
2877,0.007
2878,0.007
2879,0.006
2880,0.007
2881,0.007
2882,0.008
2883,0.006
2884,0.008
2885,0.006
2886,0.011
2887,0.006
2888,0.009
2889,0.007
2890,0.01
2891,0.008
2892,0.01
2893,0.005
2894,0.012
2895,0.005
2896,0.01
2897,0.006
2898,0.008
2899,0.007
2900,0.008
2901,0.009
2902,0.004
2903,0.01
2904,0.004
2905,0.011
2906,0.006
2907,0.01
2908,0.004
2909,0.009
2910,0.005
2911,0.011
2912,0.005
2913,0.012
2914,0.004
2915,0.009
2916,0.008
2917,0.01
2918,0.006
2919,0.01
2920,0.007
2921,0.006
2922,0.009
2923,0.005
2924,0.011
2925,0.003
2926,0.012
2927,0.004
2928,0.011
2929,0.005
2930,0.009
2931,0.006
2932,0.009
2933,0.007
2934,0.008
2935,0.008
2936,0.009
2937,0.01
2938,0.006
2939,0.007
2940,0.008
2941,0.006
2942,0.007
2943,0.006
2944,0.005
2945,0.009
2946,0.006
2947,0.007
2948,0.008
2949,0.006
2950,0.012
2951,0.007
2952,0.007
2953,0.008
2954,0.007
2955,0.005
2956,0.009
2957,0.004
2958,0.012
2959,0.004
2960,0.009
2961,0.005
2962,0.009
2963,0.006
2964,0.008
2965,0.007
2966,0.009
2967,0.006
2968,0.009
2969,0.006
2970,0.008
2971,0.007
2972,0.006
2973,0.008
2974,0.005
2975,0.009
2976,0.005
2977,0.008
2978,0.004
2979,0.009
2980,0.008
2981,0.006
2982,0.009
2983,0.004
2984,0.009
2985,0.005
2986,0.01
2987,0.005
2988,0.01
2989,0.004
2990,0.009
2991,0.005
2992,0.007
2993,0.005
2994,0.009
2995,0.007
2996,0.006
2997,0.005
2998,0.006
2999,0.005
3000,0.007
3001,0.005
3002,0.007
3003,0.007
3004,0.006
3005,0.008
3006,0.004
3007,0.005
3008,0.008
3009,0.004
3010,0.009
3011,0.002
3012,0.01
3013,0.003
3014,0.009
3015,0.004
3016,0.009
3017,0.002
3018,0.01
3019,0.003
3020,0.009
3021,0.004
3022,0.01
3023,0.003
3024,0.009
3025,0.002
3026,0.009
3027,0.003
3028,0.01
3029,0.004
3030,0.009
3031,0.004
3032,0.012
3033,0.003
3034,0.012
3035,0.002
3036,0.009
3037,0.005
3038,0.007
3039,0.008
3040,0.008
3041,0.006
3042,0.014
3043,0.004
3044,0.012
3045,0.003
3046,0.01
3047,0.004
3048,0.007
3049,0.003
3050,0.01
3051,0.003
3052,0.011
3053,0.002
3054,0.012
3055,0.005
3056,0.013
3057,0.005
3058,0.01
3059,0.007
3060,0.011
3061,0.004
3062,0.017
3063,0.004
3064,0.009
3065,0.007
3066,0.011
3067,0.008
3068,0.01
3069,0.011
3070,0.007
3071,0.01
3072,0.009
3073,0.006
3074,0.01
3075,0.01
3076,0.01
3077,0.008
3078,0.01
3079,0.007
3080,0.011
3081,0.008
3082,0.01
3083,0.01
3084,0.005
3085,0.013
3086,0.004
3087,0.013
3088,0.006
3089,0.013
3090,0.007
3091,0.012
3092,0.011
3093,0.01
3094,0.011
3095,0.008
3096,0.012
3097,0.01
3098,0.011
3099,0.008
3100,0.01
3101,0.008
3102,0.011
3103,0.009
3104,0.01
3105,0.01
3106,0.009
3107,0.013
3108,0.006
3109,0.01
3110,0.007
3111,0.009
3112,0.006
3113,0.009
3114,0.008
3115,0.009
3116,0.008
3117,0.008
3118,0.006
3119,0.008
3120,0.007
3121,0.009
3122,0.008
3123,0.01
3124,0.008
3125,0.01
3126,0.006
3127,0.007
3128,0.008
3129,0.005
3130,0.008
3131,0.008
3132,0.007
3133,0.006
3134,0.011
3135,0.005
3136,0.01
3137,0.009
3138,0.009
3139,0.007
3140,0.011
3141,0.005
3142,0.013
3143,0.006
3144,0.012
3145,0.007
3146,0.013
3147,0.006
3148,0.012
3149,0.006
3150,0.009
3151,0.007
3152,0.012
3153,0.007
3154,0.01
3155,0.011
3156,0.007
3157,0.007
3158,0.012
3159,0.007
3160,0.011
3161,0.008
3162,0.008
3163,0.009
3164,0.006
3165,0.008
3166,0.005
3167,0.007
3168,0.009
3169,0.008
3170,0.01
3171,0.006
3172,0.011
3173,0.005
3174,0.011
3175,0.007
3176,0.009
3177,0.004
3178,0.011
3179,0.004
3180,0.01
3181,0.006
3182,0.009
3183,0.007
3184,0.013
3185,0.007
3186,0.012
3187,0.004
3188,0.01
3189,0.008
3190,0.009
3191,0.005
3192,0.008
3193,0.006
3194,0.008
3195,0.006
3196,0.006
3197,0.006
3198,0.007
3199,0.007
3200,0.007
3201,0.01
3202,0.011
3203,0.007
3204,0.013
3205,0.008
3206,0.009
3207,0.013
3208,0.01
3209,0.009
3210,0.007
3211,0.006
3212,0.01
3213,0.007
3214,0.009
3215,0.006
3216,0.011
3217,0.007
3218,0.012
3219,0.004
3220,0.013
3221,0.005
3222,0.011
3223,0.004
3224,0.011
3225,0.006
3226,0.011
3227,0.004
3228,0.012
3229,0.005
3230,0.009
3231,0.008
3232,0.007
3233,0.009
3234,0.006
3235,0.008
3236,0.007
3237,0.009
3238,0.005
3239,0.008
3240,0.005
3241,0.012
3242,0.005
3243,0.011
3244,0.007
3245,0.009
3246,0.008
3247,0.009
3248,0.008
3249,0.008
3250,0.007
3251,0.009
3252,0.008
3253,0.01
3254,0.008
3255,0.008
3256,0.008
3257,0.008
3258,0.009
3259,0.007
3260,0.007
3261,0.007
3262,0.006
3263,0.005
3264,0.009
3265,0.006
3266,0.007
3267,0.006
3268,0.009
3269,0.005
3270,0.009
3271,0.003
3272,0.012
3273,0.004
3274,0.006
3275,0.007
3276,0.008
3277,0.007
3278,0.007
3279,0.008
3280,0.008
3281,0.005
3282,0.008
3283,0.004
3284,0.006
3285,0.006
3286,0.005
3287,0.008
3288,0.004
3289,0.009
3290,0.004
3291,0.008
3292,0.006
3293,0.007
3294,0.006
3295,0.005
3296,0.007
3297,0.004
3298,0.006
3299,0.006
3300,0.005
3301,0.002
3302,0.008
3303,0.002
3304,0.008
3305,0.003
3306,0.009
3307,0.003
3308,0.005
3309,0.008
3310,0.003
3311,0.005
3312,0.002
3313,0.006
3314,0.004
3315,0.005
3316,0.002
3317,0.005
3318,0.001
3319,0.001
3320,0.005
3322,0.003
3323,0.001
3324,0.001
