49,2.215
50,2.354
51,2.055
59,1.716
60,1.919
61,1.763
108,0.855
109,0.979
110,0.902
130,0.851
132,0.768
133,0.826
134,0.667
135,0.796
136,0.679
204,0.499
205,0.462
206,0.479
207,0.424
208,0.523
209,0.394
210,0.476
211,0.419
212,0.39
213,0.548
214,0.398
215,0.444
216,0.431
25,4.619
26,4.396
27,4.427
47,2.284
74,1.39
75,1.451
76,1.369
102,1.036
103,1.036
104,0.942
105,1.049
106,0.814
112,0.841
113,0.972
114,0.913
120,0.794
121,0.887
122,0.834
123,0.819
124,0.851
137,0.757
138,0.749
139,0.644
186,0.485
187,0.496
188,0.503
194,0.47
195,0.441
196,0.588
197,0.429
198,0.527
199,0.464
200,0.479
19,6.161
20,5.835
21,5.44
44,2.372
45,2.494
46,2.37
63,1.773
64,1.669
65,1.673
66,1.571
67,1.69
68,1.538
69,1.611
70,1.453
77,1.416
125,0.697
126,0.943
140,0.797
217,0.477
52,2.199
53,1.976
54,2.068
71,1.55
95,1.104
96,1.058
97,1.118
100,1.042
175,0.512
176,0.643
177,0.467
178,0.629
185,0.57
193,0.512
218,0.39
219,0.417
220,0.485
80,1.233
82,1.196
127,0.67
128,0.911
17,7.208
43,2.744
78,1.291
117,1.063
118,0.684
179,0.464
11,11.037
12,9.802
13,8.482
22,5.197
23,4.937
24,4.768
33,3.452
34,3.292
35,3.204
98,1.064
99,1.032
192,0.509
72,1.44
73,1.544
203,0.474
40,2.749
41,2.848
42,2.523
14,7.989
15,7.329
36,3.075
37,3.141
38,2.954
39,2.97
55,1.988
56,2.125
57,1.761
180,0.579
181,0.477
182,0.571
190,0.498
191,0.506
115,0.881
174,0.529
116,0.732
28,4.155
29,4.071
30,3.793
31,3.683
183,0.55
184,0.485
201,0.501
202,0.438
189,0.544
141,0.696
83,1.371
145,0.729
146,0.642
147,0.735
148,0.682
149,0.634
150,0.649
151,0.672
152,0.598
153,0.652
154,0.683
172,0.571
173,0.582
142,0.705
143,0.729
144,0.613
163,0.546
164,0.644
165,0.571
170,0.626
156,0.694
157,0.604
158,0.643
159,0.542
166,0.607
167,0.56
84,1.189
85,1.239
86,1.225
168,0.656
169,0.503
88,1.238
89,1.156
90,1.211
94,1.126
162,0.651
155,0.574
160,0.769
93,1.097
87,1.231
91,1.123
92,1.163
161,0.531
1,11.202
2,10.404
4,10.178
5,15.552
6,10.85
7,14.306
8,10.892
9,13.938
129,0.678
280,0.345
281,0.281
282,0.357
283,0.259
284,0.35
285,0.311
286,0.327
287,0.287
288,0.278
289,0.382
290,0.254
291,0.346
292,0.295
428,0.195
429,0.202
430,0.175
440,0.199
441,0.173
442,0.183
444,0.173
445,0.197
446,0.137
447,0.201
448,0.191
449,0.192
450,0.145
451,0.177
452,0.187
453,0.167
454,0.171
455,0.209
456,0.12
457,0.209
460,0.128
461,0.199
462,0.171
58,1.988
223,0.426
224,0.41
225,0.422
226,0.41
227,0.439
228,0.385
261,0.375
262,0.334
263,0.324
264,0.346
265,0.378
266,0.293
400,0.22
401,0.176
402,0.253
420,0.193
421,0.201
422,0.202
423,0.188
424,0.212
425,0.188
426,0.176
427,0.194
237,0.438
238,0.331
239,0.39
240,0.387
241,0.388
242,0.422
243,0.404
244,0.401
245,0.34
267,0.377
268,0.31
269,0.369
270,0.258
417,0.253
418,0.15
419,0.193
463,0.152
464,0.184
465,0.167
231,0.384
232,0.437
233,0.349
297,0.245
298,0.334
299,0.316
300,0.26
376,0.247
377,0.194
378,0.222
379,0.225
380,0.235
381,0.265
382,0.181
383,0.268
416,0.173
466,0.193
467,0.161
468,0.185
469,0.17
470,0.137
471,0.213
472,0.141
107,1.107
229,0.446
230,0.373
276,0.336
277,0.301
278,0.33
293,0.307
294,0.277
473,0.198
101,1.022
253,0.385
254,0.325
255,0.424
256,0.325
257,0.394
295,0.343
48,2.374
171,0.532
235,0.441
443,0.191
111,1.017
414,0.203
415,0.194
459,0.209
258,0.299
259,0.404
260,0.302
301,0.326
436,0.197
437,0.179
438,0.177
439,0.183
131,0.709
221,0.414
234,0.387
272,0.288
273,0.38
274,0.301
458,0.144
79,1.421
81,1.444
388,0.207
389,0.241
390,0.199
375,0.195
384,0.158
394,0.254
395,0.201
396,0.22
251,0.335
252,0.362
62,1.709
248,0.35
249,0.383
250,0.384
386,0.206
387,0.23
393,0.192
397,0.176
398,0.25
399,0.167
431,0.185
432,0.209
246,0.382
247,0.366
385,0.245
391,0.218
392,0.231
296,0.324
409,0.191
410,0.217
411,0.181
302,0.23
119,0.967
271,0.385
313,0.306
314,0.248
315,0.297
316,0.293
317,0.238
318,0.322
319,0.216
321,0.308
322,0.262
323,0.276
324,0.25
325,0.274
326,0.276
327,0.294
328,0.213
329,0.278
330,0.283
474,0.139
405,0.205
406,0.198
407,0.181
369,0.204
370,0.234
371,0.232
372,0.245
373,0.19
374,0.28
403,0.162
404,0.208
408,0.214
32,3.404
304,0.326
305,0.231
306,0.311
312,0.302
307,0.241
331,0.257
332,0.277
356,0.253
357,0.241
358,0.224
359,0.244
355,0.211
361,0.233
362,0.232
363,0.248
364,0.202
368,0.257
365,0.254
347,0.312
348,0.224
349,0.264
310,0.262
311,0.264
303,0.313
333,0.275
352,0.256
353,0.222
354,0.263
308,0.305
309,0.309
413,0.179
433,0.146
434,0.211
435,0.166
360,0.206
320,0.255
334,0.227
335,0.225
336,0.251
337,0.261
338,0.255
339,0.279
340,0.255
341,0.253
342,0.264
343,0.261
344,0.207
346,0.213
412,0.235
345,0.272
350,0.239
351,0.223
367,0.23
18,6.481
366,0.219
16,7.248
10,10.476
0,5.538
3,13.046
493,0.182
494,0.185
495,0.169
590,0.128
591,0.123
592,0.103
596,0.121
597,0.114
598,0.125
603,0.122
604,0.103
605,0.142
606,0.097
607,0.113
610,0.135
611,0.124
612,0.105
901,0.098
902,0.053
903,0.072
926,0.095
927,0.037
928,0.089
933,0.084
934,0.065
935,0.069
936,0.058
937,0.077
941,0.07
942,0.058
943,0.081
944,0.062
945,0.067
946,0.074
949,0.064
950,0.077
951,0.055
952,0.092
956,0.084
957,0.055
958,0.069
959,0.051
967,0.067
968,0.083
969,0.07
970,0.066
513,0.146
514,0.158
515,0.135
516,0.171
549,0.113
550,0.145
551,0.141
553,0.147
554,0.125
555,0.152
556,0.102
557,0.162
558,0.129
559,0.127
560,0.144
841,0.091
842,0.064
843,0.075
844,0.083
845,0.066
883,0.062
884,0.084
885,0.062
886,0.077
887,0.086
888,0.068
889,0.06
890,0.087
891,0.052
892,0.101
899,0.087
900,0.055
499,0.221
500,0.122
501,0.135
502,0.166
508,0.193
509,0.156
510,0.142
511,0.166
562,0.15
563,0.125
564,0.153
565,0.129
947,0.057
948,0.063
974,0.086
975,0.062
976,0.062
977,0.047
978,0.102
486,0.163
487,0.167
488,0.188
489,0.141
497,0.154
498,0.102
503,0.127
504,0.152
505,0.18
506,0.108
561,0.096
593,0.157
594,0.103
595,0.117
626,0.097
627,0.153
628,0.087
629,0.128
630,0.115
801,0.084
802,0.063
803,0.101
804,0.088
875,0.076
876,0.096
877,0.065
878,0.056
879,0.103
880,0.063
881,0.071
882,0.074
971,0.039
972,0.093
973,0.049
981,0.053
982,0.094
983,0.048
984,0.081
986,0.074
987,0.044
988,0.091
989,0.059
222,0.411
478,0.162
479,0.163
480,0.144
485,0.175
507,0.155
552,0.14
576,0.156
577,0.117
578,0.146
579,0.132
580,0.142
581,0.093
582,0.147
583,0.102
584,0.158
608,0.151
609,0.114
613,0.141
614,0.132
615,0.109
893,0.049
894,0.088
895,0.072
896,0.08
992,0.086
993,0.035
994,0.105
532,0.11
533,0.169
534,0.125
535,0.131
536,0.177
537,0.132
538,0.13
618,0.144
619,0.124
620,0.106
481,0.16
482,0.182
483,0.172
484,0.162
990,0.08
991,0.038
496,0.164
791,0.102
792,0.087
793,0.091
794,0.065
795,0.075
798,0.107
799,0.051
800,0.112
939,0.093
279,0.302
840,0.077
873,0.081
543,0.193
544,0.146
545,0.136
546,0.147
547,0.12
917,0.069
918,0.046
919,0.098
920,0.048
924,0.091
929,0.049
930,0.091
932,0.054
938,0.054
966,0.045
275,0.339
490,0.177
491,0.156
492,0.119
548,0.171
964,0.067
965,0.075
475,0.17
476,0.152
477,0.163
631,0.111
632,0.108
816,0.073
817,0.104
818,0.067
819,0.09
979,0.059
980,0.071
985,0.05
625,0.121
790,0.081
796,0.1
805,0.084
806,0.076
807,0.092
820,0.074
821,0.062
829,0.083
830,0.076
831,0.078
832,0.082
953,0.042
960,0.067
961,0.069
962,0.056
574,0.129
586,0.141
587,0.109
588,0.12
589,0.15
524,0.143
525,0.159
526,0.113
530,0.122
813,0.099
814,0.082
815,0.082
827,0.081
833,0.08
836,0.075
837,0.072
838,0.092
839,0.064
904,0.072
905,0.062
542,0.103
517,0.147
518,0.128
519,0.168
520,0.139
599,0.119
600,0.145
601,0.1
602,0.122
529,0.153
809,0.084
810,0.075
811,0.074
812,0.09
822,0.1
585,0.115
824,0.078
825,0.081
826,0.086
834,0.101
835,0.061
860,0.084
861,0.072
862,0.067
863,0.078
864,0.078
865,0.085
897,0.077
898,0.06
921,0.067
922,0.074
923,0.051
931,0.06
633,0.116
539,0.167
540,0.136
541,0.138
622,0.136
623,0.095
624,0.127
567,0.094
568,0.133
569,0.143
570,0.123
660,0.108
661,0.122
662,0.13
663,0.093
664,0.097
666,0.094
667,0.09
668,0.121
669,0.089
670,0.13
675,0.097
676,0.109
677,0.108
678,0.101
679,0.125
680,0.086
681,0.118
683,0.12
684,0.105
685,0.1
687,0.103
688,0.102
689,0.09
690,0.102
691,0.099
692,0.111
693,0.119
694,0.092
996,0.085
236,0.357
573,0.142
682,0.099
686,0.1
777,0.1
778,0.077
779,0.076
780,0.109
781,0.074
782,0.095
783,0.079
784,0.107
785,0.082
786,0.104
787,0.054
788,0.108
789,0.066
870,0.08
871,0.071
872,0.077
808,0.078
846,0.083
847,0.063
848,0.085
849,0.075
954,0.087
955,0.046
963,0.074
527,0.183
528,0.108
859,0.068
912,0.096
913,0.035
914,0.084
915,0.06
616,0.133
617,0.112
634,0.109
635,0.121
636,0.086
774,0.093
775,0.091
776,0.072
695,0.102
696,0.107
697,0.111
717,0.121
718,0.086
719,0.096
749,0.141
750,0.08
751,0.116
747,0.096
748,0.059
763,0.109
764,0.097
765,0.089
766,0.085
767,0.087
768,0.094
761,0.124
762,0.07
653,0.114
654,0.096
655,0.109
656,0.122
657,0.101
658,0.086
659,0.122
637,0.139
638,0.111
643,0.141
645,0.143
741,0.102
742,0.083
743,0.096
640,0.105
641,0.102
642,0.107
649,0.146
650,0.078
651,0.125
652,0.105
646,0.096
647,0.121
648,0.079
521,0.166
522,0.162
523,0.132
916,0.068
639,0.099
665,0.107
671,0.078
672,0.105
674,0.105
700,0.132
701,0.086
702,0.101
703,0.103
704,0.094
705,0.122
706,0.078
707,0.138
708,0.083
710,0.087
711,0.097
712,0.115
713,0.092
714,0.078
715,0.127
716,0.065
720,0.092
721,0.107
722,0.098
723,0.06
724,0.137
571,0.121
572,0.114
760,0.073
869,0.103
566,0.146
744,0.099
745,0.105
746,0.081
698,0.091
699,0.083
709,0.117
850,0.076
851,0.088
852,0.077
726,0.132
727,0.083
728,0.117
729,0.069
730,0.113
731,0.109
732,0.071
733,0.116
734,0.088
735,0.108
740,0.076
752,0.083
753,0.087
853,0.054
854,0.107
856,0.114
857,0.042
858,0.094
866,0.077
867,0.078
868,0.06
738,0.079
739,0.112
823,0.068
725,0.071
736,0.078
737,0.109
759,0.104
909,0.056
910,0.08
911,0.055
673,0.105
754,0.084
756,0.073
757,0.12
758,0.056
772,0.101
773,0.066
855,0.038
770,0.111
906,0.065
907,0.058
908,0.065
769,0.057
644,0.083
531,0.162
621,0.122
575,0.121
512,0.156
1167,0.062
1168,0.04
1169,0.056
1194,0.043
1195,0.071
1196,0.047
1197,0.05
1208,0.043
1209,0.06
1210,0.031
1211,0.064
1212,0.031
1213,0.064
1214,0.037
1222,0.07
1223,0.035
1224,0.057
1803,0.03
1804,0.016
1805,0.024
1806,0.023
1807,0.022
1868,0.022
1869,0.016
1870,0.038
1871,0.021
1872,0.027
1873,0.022
1874,0.031
1884,0.035
1885,0.021
1886,0.026
1887,0.027
1888,0.011
1889,0.043
1890,0.013
1891,0.032
1892,0.013
1900,0.035
1901,0.02
1902,0.023
1903,0.03
1904,0.021
1905,0.022
1915,0.024
1916,0.024
1917,0.02
1918,0.019
1919,0.023
1936,0.028
1937,0.006
1938,0.042
1939,0.025
1940,0.025
1028,0.062
1029,0.066
1030,0.058
1031,0.06
1032,0.051
1099,0.056
1100,0.047
1101,0.063
1102,0.059
1103,0.052
1107,0.074
1108,0.039
1109,0.055
1110,0.046
1111,0.054
1112,0.06
1113,0.06
1114,0.044
1115,0.05
1116,0.043
1117,0.063
1118,0.043
1119,0.052
1120,0.053
1684,0.031
1685,0.016
1686,0.034
1687,0.018
1688,0.015
1689,0.029
1690,0.021
1691,0.021
1768,0.041
1769,0.016
1770,0.031
1771,0.018
1772,0.024
1773,0.023
1774,0.027
1775,0.014
1776,0.032
1777,0.029
1778,0.022
1779,0.03
1780,0.019
1781,0.025
1782,0.024
1783,0.022
1784,0.02
1785,0.023
1800,0.037
1801,0.016
999,0.077
1000,0.042
1001,0.065
1002,0.062
1003,0.054
1004,0.061
1005,0.037
1017,0.063
1018,0.058
1019,0.063
1020,0.063
1021,0.059
1022,0.057
1023,0.082
1024,0.035
1025,0.09
1026,0.045
1027,0.066
1126,0.074
1127,0.059
1128,0.038
1129,0.063
1130,0.043
1135,0.053
1136,0.041
1137,0.061
1894,0.033
1895,0.023
1896,0.029
1950,0.034
1951,0.017
1952,0.028
1953,0.02
1954,0.03
874,0.081
997,0.034
998,0.05
1006,0.08
1007,0.043
1008,0.058
1009,0.055
1010,0.063
1011,0.053
1012,0.062
1121,0.039
1122,0.062
1123,0.032
1124,0.059
1125,0.025
1254,0.047
1255,0.046
1256,0.042
1257,0.044
1258,0.04
1604,0.042
1605,0.024
1606,0.032
1607,0.042
1608,0.031
1609,0.028
1752,0.033
1753,0.014
1754,0.038
1755,0.014
1756,0.032
1757,0.018
1758,0.025
1759,0.014
1760,0.038
1761,0.015
1762,0.03
1763,0.023
1764,0.027
1765,0.022
1766,0.019
1767,0.013
1898,0.031
1941,0.023
1942,0.024
1943,0.02
1944,0.025
1948,0.037
1964,0.026
1965,0.023
1966,0.028
1967,0.024
1968,0.027
1969,0.025
1974,0.034
1975,0.02
1976,0.018
1977,0.03
1978,0.02
1016,0.055
1104,0.044
1105,0.064
1154,0.039
1155,0.048
1156,0.063
1157,0.044
1158,0.061
1162,0.071
1163,0.036
1164,0.043
1165,0.036
1166,0.057
1217,0.025
1218,0.071
1219,0.028
1220,0.074
1221,0.029
1227,0.077
1228,0.039
1229,0.038
1230,0.061
1231,0.036
1787,0.026
1788,0.021
1789,0.021
1790,0.023
1791,0.023
1792,0.027
1985,0.024
1986,0.013
1987,0.027
1988,0.015
1989,0.01
1990,0.026
1066,0.066
1067,0.056
1068,0.066
1069,0.059
1070,0.044
1071,0.079
1072,0.04
1073,0.078
1074,0.049
1075,0.068
1076,0.049
1603,0.026
1225,0.036
1226,0.037
1980,0.018
1981,0.031
1982,0.019
1983,0.021
1584,0.054
1585,0.023
1586,0.041
1587,0.02
1588,0.036
1589,0.026
1590,0.022
1881,0.042
1882,0.017
1883,0.017
1013,0.027
1014,0.078
1015,0.049
1600,0.037
1601,0.028
1602,0.039
1748,0.027
1749,0.011
1750,0.031
1089,0.071
1090,0.061
1091,0.061
1092,0.054
1093,0.053
1094,0.07
1836,0.033
1837,0.021
1838,0.03
1839,0.024
1840,0.027
1841,0.017
1850,0.043
1851,0.017
1852,0.031
1853,0.022
1854,0.026
1855,0.036
1856,0.024
1857,0.024
1858,0.028
1859,0.024
1860,0.028
1865,0.042
1866,0.014
1867,0.025
1875,0.022
1876,0.018
1877,0.039
1878,0.018
1879,0.033
1880,0.017
1945,0.016
1946,0.035
1192,0.051
1193,0.039
1929,0.029
1930,0.022
1931,0.022
1932,0.028
1933,0.025
1934,0.019
1260,0.045
1261,0.039
1262,0.043
1263,0.043
1264,0.036
1265,0.058
1633,0.023
1634,0.027
1635,0.039
1636,0.039
1637,0.036
1638,0.035
1913,0.025
1914,0.023
1958,0.04
1959,0.007
1960,0.044
1961,0.009
1962,0.028
1963,0.017
1970,0.021
1971,0.023
1252,0.042
1253,0.041
1582,0.036
1583,0.025
1591,0.041
1592,0.027
1593,0.031
1610,0.046
1611,0.02
1612,0.04
1613,0.035
1614,0.036
1639,0.039
1640,0.038
1641,0.031
1642,0.03
1659,0.037
1660,0.013
1661,0.039
1662,0.021
1663,0.027
1664,0.022
1893,0.018
1897,0.015
1906,0.029
1907,0.02
1920,0.018
1921,0.028
1922,0.022
1923,0.029
1924,0.017
1925,0.031
1955,0.019
1956,0.026
1972,0.017
1984,0.02
1149,0.059
1150,0.047
1151,0.029
1152,0.064
1153,0.05
1174,0.06
1175,0.028
1176,0.053
1177,0.055
1178,0.033
1179,0.08
1180,0.026
1181,0.056
1182,0.046
1050,0.087
1051,0.042
1052,0.076
1627,0.052
1628,0.022
1629,0.038
1630,0.028
1631,0.021
1632,0.036
1655,0.024
1656,0.019
1657,0.043
1658,0.021
1673,0.031
1674,0.021
1675,0.024
1676,0.029
1677,0.021
1678,0.021
1808,0.027
1809,0.009
1810,0.037
1085,0.078
1086,0.036
1087,0.07
1088,0.052
1035,0.043
1036,0.059
1037,0.038
1038,0.067
1039,0.059
1040,0.059
1198,0.04
1199,0.052
1200,0.042
1201,0.04
1202,0.062
940,0.053
1060,0.06
1061,0.051
1062,0.058
1063,0.048
1064,0.068
1597,0.04
1598,0.023
1599,0.035
1619,0.042
1620,0.02
1621,0.047
1622,0.02
1623,0.036
1624,0.027
1625,0.041
1626,0.02
1643,0.031
1644,0.026
1679,0.022
1680,0.019
1681,0.019
1682,0.022
1649,0.03
1650,0.032
1651,0.016
1652,0.05
1653,0.022
1654,0.036
1666,0.052
1667,0.014
1668,0.033
1669,0.022
1670,0.028
1671,0.016
1672,0.02
1722,0.039
1723,0.015
1724,0.024
1725,0.02
1726,0.023
1727,0.026
1728,0.026
1729,0.021
1730,0.023
1794,0.024
1796,0.018
1797,0.031
1798,0.015
1844,0.043
1845,0.008
1846,0.038
1847,0.008
1848,0.046
1849,0.01
1861,0.025
1862,0.014
1863,0.038
1096,0.083
1097,0.042
1098,0.056
1266,0.027
1079,0.057
1080,0.055
1081,0.06
1082,0.046
1083,0.089
1095,0.036
1246,0.06
1247,0.032
1248,0.045
1249,0.055
1250,0.026
1251,0.055
1138,0.034
1139,0.05
1140,0.055
1141,0.062
1159,0.042
1160,0.063
1161,0.032
1170,0.045
1171,0.057
1172,0.032
1321,0.06
1322,0.024
1323,0.06
1324,0.028
1325,0.041
1326,0.047
1327,0.038
1328,0.039
1333,0.063
1334,0.025
1335,0.045
1336,0.025
1337,0.059
1338,0.035
1339,0.045
1340,0.026
1351,0.045
1352,0.045
1353,0.037
1354,0.044
1355,0.036
1356,0.037
1357,0.056
1358,0.034
1359,0.043
1360,0.033
1361,0.053
1362,0.041
1368,0.055
1369,0.023
1370,0.061
1371,0.027
1376,0.057
1377,0.038
1378,0.036
1379,0.049
1380,0.022
1381,0.038
1382,0.056
1383,0.02
1384,0.05
1385,0.04
1386,0.05
1387,0.036
1388,0.051
1991,0.014
1992,0.023
1993,0.015
1183,0.039
1184,0.061
1185,0.054
1186,0.027
1187,0.073
1188,0.034
1189,0.06
1190,0.043
1665,0.005
1786,0.016
925,0.047
1065,0.039
1084,0.032
1148,0.046
1365,0.049
1366,0.052
1367,0.036
1372,0.061
1556,0.039
1557,0.021
1558,0.043
1559,0.023
1560,0.041
1561,0.022
1562,0.042
1563,0.03
1564,0.034
1568,0.055
1569,0.015
1570,0.052
1571,0.021
1572,0.034
1573,0.03
1574,0.028
1575,0.026
1576,0.045
1577,0.023
1578,0.035
1742,0.03
1743,0.028
1744,0.022
1745,0.026
1746,0.019
1747,0.028
1751,0.018
1618,0.026
1692,0.027
1693,0.009
1694,0.029
1695,0.014
1696,0.033
1697,0.016
1698,0.031
1699,0.025
1909,0.045
1910,0.014
1911,0.029
1912,0.021
1927,0.029
1683,0.015
1701,0.029
1702,0.025
1703,0.027
1056,0.089
1057,0.041
1058,0.061
1719,0.022
1720,0.032
1721,0.01
1033,0.041
1034,0.074
1826,0.03
1827,0.013
1828,0.028
1829,0.024
1830,0.02
1232,0.045
1233,0.059
1234,0.041
1235,0.044
1215,0.043
1216,0.057
1236,0.051
1267,0.061
1268,0.022
1269,0.052
1270,0.037
1271,0.045
1272,0.044
1550,0.041
1551,0.03
1552,0.037
1242,0.049
1243,0.04
1244,0.045
1245,0.04
1994,0.015
1239,0.048
1240,0.041
1241,0.047
1392,0.053
1393,0.03
1394,0.054
1436,0.04
1437,0.042
1438,0.027
1439,0.031
1793,0.016
1926,0.012
755,0.114
1496,0.044
1497,0.018
1498,0.048
1499,0.03
1500,0.037
1501,0.027
1527,0.03
1528,0.048
1529,0.022
1530,0.048
1531,0.023
1532,0.041
1553,0.025
1554,0.035
1533,0.02
1534,0.054
1535,0.011
1536,0.059
1524,0.048
1525,0.015
1526,0.035
1341,0.037
1307,0.043
1308,0.038
1309,0.045
1310,0.032
1311,0.057
1312,0.029
1313,0.05
1314,0.032
1315,0.051
1316,0.026
1317,0.065
1318,0.028
1319,0.041
1288,0.064
1289,0.017
1290,0.05
1291,0.022
1273,0.045
1274,0.045
1281,0.049
1282,0.039
1283,0.045
1284,0.025
1285,0.064
1286,0.023
1287,0.027
1299,0.064
1300,0.032
1301,0.048
1302,0.034
1292,0.061
1293,0.03
1294,0.034
1295,0.047
1296,0.029
1297,0.052
1842,0.035
1843,0.006
1825,0.031
1831,0.024
1832,0.014
1833,0.032
1834,0.018
1835,0.019
1373,0.023
1374,0.067
1375,0.018
1041,0.067
1042,0.046
1043,0.075
1275,0.039
1276,0.044
1277,0.042
1278,0.038
1279,0.055
1280,0.039
1320,0.045
1329,0.041
1330,0.025
1331,0.049
1332,0.034
1342,0.046
1343,0.036
1344,0.029
1349,0.06
1350,0.038
1363,0.035
1364,0.042
1397,0.038
1398,0.042
1399,0.034
1401,0.046
1402,0.039
1403,0.042
1404,0.04
1405,0.039
1406,0.023
1407,0.052
1408,0.027
1409,0.049
1410,0.035
1411,0.043
1412,0.035
1413,0.035
1414,0.036
1415,0.034
1416,0.039
1421,0.05
1422,0.029
1423,0.042
1424,0.028
1425,0.031
1426,0.033
1427,0.016
1428,0.045
1429,0.022
1430,0.037
1431,0.037
1432,0.035
1433,0.031
1434,0.021
1435,0.03
1440,0.023
1441,0.04
1442,0.023
1443,0.033
1444,0.04
1445,0.029
1446,0.04
1447,0.029
1448,0.024
1579,0.033
1580,0.037
1581,0.025
1237,0.042
1615,0.03
1616,0.035
1617,0.03
1142,0.036
1143,0.064
1144,0.033
1565,0.023
1566,0.041
1131,0.052
1133,0.058
1134,0.04
1145,0.043
1191,0.046
1205,0.057
1206,0.045
1207,0.041
1490,0.058
1491,0.014
1492,0.044
1493,0.028
1494,0.035
1400,0.028
1418,0.046
1419,0.025
1420,0.032
1595,0.032
1596,0.029
1454,0.033
1455,0.029
1456,0.045
1457,0.03
1458,0.029
1459,0.04
1462,0.041
1463,0.026
1464,0.042
1465,0.025
1466,0.033
1467,0.026
1468,0.038
1469,0.033
1470,0.021
1502,0.036
1503,0.039
1504,0.031
1505,0.022
1506,0.039
1507,0.026
1700,0.024
1704,0.026
1705,0.028
1706,0.028
1707,0.022
1708,0.023
1709,0.024
1714,0.042
1715,0.01
1716,0.037
1717,0.014
1718,0.024
1731,0.025
1732,0.026
1733,0.019
1734,0.032
1735,0.02
1736,0.029
1737,0.02
1738,0.03
1739,0.023
1740,0.02
1811,0.012
828,0.069
1478,0.04
1479,0.036
1480,0.029
1481,0.033
1482,0.031
1647,0.031
771,0.073
1451,0.049
1452,0.017
1453,0.046
1173,0.049
1471,0.04
1472,0.019
1473,0.044
1474,0.027
1522,0.045
1523,0.014
1077,0.067
1819,0.025
1820,0.026
1821,0.027
1822,0.028
1823,0.03
1824,0.018
1486,0.046
1487,0.025
1488,0.032
1489,0.021
1594,0.029
1203,0.035
1204,0.035
1389,0.041
1390,0.039
1391,0.042
1508,0.037
1509,0.024
1514,0.037
1515,0.019
1516,0.05
1517,0.025
1518,0.036
1395,0.028
1396,0.043
1645,0.037
1646,0.021
1303,0.037
1304,0.061
1305,0.024
1132,0.044
1511,0.037
1512,0.025
1513,0.031
1548,0.028
1549,0.029
1519,0.025
1520,0.028
1521,0.022
1710,0.033
1711,0.019
1712,0.026
1053,0.042
1449,0.048
1450,0.02
1078,0.047
1935,0.022
1345,0.05
1346,0.034
1347,0.047
1348,0.015
1483,0.035
1484,0.029
1485,0.034
797,0.07
1044,0.034
1045,0.082
1046,0.052
1047,0.064
1048,0.065
1049,0.043
1510,0.027
1460,0.034
1461,0.022
1059,0.048
1054,0.058
1306,0.047
1417,0.025
1055,0.044
1542,0.029
1543,0.036
1544,0.028
1545,0.036
1546,0.031
1547,0.035
1537,0.017
1741,0.027
1812,0.025
1813,0.015
1814,0.025
1815,0.012
1475,0.036
1476,0.032
1477,0.028
1816,0.037
1817,0.014
1818,0.029
1146,0.061
1147,0.055
1538,0.047
1539,0.02
1540,0.029
1541,0.045
995,0.035
1648,0.033
1567,0.015
1555,0.025
1495,0.03
1106,0.037
1298,0.014
1238,0.033
1259,0.04
1995,0.022
2014,0.027
2015,0.009
2016,0.019
2017,0.016
2018,0.014
2019,0.016
2020,0.015
2021,0.018
2022,0.009
2023,0.016
2038,0.029
2039,0.013
2040,0.015
2041,0.009
3007,0.013
3008,0.002
3009,0.009
3010,0.003
3011,0.006
3012,0.006
3114,0.017
3115,0.003
3116,0.012
3117,0.004
3118,0.009
3119,0.005
3120,0.009
3121,0.006
3122,0.011
3123,0.007
3124,0.009
3141,0.018
3142,0.002
3143,0.015
3144,0.004
3145,0.015
3146,0.005
3147,0.014
3148,0.005
3149,0.012
3150,0.006
3151,0.008
3152,0.011
3153,0.007
3154,0.013
3168,0.017
3169,0.005
3170,0.013
3171,0.005
3172,0.012
3173,0.005
3174,0.011
3175,0.005
3193,0.015
3194,0.003
3195,0.011
3196,0.002
3197,0.01
3198,0.002
3199,0.012
3227,0.017
3228,0.004
3229,0.011
3230,0.005
3231,0.012
3232,0.004
3233,0.012
3234,0.004
1864,0.011
2807,0.012
2808,0.003
2809,0.008
2810,0.005
2811,0.005
2812,0.006
2813,0.007
2814,0.005
2815,0.007
2816,0.006
2817,0.007
2818,0.006
2819,0.007
2948,0.016
2949,0.003
2950,0.014
2951,0.003
2952,0.011
2953,0.003
2954,0.01
2955,0.005
2956,0.008
2957,0.005
2958,0.011
2959,0.004
2960,0.009
2961,0.004
2962,0.011
2963,0.005
2964,0.01
2965,0.005
2966,0.011
2967,0.004
2968,0.009
2969,0.005
2970,0.008
2971,0.007
2972,0.006
2973,0.008
2974,0.005
2975,0.009
3000,0.012
3001,0.003
3002,0.007
3003,0.007
3004,0.006
3005,0.006
3158,0.019
3159,0.001
3160,0.015
3251,0.016
3252,0.002
3253,0.015
3254,0.002
3255,0.013
3256,0.004
3257,0.013
2091,0.018
2092,0.018
2093,0.016
2094,0.016
2095,0.017
2096,0.01
2097,0.019
2675,0.017
2676,0.003
2677,0.013
2678,0.006
2679,0.009
2680,0.009
2681,0.008
2921,0.014
2922,0.005
2923,0.009
2924,0.006
2925,0.007
2926,0.008
2927,0.009
2928,0.006
2929,0.009
2930,0.004
2931,0.01
2932,0.005
2933,0.009
2934,0.006
2935,0.01
2936,0.008
2937,0.01
2938,0.005
2939,0.009
2940,0.006
2941,0.008
2942,0.006
2943,0.008
2944,0.004
2945,0.01
3164,0.017
3165,0.003
3166,0.009
3235,0.009
3236,0.007
3237,0.009
3238,0.003
3239,0.011
3240,0.002
3248,0.016
3249,0.003
3274,0.014
3275,0.005
3276,0.01
3277,0.004
3278,0.012
3279,0.004
3280,0.009
3281,0.006
3282,0.007
3291,0.013
3292,0.002
3293,0.009
3294,0.004
3295,0.007
3296,0.005
3297,0.004
1928,0.024
1947,0.012
2029,0.018
2030,0.013
2031,0.013
2032,0.013
2033,0.008
2034,0.026
2035,0.01
2036,0.017
2046,0.025
2047,0.018
2048,0.015
2049,0.018
2050,0.015
2051,0.021
2979,0.013
2980,0.005
2981,0.007
2982,0.008
2983,0.005
2984,0.008
2985,0.006
2986,0.009
2987,0.006
3309,0.011
3310,0.001
3311,0.008
3312,0.002
3313,0.006
3314,0.004
3315,0.004
3316,0.003
3317,0.004
2042,0.019
2043,0.013
3301,0.011
3302,0.004
3303,0.005
3304,0.005
3305,0.007
3306,0.005
2642,0.017
2643,0.002
2644,0.013
2645,0.003
2646,0.01
2647,0.002
2648,0.011
2649,0.004
2650,0.009
3136,0.017
3137,0.005
3138,0.013
3139,0.004
2668,0.019
2669,0.002
2670,0.01
2671,0.005
2672,0.012
2673,0.005
2674,0.001
2914,0.015
2915,0.002
2916,0.011
3061,0.019
3062,0.004
3063,0.014
3064,0.006
3065,0.013
3066,0.007
3067,0.011
3068,0.007
3069,0.014
3084,0.02
3085,0.005
3086,0.012
3087,0.006
3088,0.013
3089,0.008
3090,0.01
3091,0.008
3092,0.015
3093,0.007
3094,0.013
3095,0.007
3096,0.014
3097,0.008
3098,0.013
3099,0.006
3100,0.013
3109,0.021
3110,0.003
3111,0.013
3112,0.003
3113,0.003
3125,0.008
3126,0.008
3127,0.005
3128,0.007
3129,0.006
3130,0.008
3131,0.009
3132,0.007
3133,0.006
3134,0.009
3241,0.014
3242,0.002
3243,0.012
3244,0.005
3245,0.011
3216,0.018
3217,0.002
3218,0.015
3219,0.002
3220,0.015
3221,0.003
3222,0.013
3223,0.002
2103,0.023
2104,0.007
2105,0.025
2106,0.01
2107,0.019
2108,0.014
2109,0.015
2723,0.011
2724,0.004
2725,0.009
2726,0.006
2727,0.008
2728,0.008
2729,0.007
2730,0.011
3189,0.017
3190,0.002
3191,0.009
3265,0.015
3266,0.003
3267,0.01
3268,0.005
3269,0.01
3270,0.005
3271,0.008
3272,0.006
3273,0.001
3283,0.006
3284,0.005
3285,0.007
3286,0.004
2090,0.01
2637,0.017
2638,0.005
2639,0.012
2640,0.005
2641,0.003
2651,0.005
2652,0.008
2653,0.004
2654,0.009
2655,0.005
2656,0.007
2682,0.011
2683,0.006
2684,0.011
2685,0.004
2686,0.013
2687,0.005
2688,0.011
2689,0.006
2690,0.01
2731,0.007
2732,0.009
2733,0.007
2734,0.011
2735,0.007
2736,0.009
2766,0.016
2768,0.01
2769,0.005
2770,0.008
2771,0.008
2772,0.008
2773,0.005
2774,0.01
2946,0.004
3155,0.008
3156,0.008
3161,0.004
3162,0.009
3176,0.011
3177,0.003
3178,0.012
3179,0.003
3200,0.002
3201,0.014
3202,0.006
3203,0.013
3204,0.008
3205,0.013
3206,0.006
3207,0.017
3208,0.006
3246,0.006
3247,0.002
3258,0.003
3259,0.012
3260,0.003
3261,0.01
3262,0.003
3263,0.007
3287,0.009
3288,0.004
3289,0.007
3290,0.002
3298,0.006
3299,0.004
3300,0.001
3307,0.005
3308,0.002
2098,0.007
2099,0.015
2100,0.012
2101,0.017
2712,0.016
2713,0.003
2714,0.009
2715,0.007
2716,0.008
2717,0.006
2718,0.008
2719,0.006
2720,0.006
2760,0.011
2762,0.008
2763,0.003
2764,0.009
2765,0.003
2792,0.016
2793,0.002
2794,0.012
2795,0.003
2796,0.007
2797,0.006
3013,0.006
3014,0.006
3015,0.007
3016,0.007
3017,0.005
1998,0.022
1999,0.019
2000,0.011
2001,0.022
2002,0.01
2003,0.018
2004,0.015
2663,0.023
2664,0.004
2665,0.013
2666,0.006
2667,0.006
2699,0.017
2700,0.002
2701,0.013
2702,0.003
2703,0.011
2704,0.005
2705,0.009
2706,0.008
2707,0.007
2708,0.008
2709,0.005
2710,0.008
2737,0.009
2738,0.007
2739,0.008
2740,0.009
2741,0.007
2798,0.005
2799,0.007
2800,0.004
2801,0.008
2802,0.005
2803,0.011
2804,0.003
1957,0.014
2691,0.005
2749,0.013
2750,0.002
2751,0.009
2752,0.004
2753,0.01
2754,0.003
2755,0.006
2756,0.006
2757,0.006
2758,0.008
2759,0.001
2778,0.013
2779,0.002
2780,0.013
2781,0.002
2782,0.011
2783,0.004
2784,0.009
2785,0.005
2786,0.007
2787,0.006
2788,0.008
2789,0.005
2790,0.009
2871,0.013
2873,0.01
2874,0.002
2875,0.01
2876,0.004
2877,0.008
2878,0.004
2879,0.009
2880,0.005
2881,0.008
2882,0.007
2883,0.008
2991,0.014
2992,0.001
2993,0.011
2994,0.004
2995,0.009
2996,0.005
2997,0.008
2998,0.004
2999,0.002
3074,0.019
3075,0.005
3076,0.013
3077,0.007
3078,0.011
3079,0.006
3080,0.012
3081,0.007
3082,0.008
3101,0.006
3102,0.013
3103,0.008
3104,0.009
3105,0.01
3106,0.009
3107,0.009
2110,0.01
1802,0.022
2078,0.025
2079,0.01
2080,0.022
2081,0.012
2082,0.014
2083,0.017
2084,0.017
2085,0.016
2086,0.013
1899,0.016
1949,0.012
2203,0.029
2204,0.012
2205,0.018
2206,0.017
2207,0.016
2208,0.017
2209,0.018
2210,0.005
2211,0.025
2212,0.012
2213,0.023
2214,0.01
2222,0.021
2223,0.013
2224,0.015
2225,0.015
2226,0.015
2227,0.017
2228,0.009
2229,0.021
2230,0.009
2231,0.02
2232,0.009
2233,0.013
2253,0.021
2254,0.008
2255,0.022
2256,0.009
2257,0.02
2258,0.007
2259,0.022
2260,0.007
2261,0.022
2262,0.011
2263,0.02
2264,0.011
2265,0.019
2266,0.012
2267,0.014
2268,0.016
2269,0.014
2270,0.015
2281,0.027
2282,0.01
2283,0.029
2284,0.008
2285,0.021
2286,0.011
2294,0.022
2295,0.021
2296,0.017
2297,0.019
2298,0.017
2299,0.015
2300,0.021
2301,0.013
2302,0.024
2303,0.012
2304,0.011
2305,0.028
2306,0.013
2307,0.022
2308,0.015
2309,0.018
2310,0.019
2311,0.019
2312,0.012
2313,0.028
2314,0.017
3318,0.002
3319,0.001
3320,0.005
3322,0.003
1973,0.016
1979,0.028
2775,0.003
2776,0.007
2976,0.005
2977,0.008
2978,0.002
2275,0.022
2276,0.007
2277,0.023
2278,0.011
2279,0.019
2280,0.006
2287,0.016
2595,0.016
2596,0.006
2597,0.006
2598,0.011
2599,0.004
2600,0.012
2601,0.004
2602,0.011
2603,0.006
2604,0.011
2605,0.007
2606,0.012
2607,0.007
2614,0.016
2615,0.003
2616,0.014
2617,0.004
2618,0.013
2619,0.005
2620,0.013
2621,0.003
2622,0.014
2623,0.003
2624,0.009
2625,0.008
2626,0.009
2627,0.004
2628,0.011
2629,0.004
2630,0.012
2631,0.004
2904,0.015
2905,0.003
2906,0.01
2907,0.007
2908,0.007
2909,0.007
2910,0.006
2911,0.011
2912,0.006
2913,0.004
2917,0.007
2918,0.006
2919,0.009
1996,0.009
2698,0.001
2721,0.006
2821,0.013
2822,0.002
2823,0.008
2824,0.001
2825,0.009
2826,0.002
2827,0.007
2828,0.003
2829,0.008
2830,0.003
2831,0.009
2832,0.004
3183,0.02
3184,0.005
3185,0.013
3186,0.006
3187,0.011
3188,0.001
3212,0.019
3213,0.003
3214,0.011
2806,0.005
2820,0.001
2835,0.013
2836,0.001
2837,0.011
2838,0.002
2839,0.012
2866,0.016
2867,0.001
2868,0.008
2869,0.006
2870,0.002
3044,0.017
3045,0.001
3046,0.01
3047,0.003
3048,0.008
3049,0.002
3050,0.011
3051,0.002
2052,0.011
2053,0.017
2054,0.014
2055,0.02
2056,0.012
2057,0.015
2058,0.009
2024,0.019
2025,0.018
2026,0.013
2027,0.009
2037,0.009
2059,0.022
2060,0.009
2061,0.023
2102,0.006
2112,0.025
2113,0.007
2114,0.023
2115,0.003
2116,0.027
2117,0.007
2118,0.017
2119,0.011
2120,0.008
2585,0.018
2586,0.006
2587,0.011
2070,0.023
2071,0.006
2072,0.014
2073,0.008
2074,0.026
2075,0.009
2076,0.016
2087,0.017
2088,0.013
2089,0.009
3323,0.001
3324,0.001
2067,0.019
2068,0.009
2069,0.004
2322,0.028
2323,0.016
2324,0.021
2394,0.035
2395,0.005
2396,0.027
2397,0.006
2398,0.023
2399,0.01
2988,0.009
2989,0.004
3180,0.013
3181,0.001
3209,0.013
3210,0.003
2494,0.017
2495,0.001
2496,0.014
2497,0.003
2498,0.014
2499,0.006
2500,0.013
2501,0.007
2502,0.011
2546,0.015
2547,0.005
2548,0.005
2549,0.009
2550,0.011
2551,0.007
2552,0.009
2553,0.005
2554,0.007
2588,0.007
2589,0.01
2590,0.008
2591,0.004
2555,0.009
2556,0.006
2557,0.011
2558,0.006
2559,0.015
2560,0.008
2542,0.017
2543,0.003
2544,0.007
2545,0.003
2028,0.015
2180,0.023
2181,0.015
2182,0.017
2183,0.019
2184,0.016
2185,0.024
2186,0.012
2187,0.018
2188,0.014
2189,0.01
2190,0.022
2191,0.012
2192,0.019
2193,0.015
2194,0.019
2195,0.013
2196,0.02
2197,0.014
2198,0.017
2147,0.028
2148,0.004
2149,0.031
2150,0.007
2151,0.016
2152,0.01
2334,0.02
2335,0.021
2336,0.012
2541,0.005
2121,0.015
2122,0.009
2123,0.015
2124,0.015
2136,0.026
2137,0.012
2138,0.02
2139,0.013
2140,0.018
2141,0.01
2142,0.012
2143,0.022
2144,0.01
2145,0.023
2166,0.023
2167,0.009
2168,0.023
2169,0.008
2170,0.026
2171,0.013
2153,0.021
2154,0.013
2155,0.014
2156,0.015
2157,0.015
2158,0.016
2159,0.016
2160,0.016
2161,0.015
2162,0.019
2592,0.01
2593,0.002
2594,0.002
3070,0.004
3071,0.012
3072,0.006
2288,0.012
2163,0.015
2164,0.019
2146,0.006
3043,0.003
3052,0.012
3053,0.002
3054,0.012
3055,0.005
3056,0.013
3057,0.005
3058,0.01
3059,0.006
3060,0.001
2289,0.02
2290,0.012
2291,0.023
2292,0.015
2293,0.01
2125,0.009
2126,0.023
2127,0.009
2128,0.017
2129,0.012
2130,0.018
2131,0.015
2132,0.015
2133,0.015
2134,0.013
2199,0.011
2200,0.02
2201,0.016
2202,0.012
2215,0.021
2216,0.011
2217,0.018
2218,0.012
2219,0.02
2220,0.013
2221,0.011
2234,0.018
2235,0.016
2236,0.009
2237,0.021
2238,0.01
2239,0.015
2240,0.009
2249,0.018
2250,0.015
2251,0.01
2252,0.009
2271,0.018
2272,0.013
2273,0.01
2274,0.017
2337,0.016
2338,0.015
2339,0.018
2340,0.012
2341,0.018
2342,0.014
2343,0.02
2344,0.012
2345,0.018
2346,0.013
2347,0.018
2348,0.013
2349,0.011
2350,0.027
2351,0.007
2352,0.021
2353,0.01
2354,0.016
2355,0.007
2356,0.027
2357,0.012
2358,0.021
2359,0.017
2360,0.016
2361,0.016
2369,0.024
2370,0.014
2371,0.018
2372,0.005
2373,0.029
2374,0.007
2375,0.009
2376,0.023
2377,0.011
2378,0.02
2379,0.011
2380,0.013
2381,0.019
2382,0.014
2383,0.018
2384,0.013
2385,0.016
2386,0.005
2387,0.028
2388,0.01
2389,0.027
2390,0.005
2391,0.029
2392,0.004
2393,0.003
2400,0.019
2401,0.015
2402,0.02
2403,0.018
2404,0.018
2405,0.017
2406,0.018
2407,0.012
2408,0.012
2409,0.021
2410,0.017
2411,0.004
2412,0.027
2413,0.01
2632,0.015
2633,0.004
2634,0.011
2635,0.007
2636,0.001
2062,0.007
2692,0.009
2693,0.008
2694,0.01
2695,0.008
2696,0.007
2697,0.005
2711,0.001
1908,0.01
2805,0.007
2891,0.016
2892,0.004
2893,0.011
2990,0.001
2009,0.02
2010,0.018
2011,0.011
2012,0.022
2013,0.003
2484,0.023
2485,0.007
2486,0.014
2487,0.011
2488,0.009
2489,0.009
2490,0.013
2329,0.031
2330,0.009
2331,0.011
2332,0.025
2364,0.023
2365,0.011
2366,0.019
2367,0.008
2368,0.021
2660,0.021
2661,0.003
2662,0.002
2424,0.026
2425,0.009
2426,0.02
2427,0.013
2428,0.019
2429,0.013
2430,0.018
2431,0.016
2432,0.02
2438,0.033
2439,0.005
2440,0.03
2441,0.007
2442,0.023
2443,0.008
2444,0.02
2445,0.013
2446,0.013
2447,0.008
2448,0.021
2449,0.011
2450,0.017
2451,0.013
2503,0.01
2504,0.009
2505,0.009
2506,0.008
2507,0.013
2508,0.007
2509,0.012
2510,0.005
2511,0.004
2512,0.01
2833,0.01
2834,0.001
2840,0.002
2841,0.011
2842,0.004
2843,0.01
2844,0.002
2845,0.009
2846,0.005
2847,0.005
2848,0.008
2858,0.011
2859,0.004
2860,0.011
2861,0.005
2862,0.011
2863,0.003
2884,0.007
2885,0.008
2886,0.009
2887,0.007
2888,0.009
2889,0.007
2890,0.003
2894,0.007
2895,0.007
2896,0.009
2897,0.008
2898,0.007
2899,0.008
2900,0.006
3018,0.007
3019,0.005
3073,0.001
2465,0.019
2466,0.013
2467,0.011
2468,0.02
2469,0.009
2470,0.016
2471,0.011
2745,0.016
2746,0.003
2747,0.008
2748,0.003
2419,0.015
2420,0.023
2421,0.016
2422,0.018
2423,0.008
2452,0.021
2453,0.008
2454,0.009
2455,0.021
2456,0.015
2457,0.014
2538,0.015
2539,0.001
2540,0.008
1795,0.03
2537,0.001
3033,0.014
3034,0.004
3035,0.008
3036,0.005
3037,0.008
3038,0.005
3039,0.007
3040,0.008
3041,0.008
2477,0.026
2478,0.006
2479,0.023
2480,0.004
2481,0.019
2482,0.012
2608,0.009
2609,0.007
2610,0.011
2611,0.007
2612,0.01
2657,0.009
2658,0.006
2659,0.002
2005,0.01
2006,0.024
2007,0.01
2063,0.016
2316,0.026
2317,0.013
2318,0.026
2319,0.014
2320,0.023
2321,0.015
2513,0.005
2514,0.008
2515,0.008
2516,0.009
2525,0.016
2526,0.005
2527,0.014
2528,0.004
2529,0.011
2530,0.006
2613,0.001
2325,0.015
2326,0.024
2327,0.012
2328,0.009
2474,0.017
2475,0.018
2476,0.003
2742,0.006
2743,0.006
2744,0.002
2172,0.018
2519,0.016
2520,0.002
2521,0.013
2522,0.004
2523,0.008
2524,0.001
2581,0.016
2582,0.007
2583,0.005
2531,0.011
2532,0.003
2533,0.013
2534,0.004
2535,0.014
2536,0.003
2849,0.004
2850,0.009
2851,0.005
2852,0.008
2853,0.006
2854,0.004
2855,0.006
2414,0.022
2415,0.01
2416,0.018
2417,0.013
2856,0.003
1799,0.014
2066,0.007
3224,0.012
3225,0.004
3226,0.001
2241,0.018
2242,0.007
2243,0.021
2244,0.005
2245,0.02
2246,0.01
2247,0.019
2472,0.012
2473,0.004
2064,0.011
2065,0.011
3042,0.008
2864,0.012
2865,0.001
2517,0.004
2518,0.002
2044,0.013
2045,0.011
2433,0.014
2434,0.012
2435,0.025
2436,0.007
2173,0.015
2174,0.017
2175,0.013
2176,0.015
2177,0.021
2362,0.012
2363,0.011
2571,0.017
2572,0.001
2573,0.011
2574,0.002
2575,0.011
2576,0.003
2577,0.008
2578,0.008
2579,0.005
2580,0.001
2561,0.01
2562,0.005
2178,0.013
2903,0.003
3021,0.013
3022,0.004
3023,0.007
3024,0.004
3025,0.003
3026,0.009
2458,0.01
2459,0.015
2460,0.013
2461,0.015
2462,0.011
2463,0.012
2901,0.01
2902,0.003
3027,0.002
3028,0.011
3029,0.003
3030,0.009
3031,0.003
2464,0.01
2563,0.01
2564,0.008
2565,0.008
2566,0.007
2567,0.01
2568,0.006
2569,0.009
3020,0.001
2491,0.007
2492,0.009
3032,0.002
2111,0.005
2008,0.014
2483,0.005
2315,0.014
2333,0.004
2077,0.005
1997,0.023
1713,0.007
2179,0.012
2135,0.005
2165,0.007
2418,0.007
