File,Gamma,V,T,E,TG_edges,Tnb_gmLS,G_edges,nb_gmLS
test0123,9,1385,1384,14690,11.0965,0.0,0,0
test0695,9,553,552,28982,42.8293,0.0,0,0
test0720,9,1385,1384,28949,41.9701,0.0,0,0
test1443,9,1496,1495,40347,83.2765,0.0,0,0
test0958,9,1506,1505,24482,29.4598,0.0,0,0
test0276,9,684,683,9581,4.6163,0.0,0,0
test0803,9,1328,1326,9030,4.0734,0.0,0,0
test1328,9,1303,1302,21538,25.389,0.0,0,0
test0923,9,1931,1930,28004,49.404,0.0,0,0
test0675,9,1128,1127,17353,20.8701,0.0,0,0
test0126,9,1769,1768,27457,54.3863,0.0,0,0
test0214,9,663,662,12681,9.7386,0.0,0,0
test0639,9,572,571,11963,7.8655,0.0,0,0
test0566,9,536,535,18636,18.6227,0.0,0,0
test1437,9,945,944,23209,30.6822,0.0,0,0
test0217,9,1433,1432,36123,78.9934,0.0,0,0
test1011,9,1114,1113,19106,20.8256,0.0,0,0
test0678,9,1319,1318,23868,33.1418,0.0,0,0
test0737,9,780,779,20300,23.1513,0.0,0,0
test0326,9,1264,1263,32815,63.7755,0.0,0,0
test1243,9,1541,1540,17507,18.7372,0.0,0,0
test0294,9,652,651,8665,4.128,0.0,0,0
test0931,9,646,645,18891,20.9436,0.0,0,0
test1071,9,830,829,30045,53.0882,0.0,0,0
test0473,9,569,568,22803,30.3883,0.0,0,0
test0975,9,1634,1633,15948,14.483,0.0,0,0
test0573,9,923,922,9010,4.5768,0.0,0,0
test1388,9,1617,1616,23738,33.706,0.0,0,0
test1066,9,655,654,38196,94.0719,0.0,0,0
test0897,9,725,724,21569,25.8633,0.0,0,0
test0792,9,1994,1992,18669,19.5417,0.0,0,0
test1123,9,1983,1981,29239,47.2617,0.0,0,0
test0358,9,744,743,18186,17.9631,0.0,0,0
test0149,9,1178,1177,19840,21.7778,0.0,0,0
test1207,9,1304,1303,39664,87.1762,0.0,0,0
test1341,9,1013,1012,28009,45.9828,0.0,0,0
test0477,9,633,632,20348,25.0736,0.0,0,0
test0206,9,751,750,27596,50.2078,0.0,0,0
test0875,9,1316,1315,13595,11.2123,0.0,0,0
test1128,9,1594,1593,33499,71.0868,0.0,0,0
test0342,9,587,586,16113,15.8877,0.0,0,0
test0336,9,1896,1895,29963,57.3356,0.0,0,0
test1397,9,494,493,22436,31.2838,0.0,0,0
test1370,9,1980,1979,34806,78.1837,0.0,0,0
test0010,9,979,978,18820,23.0419,0.0,0,0
test1377,9,1664,1663,30231,62.4702,0.0,0,0
test0219,9,1071,1070,10402,7.3604,0.0,0,0
test1476,9,554,553,14475,14.1274,0.0,0,0
test0266,9,1777,1776,27274,44.005,0.0,0,0
test1131,9,1733,1732,39110,103.064,0.0,0,0
test0289,9,1765,1764,16345,19.386,0.0,0,0
test0341,9,1714,1713,24148,42.0255,0.0,0,0
test1431,9,1848,1847,34243,74.5223,0.0,0,0
test1423,9,680,679,14096,12.616,0.0,0,0
test1279,9,1732,1731,31123,64.0986,0.0,0,0
test0178,9,1181,1180,9964,6.069,0.0,0,0
test0925,9,954,953,33547,72.2762,0.0,0,0
test0983,9,1035,1034,19886,27.4127,0.0,0,0
test0995,9,1464,1463,19906,28.8896,0.0,0,0
test0538,9,999,998,13609,12.4435,0.0,0,0
test0355,9,421,420,12110,8.8564,0.0,0,0
test0664,9,680,679,17536,20.6821,0.0,0,0
test0146,9,1364,1363,21049,34.4076,0.0,0,0
test0617,9,1260,1259,21657,31.0615,0.0,0,0
test1024,9,483,482,8820,5.5798,0.0,0,0
test1221,9,1587,1586,23057,35.4062,0.0,0,0
test0791,9,696,695,14289,13.2679,0.0,0,0
test0083,9,541,540,11550,9.4552,0.0,0,0
test0843,9,1269,1268,23109,34.8591,0.0,0,0
test1306,9,653,652,10074,6.3315,0.0,0,0
test1327,9,1137,1136,13272,11.3491,0.0,0,0
test1229,9,1494,1493,45725,142.0843,0.0,0,0
test0194,9,1211,1210,18571,19.646,0.0,0,0
test0971,9,778,777,8896,4.3456,0.0,0,0
test0098,9,1620,1619,19389,22.023,0.0,0,0
test0186,9,1793,1792,34781,70.4413,0.0,0,0
test1023,9,584,583,9937,5.4357,0.0,0,0
test1455,9,940,939,18224,19.2956,0.0,0,0
test0657,9,734,733,19963,22.1333,0.0,0,0
test0353,9,393,392,30117,51.7157,0.0,0,0
test0595,9,1403,1402,22801,29.7582,0.0,0,0
test0490,9,1011,1010,29892,51.3203,0.0,0,0
test0409,9,1948,1947,28661,46.6232,0.0,0,0
test1441,9,1792,1791,19765,22.0191,0.0,0,0
test0395,9,812,811,26638,40.5323,0.0,0,0
test0827,9,944,943,16500,15.4858,0.0,0,0
test1052,9,1243,1242,19219,20.7715,0.0,0,0
test0144,9,763,762,17715,17.5906,0.0,0,0
test0392,9,554,553,18410,18.7452,0.0,0,0
test0539,9,1374,1373,23122,29.9935,0.0,0,0
test0734,9,989,988,10150,5.7783,0.0,0,0
test0360,9,1021,1020,12037,8.2382,0.0,0,0
test0114,9,614,613,11428,7.2592,0.0,0,0
test0116,9,1685,1684,20836,24.7192,0.0,0,0
test0932,9,1322,1321,22062,28.045,0.0,0,0
test0376,9,380,379,18343,18.7278,0.0,0,0
test0631,9,1996,1995,19183,21.1637,0.0,0,0
test0628,9,988,987,15845,14.3438,0.0,0,0
test1116,9,648,647,29642,48.3098,0.0,0,0
test0470,9,1399,1398,25113,35.988,0.0,0,0
test1417,9,1134,1133,29207,47.55,0.0,0,0
test0015,9,971,970,13457,10.0702,0.0,0,0
test1478,9,1249,1248,14273,11.8355,0.0,0,0
test0210,9,421,420,15352,13.129,0.0,0,0
test0793,9,470,469,9745,5.5435,0.0,0,0
test0632,9,1384,1383,29062,48.5276,0.0,0,0
test0839,9,781,780,22499,28.4633,0.0,0,0
test0784,9,1042,1041,16588,15.3821,0.0,0,0
test0553,9,883,882,10537,6.1489,0.0,0,0
test1282,9,1884,1883,17388,16.9588,0.0,0,0
test0965,9,1063,1062,8921,4.5025,0.0,0,0
test0744,9,908,907,12833,9.2217,0.0,0,0
test0984,9,1915,1914,29027,49.0798,0.0,0,0
test0384,9,1313,1312,13159,9.7264,0.0,0,0
test1440,9,989,988,22162,27.67,0.0,0,0
test0420,9,492,491,9368,4.8348,0.0,0,0
test0283,9,821,820,38411,83.9916,0.0,0,0
test1201,9,689,688,17577,17.3395,0.0,0,0
test1078,9,399,398,26868,41.1851,0.0,0,0
test0627,9,1681,1679,11063,7.4864,0.0,0,0
test1368,9,617,616,30832,52.3451,0.0,0,0
test1016,9,1068,1067,19332,21.4309,0.0,0,0
test1332,9,1436,1435,14304,11.415,0.0,0,0
test0822,9,1269,1268,16328,14.8901,0.0,0,0
test0166,9,1382,1381,14523,11.8641,0.0,0,0
test0724,9,790,789,17969,17.6092,0.0,0,0
test1280,9,1706,1705,23382,31.0602,0.0,0,0
test0184,9,1859,1858,33350,64.3562,0.0,0,0
test0246,9,448,447,11185,6.8529,0.0,0,0
test0429,9,919,918,27685,44.898,0.0,0,0
test0996,9,910,909,11190,6.9191,0.0,0,0
test0212,9,830,829,35299,70.1862,0.0,0,0
test0672,9,1578,1577,36126,78.887,0.0,0,0
test0422,9,972,971,25273,36.2031,0.0,0,0
test0548,9,1810,1809,38263,86.8234,0.0,0,0
test1039,9,1198,1197,37954,81.1742,0.0,0,0
test1014,9,1625,1624,22339,28.4693,0.0,0,0
test1004,9,1211,1210,20433,23.2329,0.0,0,0
test1056,9,1571,1570,12422,8.8657,0.0,0,0
test1356,9,646,645,13763,10.7127,0.0,0,0
test0651,9,1101,1100,32106,58.2169,0.0,0,0
test1084,9,1920,1919,33589,65.1089,0.0,0,0
test0379,9,817,816,12396,8.4925,0.0,0,0
test0870,9,1688,1687,23187,30.1997,0.0,0,0
test1214,9,1262,1261,27921,44.5361,0.0,0,0
test1312,9,1305,1304,26113,37.9407,0.0,0,0
test0309,9,1236,1235,31201,54.599,0.0,0,0
test1404,9,1292,1291,33846,65.001,0.0,0,0
test1055,9,1315,1314,22066,27.9042,0.0,0,0
test0785,9,1325,1324,21184,25.295,0.0,0,0
test1408,9,1663,1662,20079,23.0421,0.0,0,0
test0241,9,784,783,35808,71.4138,0.0,0,0
test0054,9,1726,1725,31035,55.273,0.0,0,0
test0104,9,695,694,36290,73.332,0.0,0,0
test1112,9,570,569,13262,9.6177,0.0,0,0
test1352,9,1959,1958,24285,33.5208,0.0,0,0
test0249,9,1892,1891,30437,53.9625,0.0,0,0
test1418,9,672,671,18099,18.4065,0.0,0,0
test0722,9,1477,1476,28867,47.9384,0.0,0,0
test0080,9,1993,1992,15360,13.2399,0.0,0,0
test1493,9,1858,1857,32839,63.4774,0.0,0,0
test0310,9,387,386,19537,21.6121,0.0,0,0
test0815,9,1880,1879,37915,96.2225,0.0,0,0
test1421,9,1481,1480,21493,31.1703,0.0,0,0
test0624,9,1922,1921,12556,9.559,0.0,0,0
test0670,9,525,524,12821,9.2595,0.0,0,0
test0255,9,1186,1185,30201,59.825,0.0,0,0
test0705,9,904,903,13636,13.3205,0.0,0,0
test0643,9,1322,1321,37706,91.6381,0.0,0,0
test0842,9,940,939,28536,47.4476,0.0,0,0
test1490,9,1577,1576,24609,38.8942,0.0,0,0
test0406,9,877,876,11904,8.3707,0.0,0,0
test1393,9,1307,1306,42700,115.8869,0.0,0,0
test0577,9,1184,1183,15766,15.4522,0.0,0,0
test1432,9,1681,1680,24815,39.4194,0.0,0,0
test0688,9,438,437,17552,16.7668,0.0,0,0
test0041,9,1019,1018,16995,16.0104,0.0,0,0
test1295,9,489,488,8742,4.2027,0.0,0,0
test0307,9,1472,1471,41133,100.4604,0.0,0,0
test1351,9,1529,1528,19421,22.1269,0.0,0,0
test1254,9,1533,1532,20184,23.3208,0.0,0,0
test0117,9,1103,1102,23753,33.8403,0.0,0,0
test1029,9,772,771,12061,8.2818,0.0,0,0
test0393,9,1358,1357,9390,5.5394,0.0,0,0
test0245,9,727,726,15939,14.454,0.0,0,0
test0191,9,1810,1809,18449,21.0139,0.0,0,0
test1290,9,706,705,23473,34.7084,0.0,0,0
test1159,9,431,430,10192,7.057,0.0,0,0
test1271,9,780,779,26364,41.7472,0.0,0,0
test0838,9,968,967,31080,62.539,0.0,0,0
test1496,9,1342,1341,30667,56.8903,0.0,0,0
test0052,9,729,728,8777,4.5205,0.0,0,0
test0221,9,1168,1167,19898,23.6756,0.0,0,0
test0810,9,1770,1769,35660,77.0648,0.0,0,0
test1141,9,625,624,24518,33.6854,0.0,0,0
test0236,9,597,596,16327,15.3356,0.0,0,0
test0580,9,398,397,9105,4.907,0.0,0,0
test0635,9,615,614,18656,20.595,0.0,0,0
test0031,9,1227,1226,27906,45.2493,0.0,0,0
test0929,9,1737,1736,18767,22.4684,0.0,0,0
test1326,9,1888,1887,15608,15.3008,0.0,0,0
test1349,9,1870,1869,21903,31.0137,0.0,0,0
test1489,9,1953,1952,37862,86.3725,0.0,0,0
test1366,9,992,991,13106,10.2992,0.0,0,0
test1400,9,1950,1949,32639,65.4344,0.0,0,0
test0727,9,1434,1433,28499,47.8447,0.0,0,0
test0131,9,982,981,31136,60.3814,0.0,0,0
test0988,9,1113,1112,29209,52.7529,0.0,0,0
test0198,9,1447,1446,28141,52.816,0.0,0,0
test1429,9,1023,1021,9322,6.2252,0.0,0,0
test0110,9,432,431,12668,11.2117,0.0,0,0
test1025,9,1403,1402,39595,108.8257,0.0,0,0
test0022,9,1755,1754,11334,7.7455,0.0,0,0
test0615,9,1858,1857,34131,69.8076,0.0,0,0
test0716,9,1417,1416,20925,26.1073,0.0,0,0
test0766,9,1484,1483,10725,6.4953,0.0,0,0
test0498,9,1646,1645,18802,19.369,0.0,0,0
test1230,9,1298,1297,47061,125.3453,0.0,0,0
test0143,9,1858,1857,30890,56.0695,0.0,0,0
test0192,9,1472,1471,10198,5.9039,0.0,0,0
test0096,9,1580,1579,12690,9.2924,0.0,0,0
test0691,9,556,555,19353,20.5766,0.0,0,0
test0159,9,1988,1987,27864,49.1608,0.0,0,0
test0882,9,1014,1013,33049,62.6213,0.0,0,0
test0023,9,1333,1332,32267,58.943,0.0,0,0
test0561,9,1793,1792,19220,22.1764,0.0,0,0
test0947,9,1260,1259,25320,37.1654,0.0,0,0
test0755,9,510,509,10068,5.9124,0.0,0,0
test0390,9,411,410,14609,11.9891,0.0,0,0
test0901,9,1278,1277,17835,18.771,0.0,0,0
test0190,9,998,997,21692,26.5785,0.0,0,0
test0633,9,1766,1765,20226,23.6335,0.0,0,0
test1168,9,1639,1638,44135,114.5817,0.0,0,0
test0450,9,366,365,9988,5.9365,0.0,0,0
test1385,9,1103,1102,26313,43.7827,0.0,0,0
test0088,9,1266,1265,30866,57.0307,0.0,0,0
test0953,9,1730,1729,19427,22.2658,0.0,0,0
test0318,9,1776,1775,22954,31.0961,0.0,0,0
test1450,9,559,558,20257,24.1291,0.0,0,0
test0129,9,1088,1087,28515,51.5072,0.0,0,0
test1097,9,1716,1715,20243,23.8745,0.0,0,0
test1096,9,1138,1137,15184,14.4261,0.0,0,0
test1198,9,751,750,29382,49.6069,0.0,0,0
test1047,9,1239,1238,19613,22.5178,0.0,0,0
test1035,9,463,462,14362,11.4692,0.0,0,0
test0841,9,682,681,10221,6.0751,0.0,0,0
test1283,9,665,664,20271,22.6375,0.0,0,0
test1384,9,1251,1250,12050,8.3273,0.0,0,0
test0472,9,1981,1980,25581,37.636,0.0,0,0
test0414,9,796,795,32305,62.3333,0.0,0,0
test0823,9,1697,1696,49862,148.5602,0.0,0,0
test1080,9,953,952,10042,5.7132,0.0,0,0
test0861,9,1195,1194,16032,15.7848,0.0,0,0
test0885,9,1546,1545,17684,18.9573,0.0,0,0
test1288,9,1396,1395,44155,122.7088,0.0,0,0
test0949,9,1005,1004,38531,92.9116,0.0,0,0
test0859,9,1841,1840,19427,21.9844,0.0,0,0
test0673,9,733,732,27345,42.4116,0.0,0,0
test0941,9,1464,1463,10879,7.303,0.0,0,0
test1245,9,1394,1393,27698,48.1187,0.0,0,0
test0224,9,1295,1294,18507,24.0465,0.0,0,0
test0777,9,1753,1752,24169,36.4563,0.0,0,0
test0660,9,800,799,27777,46.1105,0.0,0,0
test0525,9,1143,1142,38644,89.7937,0.0,0,0
test0314,9,1750,1749,40422,96.3498,0.0,0,0
test0919,9,1646,1645,35860,77.2335,0.0,0,0
test0520,9,1344,1343,11491,8.155,0.0,0,0
test0771,9,536,535,19563,22.2754,0.0,0,0
test0067,9,1846,1845,33431,73.1246,0.0,0,0
test1269,9,993,992,29120,53.5516,0.0,0,0
test0258,9,1802,1801,34673,74.2481,0.0,0,0
test0752,9,376,375,12932,10.1016,0.0,0,0
test0884,9,1849,1848,19859,23.3885,0.0,0,0
test0361,9,433,432,27809,44.0533,0.0,0,0
test0743,9,1871,1870,38712,89.3288,0.0,0,0
test1236,9,1040,1039,11063,7.2481,0.0,0,0
test1403,9,1068,1067,10540,6.5115,0.0,0,0
test0235,9,1639,1638,47602,145.1544,0.0,0,0
test0402,9,940,939,10167,6.6956,0.0,0,0
test1257,9,786,785,19164,23.5732,0.0,0,0
test1362,9,591,590,20596,29.7906,0.0,0,0
test0951,9,536,535,34690,79.1817,0.0,0,0
test0902,9,1857,1856,21731,31.6016,0.0,0,0
test1470,9,1763,1762,18857,28.0195,0.0,0,0
test1463,9,1933,1932,27565,53.0769,0.0,0,0
test1177,9,1050,1049,9638,7.3289,0.0,0,0
test0303,9,882,881,22093,34.3309,0.0,0,0
test1383,9,358,357,18416,24.0948,0.0,0,0
test0177,9,600,599,10347,7.3348,0.0,0,0
test0026,9,995,994,38898,109.959,0.0,0,0
test0529,9,1686,1685,54536,184.1292,0.0,0,0
test0702,9,1888,1887,17737,18.8386,0.0,0,0
test1022,9,1652,1651,34778,70.5816,0.0,0,0
test0367,9,1861,1860,18420,20.9739,0.0,0,0
test1323,9,1752,1751,48092,142.6969,0.0,0,0
test0970,9,592,591,33402,71.6507,0.0,0,0
test0175,9,973,972,40603,103.0107,0.0,0,0
test0436,9,1906,1905,21756,28.8851,0.0,0,0
test0381,9,1309,1308,10000,6.0436,0.0,0,0
test0299,9,1630,1629,11762,8.2763,0.0,0,0
test0708,9,940,939,11994,8.5203,0.0,0,0
test0856,9,1359,1358,46537,132.7451,0.0,0,0
test1195,9,639,638,25697,40.3413,0.0,0,0
test0740,9,633,632,22836,29.3409,0.0,0,0
test0085,9,1358,1357,17532,18.0957,0.0,0,0
test1343,9,1776,1775,12506,9.0466,0.0,0,0
test1237,9,715,714,25316,35.8774,0.0,0,0
test0330,9,1496,1495,33139,63.0223,0.0,0,0
test0698,9,759,758,11648,7.7963,0.0,0,0
test1302,9,351,350,6654,2.5157,0.0,0,0
test1287,9,828,827,24963,34.7966,0.0,0,0
test0139,9,1918,1917,22152,28.4703,0.0,0,0
test1422,9,1051,1050,19902,22.5242,0.0,0,0
test1130,9,900,899,39401,88.8097,0.0,0,0
test1161,9,429,428,10543,6.4573,0.0,0,0
test0976,9,1032,1031,12454,8.6473,0.0,0,0
test0439,9,1240,1239,46216,122.3274,0.0,0,0
test0403,9,1713,1712,21310,26.1384,0.0,0,0
test1031,9,775,774,20116,23.0361,0.0,0,0
test0713,9,551,550,19326,21.3723,0.0,0,0
test0072,9,1588,1587,34522,67.0681,0.0,0,0
test1167,9,1127,1126,28278,45.2003,0.0,0,0
test0510,9,461,460,15953,13.9008,0.0,0,0
test1481,9,1653,1652,20883,24.4707,0.0,0,0
test0774,9,1688,1687,27380,42.2471,0.0,0,0
test0749,9,1856,1855,18306,18.7758,0.0,0,0
test0134,9,1313,1312,24912,35.0306,0.0,0,0
test0836,9,862,861,25215,35.6995,0.0,0,0
test0284,9,403,402,18182,19.0424,0.0,0,0
test0103,9,1916,1915,32018,59.0967,0.0,0,0
test0547,9,547,546,22129,27.4365,0.0,0,0
test0974,9,1899,1898,31785,56.9737,0.0,0,0
test0515,9,414,413,17060,16.978,0.0,0,0
test0357,9,1015,1014,41048,97.2004,0.0,0,0
test1342,9,878,877,16618,15.2656,0.0,0,0
test0840,9,471,470,9792,5.4001,0.0,0,0
test1172,9,1217,1216,13477,10.8497,0.0,0,0
test0297,9,1130,1129,19415,21.4769,0.0,0,0
test1460,9,1173,1172,26701,41.01,0.0,0,0
test1304,9,691,690,16187,15.3796,0.0,0,0
test0092,9,1654,1653,15982,14.7622,0.0,0,0
test1454,9,403,402,9361,5.0134,0.0,0,0
test1451,9,1903,1902,25477,36.8117,0.0,0,0
test0008,9,682,681,11886,7.9351,0.0,0,0
test0471,9,1736,1735,43720,111.4447,0.0,0,0
test1465,9,1568,1567,25954,39.1429,0.0,0,0
test0333,9,864,863,17243,16.8836,0.0,0,0
test0018,9,818,817,11949,8.525,0.0,0,0
test1005,9,619,618,12328,8.7219,0.0,0,0
test1378,9,1361,1360,21728,26.9098,0.0,0,0
test1333,9,1605,1604,20398,23.4855,0.0,0,0
test1305,9,1290,1289,27209,41.6496,0.0,0,0
test1222,9,1727,1726,33757,65.3134,0.0,0,0
test1006,9,1752,1751,27643,53.59,0.0,0,0
test0994,9,1091,1090,17737,21.6855,0.0,0,0
test0469,9,1883,1882,19256,22.1063,0.0,0,0
test1145,9,1989,1988,11611,8.2657,0.0,0,0
test0758,9,607,606,23034,34.0972,0.0,0,0
test0687,9,834,833,16128,19.4169,0.0,0,0
test0864,9,1193,1192,41157,120.9196,0.0,0,0
test1477,9,578,577,13734,15.8888,0.0,0,0
test0972,9,1005,1004,33180,84.485,0.0,0,0
test0987,9,1114,1113,38197,106.2962,0.0,0,0
test1008,9,1362,1361,25554,46.4676,0.0,0,0
test0215,9,784,783,23283,39.3784,0.0,0,0
test1313,9,1744,1743,33958,70.8297,0.0,0,0
test0445,9,1266,1265,23565,37.8288,0.0,0,0
test0291,9,1270,1269,22173,28.8939,0.0,0,0
test0619,9,1819,1818,25452,45.5038,0.0,0,0
test0386,9,1213,1212,43116,127.6843,0.0,0,0
test1043,9,615,614,9923,6.8044,0.0,0,0
test0690,9,1215,1214,35930,80.153,0.0,0,0
test0946,9,1206,1205,11249,9.4343,0.0,0,0
test1253,9,918,917,15369,17.1443,0.0,0,0
test0606,9,1910,1909,49994,166.9341,0.0,0,0
test0185,9,714,713,15270,16.6112,0.0,0,0
test0195,9,1418,1417,20981,30.2428,0.0,0,0
test0930,9,544,543,16162,17.7533,0.0,0,0
test0375,9,945,944,16733,19.9366,0.0,0,0
test1166,9,443,442,10965,8.5368,0.0,0,0
test0935,9,1447,1446,28834,56.6362,0.0,0,0
test1118,9,1011,1010,16890,20.5438,0.0,0,0
test1136,9,1582,1581,24193,40.9205,0.0,0,0
test0005,9,1960,1959,30742,65.3376,0.0,0,0
test0779,9,470,469,12102,10.4112,0.0,0,0
test1175,9,820,819,17744,21.9628,0.0,0,0
test0453,9,1666,1665,29273,59.3412,0.0,0,0
test1107,9,715,714,21856,33.6662,0.0,0,0
test0555,9,1064,1063,17424,21.9155,0.0,0,0
test0211,9,1550,1549,27591,67.3725,0.0,0,0
test0584,9,1252,1251,21870,41.5694,0.0,0,0
test0461,9,1735,1734,21985,36.3453,0.0,0,0
test0240,9,905,904,39144,104.702,0.0,0,0
test1297,9,1695,1694,46573,151.1981,0.0,0,0
test0969,9,1473,1472,47599,158.9747,0.0,0,0
test0849,9,553,552,24846,43.3753,0.0,0,0
test0831,9,1319,1318,28041,50.7184,0.0,0,0
test0804,9,1242,1241,35688,73.5413,0.0,0,0
test0694,9,1522,1521,21174,26.0649,0.0,0,0
test0099,9,786,785,32236,58.618,0.0,0,0
test0723,9,1501,1500,20885,27.6376,0.0,0,0
test0571,9,1017,1016,22029,28.342,0.0,0,0
test1142,9,1454,1453,28432,48.3823,0.0,0,0
test0464,9,835,834,35702,72.9833,0.0,0,0
test0208,9,924,923,10899,7.1889,0.0,0,0
test1068,9,1475,1474,12020,8.356,0.0,0,0
test1472,9,428,427,17570,17.192,0.0,0,0
test0347,9,699,698,22337,27.9707,0.0,0,0
test0956,9,1282,1281,26551,44.9624,0.0,0,0
test0618,9,1030,1029,11023,8.8372,0.0,0,0
test0860,9,1860,1859,47153,153.0434,0.0,0,0
test0193,9,948,947,20036,29.2164,0.0,0,0
test1497,9,1752,1751,18559,24.5928,0.0,0,0
test1218,9,753,752,16910,20.7199,0.0,0,0
test1026,9,400,399,7421,3.8787,0.0,0,0
test1072,9,1663,1662,34942,80.979,0.0,0,0
test1379,9,476,475,21969,33.1424,0.0,0,0
test1395,9,409,408,14124,12.882,0.0,0,0
test0332,9,1115,1114,35115,79.981,0.0,0,0
test0986,9,497,496,20978,30.9815,0.0,0,0
test0629,9,1565,1564,20798,30.1793,0.0,0,0
test1242,9,1403,1402,16864,19.8818,0.0,0,0
test1249,9,1734,1733,36775,97.5926,0.0,0,0
test0199,9,1420,1419,34027,79.6868,0.0,0,0
test0609,9,1087,1086,13797,13.2712,0.0,0,0
test1308,9,1351,1350,42006,118.1964,0.0,0,0
test0411,9,766,765,13091,10.7029,0.0,0,0
test0681,9,574,573,28200,53.6741,0.0,0,0
test0180,9,1787,1786,13599,14.426,0.0,0,0
test0400,9,1019,1018,24442,42.2804,0.0,0,0
test0826,9,696,695,8100,5.1723,0.0,0,0
test1410,9,712,711,11665,9.4143,0.0,0,0
test0586,9,1765,1764,18587,24.1193,0.0,0,0
test1178,9,1259,1258,37999,97.5634,0.0,0,0
test1363,9,517,516,17450,21.5319,0.0,0,0
test1373,9,369,368,24668,41.4696,0.0,0,0
test0173,9,795,794,13501,12.8159,0.0,0,0
test1049,9,1828,1827,38952,107.6408,0.0,0,0
test0121,9,819,818,11366,9.177,0.0,0,0
test1125,9,990,989,13125,11.9202,0.0,0,0
test0979,9,749,748,28006,55.8316,0.0,0,0
test0285,9,1725,1724,33738,79.0956,0.0,0,0
test0922,9,1149,1148,15247,15.7771,0.0,0,0
test1361,9,1258,1257,16047,18.2583,0.0,0,0
test1162,9,874,873,26220,48.3392,0.0,0,0
test0474,9,1410,1409,23766,47.3056,0.0,0,0
test0991,9,1702,1701,25611,55.8206,0.0,0,0
test0441,9,1671,1670,31681,86.8209,0.0,0,0
test0062,9,808,807,21303,40.5383,0.0,0,0
test0295,9,783,782,14530,21.4328,0.0,0,0
test0769,9,935,934,19838,37.2802,0.0,0,0
test0372,9,1375,1374,27136,66.2719,0.0,0,0
test0419,9,366,365,9988,10.5066,0.0,0,0
test1468,9,1278,1277,24592,54.7813,0.0,0,0
test0738,9,1220,1219,10416,11.2005,0.0,0,0
test0277,9,1324,1323,25996,60.9708,0.0,0,0
test1126,9,1976,1975,19621,36.959,0.0,0,0
test0798,9,645,644,23952,51.682,0.0,0,0
test0497,9,1612,1611,13572,18.8565,0.0,0,0
test0369,9,1276,1275,29615,78.1708,0.0,0,0
test1464,9,872,871,26763,63.7446,0.0,0,0
test0263,9,698,697,28535,71.6882,0.0,0,0
test0313,9,1097,1096,18327,31.9648,0.0,0,0
test0090,9,1347,1346,48260,167.6847,0.0,0,0
test0415,9,1728,1727,32281,73.6142,0.0,0,0
test0541,9,621,620,14883,19.3325,0.0,0,0
test0418,9,1649,1648,18513,25.6653,0.0,0,0
test0532,9,853,852,37244,96.1471,0.0,0,0
test0534,9,1003,1002,13098,12.4572,0.0,0,0
test0513,9,1994,1993,24449,42.8901,0.0,0,0
test0033,9,1199,1198,31320,68.9776,0.0,0,0
test1018,9,733,732,24919,35.2446,0.0,0,0
test0363,9,673,672,9901,5.6879,0.0,0,0
test0898,9,1232,1231,16419,15.6923,0.0,0,0
test1347,9,1627,1626,30819,56.6962,0.0,0,0
test1090,9,581,580,28129,44.5433,0.0,0,0
test0557,9,1677,1676,44258,122.0749,0.0,0,0
test1459,9,1420,1419,16427,22.1318,0.0,0,0
test0572,9,1418,1417,44423,140.3138,0.0,0,0
test0526,9,413,412,6834,3.4302,0.0,0,0
test0957,9,1978,1977,13561,12.7659,0.0,0,0
test0122,9,1297,1296,24635,42.412,0.0,0,0
test1485,9,889,888,29070,57.8098,0.0,0,0
test0481,9,1037,1036,30062,62.8165,0.0,0,0
test1274,9,1837,1836,35357,86.7369,0.0,0,0
test0757,9,514,513,13975,13.7746,0.0,0,0
test0373,9,1866,1865,26092,46.8695,0.0,0,0
test1240,9,1669,1668,20348,28.5219,0.0,0,0
test0454,9,1921,1920,43009,126.507,0.0,0,0
test0093,9,720,719,26224,46.7621,0.0,0,0
test1036,9,1793,1792,26606,51.5011,0.0,0,0
test1412,9,430,429,28757,54.6002,0.0,0,0
test0795,9,1908,1907,15840,17.6635,0.0,0,0
test0089,9,1676,1675,33806,78.0704,0.0,0,0
test0128,9,511,510,12580,10.6378,0.0,0,0
test0805,9,1319,1318,12043,10.2136,0.0,0,0
test0893,9,576,575,8488,5.027,0.0,0,0
test0610,9,1227,1226,19224,24.6637,0.0,0,0
test0271,9,369,368,12888,11.3933,0.0,0,0
test1000,9,665,664,9198,6.1148,0.0,0,0
test0961,9,750,749,19804,26.5318,0.0,0,0
test0679,9,1825,1824,52464,185.9542,0.0,0,0
test0866,9,627,626,20844,29.8767,0.0,0,0
test0447,9,377,376,19354,25.1731,0.0,0,0
test0265,9,1052,1051,36021,88.6693,0.0,0,0
test0711,9,778,777,8487,5.2442,0.0,0,0
test0493,9,1674,1673,22750,36.2491,0.0,0,0
test0029,9,1199,1198,16651,19.8102,0.0,0,0
test0101,9,382,381,9269,6.0281,0.0,0,0
test1276,9,1102,1101,29472,59.4981,0.0,0,0
test1192,9,1551,1550,25548,46.1358,0.0,0,0
test1360,9,1287,1286,26934,50.3715,0.0,0,0
test0818,9,1487,1486,17585,22.4394,0.0,0,0
test0216,9,1538,1537,18619,25.2876,0.0,0,0
test0350,9,1124,1123,13959,13.6778,0.0,0,0
test1435,9,700,699,24333,40.1802,0.0,0,0
test1309,9,1354,1353,30505,63.8457,0.0,0,0
test0659,9,808,807,11171,9.1583,0.0,0,0
test1153,9,439,438,16732,19.1389,0.0,0,0
test1320,9,1106,1105,23884,41.0771,0.0,0,0
test0288,9,1676,1675,27540,53.6661,0.0,0,0
test0428,9,980,979,34632,82.3883,0.0,0,0
test1180,9,954,953,27042,51.6939,0.0,0,0
test1339,9,1243,1242,29359,61.3048,0.0,0,0
test0585,9,1591,1590,43191,126.6475,0.0,0,0
test1436,9,1855,1854,19593,28.1041,0.0,0,0
test1294,9,1932,1931,12065,10.8525,0.0,0,0
test1289,9,1353,1352,14630,15.6222,0.0,0,0
test0960,9,1182,1181,15587,17.8124,0.0,0,0
test0247,9,494,493,8663,5.5811,0.0,0,0
test0948,9,1336,1335,22656,36.1045,0.0,0,0
test0202,9,748,747,12023,10.0554,0.0,0,0
test0397,9,1166,1165,25741,48.0284,0.0,0,0
test0388,9,553,552,10352,7.6034,0.0,0,0
test1054,9,1523,1522,26433,48.8785,0.0,0,0
test0069,9,427,426,20469,29.9163,0.0,0,0
test1170,9,587,586,17455,21.3131,0.0,0,0
test0475,9,1825,1824,42084,125.0759,0.0,0,0
test1110,9,1549,1548,32784,75.1891,0.0,0,0
test1300,9,723,722,17448,18.9105,0.0,0,0
test0576,9,1561,1560,14884,13.1195,0.0,0,0
test0007,9,1992,1991,16656,16.1433,0.0,0,0
test0004,9,553,552,9550,5.3413,0.0,0,0
test0024,9,1651,1650,35857,73.0985,0.0,0,0
test0904,9,510,509,22641,28.486,0.0,0,0
test0234,9,1366,1365,27662,43.1871,0.0,0,0
test0035,9,952,951,8746,4.4438,0.0,0,0
test1065,9,818,817,16370,15.2069,0.0,0,0
test1398,9,1314,1313,30885,53.5159,0.0,0,0
test1462,9,437,436,10576,6.3804,0.0,0,0
test0726,9,1110,1109,23464,31.2061,0.0,0,0
test0794,9,1308,1307,21222,25.9096,0.0,0,0
test1117,9,1504,1503,11712,8.263,0.0,0,0
test0906,9,1166,1165,24106,33.3739,0.0,0,0
test1070,9,1302,1301,20901,24.789,0.0,0,0
test0488,9,897,896,15172,13.15,0.0,0,0
test0157,9,813,812,16959,16.3345,0.0,0,0
test0689,9,1812,1811,36433,79.4066,0.0,0,0
test1144,9,420,419,8348,4.078,0.0,0,0
test0345,9,1243,1242,37079,79.4852,0.0,0,0
test1401,9,1563,1562,32141,63.7816,0.0,0,0
test0661,9,1864,1863,18272,19.1021,0.0,0,0
test0225,9,685,684,15569,13.8011,0.0,0,0
test0608,9,1439,1438,30936,55.0946,0.0,0,0
test0649,9,883,882,16092,14.8634,0.0,0,0
test0091,9,542,541,17266,16.9967,0.0,0,0
test0413,9,1821,1820,10080,6.1053,0.0,0,0
test1483,9,1280,1279,20536,24.4208,0.0,0,0
test0973,9,638,637,24331,33.3399,0.0,0,0
test1083,9,757,756,37710,82.348,0.0,0,0
test0546,9,678,677,14658,12.4271,0.0,0,0
test1200,9,752,751,17383,17.31,0.0,0,0
test1040,9,595,594,18191,18.9566,0.0,0,0
test1479,9,725,724,15646,14.0367,0.0,0,0
test0858,9,1590,1589,26745,41.5933,0.0,0,0
test0927,9,1677,1676,23741,32.5797,0.0,0,0
test0170,9,1821,1820,29708,49.8546,0.0,0,0
test1381,9,863,862,18330,19.2286,0.0,0,0
test0940,9,971,970,27418,42.7329,0.0,0,0
test0014,9,1272,1271,20479,23.6411,0.0,0,0
test1458,9,387,386,13567,10.6293,0.0,0,0
test1087,9,1000,999,19563,22.1998,0.0,0,0
test0317,9,1163,1162,19084,20.5555,0.0,0,0
test0863,9,1195,1194,29166,49.9631,0.0,0,0
test1164,9,635,634,30130,51.1422,0.0,0,0
test1108,9,1060,1059,26179,38.8079,0.0,0,0
test0874,9,1399,1398,32343,59.6235,0.0,0,0
test1062,9,561,560,10192,5.948,0.0,0,0
test0197,9,380,379,18239,18.5836,0.0,0,0
test0401,9,674,673,11285,7.6247,0.0,0,0
test1371,9,915,914,19416,21.7226,0.0,0,0
test0714,9,883,882,19812,22.2383,0.0,0,0
test1262,9,1639,1638,31843,59.3239,0.0,0,0
test0890,9,1583,1582,12844,9.5907,0.0,0,0
test1228,9,1228,1227,44361,109.7382,0.0,0,0
test0200,9,1367,1366,16333,15.2411,0.0,0,0
test0449,9,657,656,16036,14.6384,0.0,0,0
test0701,9,356,355,18092,18.2682,0.0,0,0
test0982,9,974,973,16581,15.8428,0.0,0,0
test1190,9,1607,1606,22829,30.5054,0.0,0,0
test1206,9,872,871,38387,82.2114,0.0,0,0
test0712,9,649,648,10366,6.1674,0.0,0,0
test1045,9,1254,1253,14432,11.9945,0.0,0,0
test0756,9,957,956,9124,5.0113,0.0,0,0
test0554,9,400,399,18896,19.8483,0.0,0,0
test1345,9,894,893,25154,35.4007,0.0,0,0
test1027,9,891,890,30167,51.3114,0.0,0,0
test0248,9,1301,1300,15569,13.6053,0.0,0,0
test0286,9,1455,1454,32708,62.0693,0.0,0,0
test1256,9,838,837,38669,83.0717,0.0,0,0
test0801,9,861,860,21219,25.4227,0.0,0,0
test1146,9,1304,1303,20944,25.2615,0.0,0,0
test0293,9,781,780,17773,18.2393,0.0,0,0
test1156,9,922,921,24738,34.34,0.0,0,0
test0451,9,915,914,11711,8.0423,0.0,0,0
test0623,9,1950,1949,33468,64.5589,0.0,0,0
test0754,9,1762,1761,33314,62.2859,0.0,0,0
test0238,9,430,429,6720,2.619,0.0,0,0
test1211,9,1034,1033,21017,24.8538,0.0,0,0
test0016,9,665,664,23892,31.5479,0.0,0,0
test1392,9,1702,1701,12762,9.1886,0.0,0,0
test0966,9,809,808,10494,6.3521,0.0,0,0
test0581,9,1956,1955,35201,70.8345,0.0,0,0
test1307,9,1816,1815,31369,55.3936,0.0,0,0
test1139,9,985,984,37083,78.5394,0.0,0,0
test0377,9,1069,1068,15193,13.5186,0.0,0,0
test0667,9,1745,1744,24129,32.5341,0.0,0,0
test0156,9,1916,1915,20466,24.0613,0.0,0,0
test1102,9,1883,1882,18882,20.4113,0.0,0,0
test0480,9,1742,1741,23027,28.8603,0.0,0,0
test0905,9,961,960,17970,17.2147,0.0,0,0
test0594,9,770,769,15287,12.7618,0.0,0,0
test0017,9,1121,1120,18812,18.9763,0.0,0,0
test1231,9,1633,1632,10465,6.1817,0.0,0,0
test1473,9,1588,1587,22235,26.6264,0.0,0,0
test0337,9,1191,1190,26863,39.403,0.0,0,0
test1419,9,475,474,12210,8.386,0.0,0,0
test0587,9,1302,1301,11551,7.6957,0.0,0,0
test0071,9,757,756,8144,3.6911,0.0,0,0
test1321,9,1789,1788,31270,55.9835,0.0,0,0
test0776,9,501,500,24202,31.5612,0.0,0,0
test0267,9,1810,1809,52968,165.7732,0.0,0,0
test0437,9,1076,1075,14854,13.4501,0.0,0,0
test1019,9,1097,1096,15153,13.3339,0.0,0,0
test0907,9,920,919,29721,48.9443,0.0,0,0
test0851,9,899,898,21684,28.0968,0.0,0,0
test0568,9,801,800,35104,87.002,0.0,0,0
test0800,9,1044,1043,12794,9.4029,0.0,0,0
test0137,9,418,417,10269,7.142,0.0,0,0
test0620,9,592,591,15697,17.0283,0.0,0,0
test0161,9,1403,1402,29912,61.9758,0.0,0,0
test0095,9,352,351,26696,45.1592,0.0,0,0
test1337,9,378,377,19395,23.8492,0.0,0,0
test0482,9,1289,1288,28812,57.3843,0.0,0,0
test1426,9,1645,1644,33458,76.9351,0.0,0,0
test1409,9,463,462,15758,17.327,0.0,0,0
test0495,9,1101,1100,44426,131.3617,0.0,0,0
test1416,9,778,777,12982,9.571,0.0,0,0
test0950,9,965,964,28141,44.8748,0.0,0,0
test0019,9,1625,1624,49999,164.6532,0.0,0,0
test0366,9,442,441,32186,69.3374,0.0,0,0
test0163,9,484,483,9585,6.5395,0.0,0,0
test0302,9,1880,1879,32557,69.1761,0.0,0,0
test0456,9,577,576,12008,9.1279,0.0,0,0
test0876,9,1222,1221,46706,149.1982,0.0,0,0
test0952,9,1344,1343,35014,83.0089,0.0,0,0
test1030,9,1720,1719,11749,9.9497,0.0,0,0
test1010,9,1659,1658,22506,33.0742,0.0,0,0
test0602,9,1932,1931,29222,55.4096,0.0,0,0
test1132,9,1520,1519,17457,21.8147,0.0,0,0
test0354,9,979,978,14565,15.3998,0.0,0,0
test1220,9,948,947,30949,65.0532,0.0,0,0
test0765,9,775,774,24506,41.4785,0.0,0,0
test0135,9,1289,1288,26863,49.4702,0.0,0,0
test1433,9,1226,1225,36208,89.9839,0.0,0,0
test0865,9,1509,1508,12164,10.8239,0.0,0,0
test0802,9,1247,1246,33136,77.4613,0.0,0,0
test1340,9,1912,1911,43254,127.4143,0.0,0,0
test0494,9,1622,1621,29371,61.8309,0.0,0,0
test0715,9,899,898,29329,56.0703,0.0,0,0
test1391,9,596,595,15929,18.4998,0.0,0,0
test0484,9,1926,1925,32429,74.7858,0.0,0,0
test1150,9,1068,1067,39216,104.8371,0.0,0,0
test0040,9,1044,1043,38632,103.5171,0.0,0,0
test1061,9,1618,1617,10926,8.6342,0.0,0,0
test0598,9,833,832,14477,15.0752,0.0,0,0
test1106,9,1344,1343,31960,69.9016,0.0,0,0
test1389,9,679,678,16054,18.3114,0.0,0,0
test0549,9,1932,1931,45264,141.7487,0.0,0,0
test0060,9,489,488,23632,38.8738,0.0,0,0
test0073,9,787,786,13303,13.2105,0.0,0,0
test1085,9,1263,1262,18946,27.483,0.0,0,0
test0094,9,1922,1921,27720,56.1789,0.0,0,0
test0579,9,379,378,10120,7.8581,0.0,0,0
test0063,9,956,955,29688,61.4838,0.0,0,0
test0244,9,812,811,15263,17.7348,0.0,0,0
test0145,9,1462,1461,11830,10.5491,0.0,0,0
test1044,9,1185,1184,19850,28.4823,0.0,0,0
test1270,9,496,495,7165,3.5801,0.0,0,0
test0105,9,1489,1488,29549,59.4812,0.0,0,0
test0290,9,1684,1683,25206,45.5078,0.0,0,0
test0499,9,553,552,15815,16.5725,0.0,0,0
test0877,9,1560,1559,25991,47.5434,0.0,0,0
test1251,9,1212,1211,32201,72.3623,0.0,0,0
test0683,9,1763,1762,28455,54.8263,0.0,0,0
test1069,9,1211,1209,12957,11.9255,0.0,0,0
test1216,9,663,662,13762,13.3896,0.0,0,0
test0686,9,1328,1327,19712,26.8109,0.0,0,0
test0049,9,1532,1531,46385,149.9153,0.0,0,0
test0306,9,1307,1306,17575,22.2173,0.0,0,0
test0521,9,1694,1693,34581,82.4867,0.0,0,0
test0954,9,796,795,24007,38.9547,0.0,0,0
test0030,9,1901,1900,53140,192.6267,0.0,0,0
test1438,9,1189,1187,10134,8.0176,0.0,0,0
test0816,9,725,724,10705,8.1691,0.0,0,0
test0002,9,823,822,12913,11.8948,0.0,0,0
test0335,9,1508,1507,11928,10.0862,0.0,0,0
test0943,9,1121,1120,44620,130.6197,0.0,0,0
test1127,9,1020,1019,14506,15.4449,0.0,0,0
test0039,9,1796,1795,30130,62.314,0.0,0,0
test0696,9,1405,1404,28697,55.9738,0.0,0,0
test0220,9,412,411,17888,25.4063,0.0,0,0
test0808,9,819,818,26904,57.3598,0.0,0,0
test0316,9,1924,1923,23510,39.5751,0.0,0,0
test0753,9,1495,1494,17993,24.3454,0.0,0,0
test1133,9,1371,1370,32831,76.3666,0.0,0,0
test1099,9,995,994,28094,56.3424,0.0,0,0
test0824,9,1771,1770,20216,30.7077,0.0,0,0
test0151,9,1890,1889,34102,81.9578,0.0,0,0
test0867,9,1097,1096,37551,96.9272,0.0,0,0
test0273,9,1666,1665,15536,18.2151,0.0,0,0
test0684,9,1035,1034,7973,4.8005,0.0,0,0
test1365,9,438,437,14217,14.1815,0.0,0,0
test0066,9,1441,1440,23615,41.1762,0.0,0,0
test1189,9,1276,1275,17133,20.5895,0.0,0,0
test0746,9,1198,1197,39904,113.149,0.0,0,0
test0848,9,1434,1433,26908,52.5196,0.0,0,0
test0524,9,1147,1146,13440,13.0609,0.0,0,0
test1033,9,842,841,20845,30.8742,0.0,0,0
test0582,9,1272,1271,11619,10.1272,0.0,0,0
test0462,9,391,390,25429,44.8215,0.0,0,0
test0138,9,722,721,36312,89.6986,0.0,0,0
test0262,9,752,751,11174,9.2906,0.0,0,0
test0536,9,1052,1051,14733,15.5973,0.0,0,0
test0325,9,669,668,12062,11.2456,0.0,0,0
test1077,9,1654,1653,12143,12.6158,0.0,0,0
test0322,9,1515,1514,11865,10.2869,0.0,0,0
test0936,9,410,409,10278,7.5215,0.0,0,0
test1474,9,527,526,10496,7.9589,0.0,0,0
test0158,9,1747,1746,23734,40.3363,0.0,0,0
test0945,9,364,363,17343,22.3848,0.0,0,0
test0292,9,1419,1418,26332,51.679,0.0,0,0
test0164,9,1041,1040,32978,74.875,0.0,0,0
test0878,9,1115,1114,33851,67.4557,0.0,0,0
test0486,9,444,443,13917,11.1952,0.0,0,0
test0260,9,590,589,21289,25.1435,0.0,0,0
test1293,9,1086,1085,20545,23.7972,0.0,0,0
test0741,9,609,608,8863,4.5667,0.0,0,0
test0645,9,356,355,15677,13.4968,0.0,0,0
test0955,9,1721,1720,19107,20.7818,0.0,0,0
test1480,9,1446,1445,23881,32.0457,0.0,0,0
test1315,9,1868,1867,21164,25.5794,0.0,0,0
test1301,9,1182,1181,11328,7.3774,0.0,0,0
test1482,9,800,799,33951,63.1292,0.0,0,0
test0638,9,1435,1434,40336,92.2209,0.0,0,0
test1374,9,930,929,18243,18.5636,0.0,0,0
test0251,9,1214,1213,12774,9.2805,0.0,0,0
test1492,9,1975,1974,23085,29.8833,0.0,0,0
test1488,9,532,531,27683,42.006,0.0,0,0
test0064,9,1896,1895,44830,110.6631,0.0,0,0
test1076,9,1543,1542,25185,34.2856,0.0,0,0
test0770,9,488,487,14883,12.0556,0.0,0,0
test0570,9,1903,1902,29183,46.9439,0.0,0,0
test1358,9,1745,1744,20763,23.6737,0.0,0,0
test0799,9,456,455,20204,22.6857,0.0,0,0
test0886,9,385,384,10935,6.8279,0.0,0,0
test0656,9,1465,1464,51413,149.5877,0.0,0,0
test1353,9,378,377,15263,13.0905,0.0,0,0
test0819,9,812,811,16280,15.3002,0.0,0,0
test1057,9,1653,1652,28856,46.7677,0.0,0,0
test1372,9,1609,1608,29322,49.7004,0.0,0,0
test0108,9,627,626,7771,3.5578,0.0,0,0
test1453,9,1935,1934,13913,10.8106,0.0,0,0
test0773,9,852,851,18570,20.0559,0.0,0,0
test0056,9,525,524,22786,29.1183,0.0,0,0
test0229,9,811,810,12945,9.5328,0.0,0,0
test1239,9,902,901,15943,14.3323,0.0,0,0
test0489,9,1358,1357,13617,10.6095,0.0,0,0
test0739,9,1691,1690,13214,10.1115,0.0,0,0
test1357,9,1166,1165,17251,16.8113,0.0,0,0
test1210,9,1899,1898,21961,27.7086,0.0,0,0
test0551,9,1962,1961,37649,80.3175,0.0,0,0
test0174,9,1147,1146,21215,24.7281,0.0,0,0
test0933,9,1667,1666,38911,82.9163,0.0,0,0
test0607,9,1539,1538,22291,27.5199,0.0,0,0
test1217,9,558,557,24365,32.2494,0.0,0,0
test1225,9,1877,1876,56514,185.3533,0.0,0,0
test0828,9,1397,1396,23844,33.819,0.0,0,0
test0136,9,1910,1909,26674,41.0956,0.0,0,0
test1495,9,1090,1089,21602,26.7948,0.0,0,0
test0562,9,359,358,8944,4.754,0.0,0,0
test1380,9,1736,1735,11599,7.8949,0.0,0,0
test0962,9,1915,1914,30206,52.6935,0.0,0,0
test0396,9,1283,1282,17365,16.8361,0.0,0,0
test1449,9,1479,1478,10254,5.9076,0.0,0,0
test0718,9,1125,1124,14430,11.2826,0.0,0,0
test0985,9,1403,1402,12472,8.7072,0.0,0,0
test1415,9,1979,1978,35021,68.5205,0.0,0,0
test1088,9,901,900,11774,7.6151,0.0,0,0
test0027,9,1212,1211,14184,11.0882,0.0,0,0
test0759,9,1849,1848,48557,131.6735,0.0,0,0
test0915,9,993,992,16323,14.5365,0.0,0,0
test0398,9,990,989,24502,33.4337,0.0,0,0
test0558,9,558,557,12158,8.3518,0.0,0,0
test0148,9,1337,1336,23855,30.7234,0.0,0,0
test1079,9,1007,1006,21759,26.0166,0.0,0,0
test0261,9,1297,1296,29675,50.0171,0.0,0,0
test0873,9,631,630,30012,50.2495,0.0,0,0
test1037,9,575,574,15614,13.7288,0.0,0,0
test0593,9,1715,1714,27697,44.9941,0.0,0,0
test0674,9,1958,1957,34984,70.7295,0.0,0,0
test0820,9,768,767,36032,73.6421,0.0,0,0
test1452,9,516,515,30824,52.8535,0.0,0,0
test0059,9,1152,1151,9479,5.2232,0.0,0,0
test0613,9,1183,1182,29906,50.0925,0.0,0,0
test0588,9,891,890,24993,34.176,0.0,0,0
test0642,9,1845,1844,18674,19.6237,0.0,0,0
test0203,9,1417,1416,14849,12.4429,0.0,0,0
test0107,9,369,368,9197,4.7574,0.0,0,0
test1376,9,988,987,33510,60.3333,0.0,0,0
test0537,9,1033,1032,34410,64.5246,0.0,0,0
test0783,9,1652,1651,20173,22.5485,0.0,0,0
test0888,9,499,498,11469,7.2707,0.0,0,0
test0912,9,821,820,29429,47.654,0.0,0,0
test0380,9,967,966,20216,22.3672,0.0,0,0
test1285,9,692,691,10299,5.9234,0.0,0,0
test0729,9,436,435,7165,2.853,0.0,0,0
test1259,9,1302,1301,19589,21.0618,0.0,0,0
test0762,9,1899,1898,44487,129.6166,0.0,0,0
test0399,9,749,748,9056,6.6027,0.0,0,0
test0300,9,1466,1465,25989,50.7991,0.0,0,0
test1149,9,584,583,25038,36.538,0.0,0,0
test1185,9,1087,1086,15996,14.9491,0.0,0,0
test0978,9,1507,1506,16916,16.9287,0.0,0,0
test0141,9,384,383,17670,19.2544,0.0,0,0
test1122,9,1039,1038,43528,128.3517,0.0,0,0
test1017,9,1362,1360,14216,14.2142,0.0,0,0
test0042,9,1690,1689,29034,59.8021,0.0,0,0
test1442,9,1429,1428,36255,90.6075,0.0,0,0
test0311,9,1993,1992,43079,130.1901,0.0,0,0
test0908,9,1436,1435,17012,21.3099,0.0,0,0
test0282,9,1611,1610,34575,83.8707,0.0,0,0
test1255,9,956,955,16622,20.0775,0.0,0,0
test0732,9,1390,1389,31788,71.4814,0.0,0,0
test1124,9,1841,1840,50218,171.1349,0.0,0,0
test0270,9,1959,1958,19559,27.5436,0.0,0,0
test0650,9,1308,1307,21754,34.9369,0.0,0,0
test0652,9,565,564,18249,23.4662,0.0,0,0
test1367,9,837,836,12792,11.8861,0.0,0,0
test0780,9,1149,1148,33729,80.8721,0.0,0,0
test0172,9,516,515,22358,34.7581,0.0,0,0
test0721,9,627,626,19386,21.6742,0.0,0,0
test1484,9,365,364,15195,13.3814,0.0,0,0
test0423,9,1358,1357,19816,23.0287,0.0,0,0
test0463,9,636,635,7358,3.2071,0.0,0,0
test0124,9,1713,1712,35125,83.5571,0.0,0,0
test1169,9,1650,1649,27744,53.4552,0.0,0,0
test0012,9,695,694,18830,24.183,0.0,0,0
test0252,9,644,643,17000,20.1601,0.0,0,0
test1277,9,1697,1696,26842,50.7933,0.0,0,0
test1248,9,999,998,27975,53.7226,0.0,0,0
test0424,9,1067,1066,20670,29.9984,0.0,0,0
test0616,9,1711,1710,13282,12.7128,0.0,0,0
test0662,9,1744,1742,17175,20.6395,0.0,0,0
test1272,9,569,568,20153,28.0861,0.0,0,0
test1382,9,1789,1788,44119,134.6388,0.0,0,0
test1346,9,1672,1671,11704,9.7163,0.0,0,0
test1494,9,1489,1488,40854,116.4167,0.0,0,0
test0467,9,823,822,18736,24.3291,0.0,0,0
test1143,9,1613,1612,31824,70.2069,0.0,0,0
test1002,9,1549,1548,24048,41.0995,0.0,0,0
test1138,9,918,917,32652,74.3639,0.0,0,0
test0648,9,1453,1452,22820,36.733,0.0,0,0
test0968,9,581,580,25591,45.3587,0.0,0,0
test0654,9,853,852,23979,40.9275,0.0,0,0
test1246,9,680,679,10101,7.1592,0.0,0,0
test0611,9,1044,1043,24269,41.337,0.0,0,0
test1119,9,1870,1869,18503,24.8757,0.0,0,0
test0789,9,531,530,8758,5.5047,0.0,0,0
test0685,9,831,830,8152,5.3853,0.0,0,0
test0730,9,424,423,13088,15.7135,0.0,0,0
test0748,9,1369,1368,30548,69.8222,0.0,0,0
test0503,9,1754,1753,45810,145.8774,0.0,0,0
test0892,9,1174,1173,29710,62.8543,0.0,0,0
test0050,9,1577,1576,44609,135.4812,0.0,0,0
test1234,9,1034,1033,20758,31.3333,0.0,0,0
test0544,9,1873,1872,20314,29.7077,0.0,0,0
test1202,9,1795,1794,26390,49.2964,0.0,0,0
test0280,9,545,544,9648,6.7259,0.0,0,0
test0621,9,659,658,34008,78.2159,0.0,0,0
test1105,9,566,565,11710,9.9251,0.0,0,0
test0914,9,458,457,19421,26.2781,0.0,0,0
test1227,9,1775,1774,24981,44.5342,0.0,0,0
test0324,9,1049,1048,29126,59.3845,0.0,0,0
test0699,9,596,595,16323,18.9927,0.0,0,0
test0382,9,1265,1264,32225,73.6773,0.0,0,0
test1009,9,1478,1477,17344,21.577,0.0,0,0
test0242,9,1479,1478,15076,16.7059,0.0,0,0
test1034,9,1097,1096,24231,42.1257,0.0,0,0
test0926,9,1773,1772,27930,56.4916,0.0,0,0
test0592,9,1303,1302,18306,23.8455,0.0,0,0
test0188,9,1914,1913,45347,143.7156,0.0,0,0
test0567,9,1496,1495,25661,47.5523,0.0,0,0
test1154,9,1409,1408,32394,73.5929,0.0,0,0
test0287,9,1951,1950,26434,50.4574,0.0,0,0
test0485,9,1557,1556,32521,76.7399,0.0,0,0
test0837,9,1962,1961,31370,69.6265,0.0,0,0
test1396,9,824,823,17121,21.0897,0.0,0,0
test1121,9,855,854,25572,46.6594,0.0,0,0
test0889,9,572,571,19934,29.4675,0.0,0,0
test1219,9,1381,1380,32274,73.0935,0.0,0,0
test0058,9,1793,1792,36754,95.5369,0.0,0,0
test1129,9,618,617,12246,11.2274,0.0,0,0
test1467,9,1416,1415,17565,23.5451,0.0,0,0
test1264,9,1023,1022,18914,26.0698,0.0,0,0
test1160,9,1225,1224,32761,75.4849,0.0,0,0
test0346,9,1809,1808,40414,114.2661,0.0,0,0
test0540,9,1004,1003,9534,6.8753,0.0,0,0
test0272,9,1543,1542,22314,36.9537,0.0,0,0
test0591,9,1123,1122,14877,16.8489,0.0,0,0
test0427,9,1567,1566,20509,31.1443,0.0,0,0
test0502,9,1692,1691,24039,43.3905,0.0,0,0
test0504,9,1504,1503,44483,134.5615,0.0,0,0
test1291,9,536,535,18489,24.4542,0.0,0,0
test0061,9,1672,1671,17878,23.9243,0.0,0,0
test1486,9,1396,1395,11033,9.1219,0.0,0,0
test0854,9,1088,1087,20711,31.8209,0.0,0,0
test0349,9,775,774,18319,24.7141,0.0,0,0
test0021,9,1590,1589,14373,15.6508,0.0,0,0
test0626,9,1848,1847,14698,16.7762,0.0,0,0
test0179,9,426,425,9711,7.0553,0.0,0,0
test0119,9,1925,1924,24053,42.5886,0.0,0,0
test0226,9,1956,1955,22367,36.4648,0.0,0,0
test0383,9,1823,1822,41940,124.9449,0.0,0,0
test1314,9,2000,1999,34115,84.0994,0.0,0,0
test0115,9,891,890,15585,17.6951,0.0,0,0
test0308,9,1125,1124,26928,51.1466,0.0,0,0
test1093,9,1275,1274,42444,127.5986,0.0,0,0
test1258,9,1808,1807,22431,37.8823,0.0,0,0
test1319,9,1145,1144,38712,104.6464,0.0,0,0
test1111,9,900,899,24306,42.8393,0.0,0,0
test1413,9,1632,1631,37853,101.2964,0.0,0,0
test0304,9,797,796,19766,28.5587,0.0,0,0
test1213,9,1681,1680,23983,42.9823,0.0,0,0
test0233,9,938,937,12951,12.4786,0.0,0,0
test1491,9,486,485,20277,30.1216,0.0,0,0
test0468,9,556,555,21163,32.5169,0.0,0,0
test1051,9,1918,1917,25567,49.0396,0.0,0,0
test0426,9,967,966,25736,48.6977,0.0,0,0
test1273,9,957,956,16513,20.9077,0.0,0,0
test0465,9,542,541,7024,3.609,0.0,0,0
test1335,9,727,726,25806,45.5179,0.0,0,0
test0634,9,782,781,12602,11.6505,0.0,0,0
test0125,9,1282,1281,23275,44.2147,0.0,0,0
test1075,9,1793,1792,33563,81.8186,0.0,0,0
test0176,9,974,973,29112,60.5917,0.0,0,0
test0278,9,898,897,38450,100.9533,0.0,0,0
test1041,9,575,574,17762,21.9881,0.0,0,0
test0213,9,1779,1778,27318,53.8402,0.0,0,0
test1261,9,864,863,40341,109.6872,0.0,0,0
test0556,9,1486,1485,26474,49.558,0.0,0,0
test1095,9,744,743,16940,21.2228,0.0,0,0
test1250,9,991,990,34966,85.0301,0.0,0,0
test1233,9,1340,1339,11857,10.2649,0.0,0,0
test0600,9,1710,1709,31556,70.7588,0.0,0,0
test0918,9,1283,1282,39441,105.8735,0.0,0,0
test0640,9,1224,1223,30815,65.2319,0.0,0,0
test0501,9,1469,1468,14181,15.1179,0.0,0,0
test0232,9,542,541,11042,8.6908,0.0,0,0
test1226,9,854,853,11675,10.0597,0.0,0,0
test0048,9,1739,1738,16895,21.5127,0.0,0,0
test0181,9,1353,1352,31838,69.4111,0.0,0,0
test0682,9,384,383,8942,5.7672,0.0,0,0
test1232,9,1916,1915,30916,66.0978,0.0,0,0
test0751,9,1831,1830,42105,123.7612,0.0,0,0
test0187,9,719,718,22191,34.2266,0.0,0,0
test1456,9,672,671,16832,20.0955,0.0,0,0
test0786,9,630,629,29235,61.1483,0.0,0,0
test0709,9,659,658,37732,90.4866,0.0,0,0
test1499,9,1308,1307,19599,22.1356,0.0,0,0
test0731,9,1953,1952,37420,83.7109,0.0,0,0
test0545,9,948,947,19593,21.429,0.0,0,0
test1067,9,1117,1116,10230,6.0887,0.0,0,0
test0964,9,532,531,18409,18.8584,0.0,0,0
test1137,9,795,794,9122,4.8195,0.0,0,0
test0433,9,573,572,10737,6.6049,0.0,0,0
test0937,9,1614,1613,13605,10.9664,0.0,0,0
test1001,9,1474,1473,48221,128.5038,0.0,0,0
test1310,9,920,919,18708,19.317,0.0,0,0
test1015,9,1556,1555,25079,35.2859,0.0,0,0
test1199,9,1612,1611,53893,162.3571,0.0,0,0
test0597,9,1669,1668,24531,34.1383,0.0,0,0
test1241,9,1626,1625,24737,34.8388,0.0,0,0
test0680,9,1932,1931,18822,20.3096,0.0,0,0
test0928,9,1390,1389,17948,18.4747,0.0,0,0
test0830,9,1272,1271,37877,81.5832,0.0,0,0
test0832,9,1763,1762,29273,46.56,0.0,0,0
test0118,9,1812,1811,23990,32.1471,0.0,0,0
test0448,9,1427,1426,20184,22.6497,0.0,0,0
test0239,9,920,919,24138,32.7715,0.0,0,0
test0458,9,531,530,27597,40.634,0.0,0,0
test0809,9,1369,1368,44677,109.9582,0.0,0,0
test0894,9,500,499,21752,25.1067,0.0,0,0
test0807,9,1514,1513,31460,54.5054,0.0,0,0
test0046,9,629,628,30851,50.4326,0.0,0,0
test1331,9,1924,1923,30977,53.9288,0.0,0,0
test1430,9,681,680,24890,34.3116,0.0,0,0
test0329,9,1781,1780,11504,7.8194,0.0,0,0
test0967,9,1949,1948,26497,40.7967,0.0,0,0
test0162,9,1101,1100,26626,40.43,0.0,0,0
test0043,9,1814,1813,15883,14.7156,0.0,0,0
test0512,9,1968,1967,10663,6.7109,0.0,0,0
test0340,9,1044,1043,19790,22.468,0.0,0,0
test1439,9,1595,1594,23113,30.7638,0.0,0,0
test0109,9,1542,1541,30943,55.8189,0.0,0,0
test0725,9,1300,1298,17188,17.2083,0.0,0,0
test0081,9,1929,1928,36383,74.9847,0.0,0,0
test0201,9,1895,1894,29099,47.0675,0.0,0,0
test0479,9,934,933,14188,11.4187,0.0,0,0
test0981,9,710,709,20351,22.884,0.0,0,0
test1188,9,1630,1629,20711,23.9952,0.0,0,0
test0368,9,829,828,11908,8.0735,0.0,0,0
test0328,9,1669,1668,12859,9.4401,0.0,0,0
test1466,9,974,973,28555,45.897,0.0,0,0
test0530,9,1190,1189,12075,8.6441,0.0,0,0
test1203,9,622,621,19019,20.1811,0.0,0,0
test0430,9,1865,1864,28461,46.5209,0.0,0,0
test0938,9,706,705,12614,9.3577,0.0,0,0
test0528,9,1618,1617,32137,58.9219,0.0,0,0
test0327,9,964,963,27618,43.6161,0.0,0,0
test0362,9,1535,1534,35434,72.423,0.0,0,0
test0516,9,426,425,18958,20.2781,0.0,0,0
test1267,9,1574,1573,36321,75.9144,0.0,0,0
test0778,9,1324,1323,12857,9.6441,0.0,0,0
test1324,9,1041,1040,12807,9.7265,0.0,0,0
test0432,9,1010,1009,14306,11.8395,0.0,0,0
test1281,9,1093,1092,40463,92.3003,0.0,0,0
test1151,9,881,880,27642,41.5205,0.0,0,0
test0364,9,1453,1452,28309,45.1326,0.0,0,0
test0070,9,1459,1458,22294,27.6034,0.0,0,0
test0025,9,884,883,17617,17.5305,0.0,0,0
test0301,9,628,627,9239,4.8497,0.0,0,0
test0817,9,1466,1465,43484,104.3304,0.0,0,0
test0459,9,1276,1275,44431,114.7815,0.0,0,0
test0531,9,1750,1749,18281,19.3717,0.0,0,0
test1223,9,1552,1551,21726,27.2808,0.0,0,0
test1359,9,1301,1300,19524,22.0614,0.0,0,0
test0435,9,1271,1270,29980,50.8528,0.0,0,0
test0883,9,679,678,19411,21.1283,0.0,0,0
test0097,9,1446,1445,30779,54.6343,0.0,0,0
test0079,9,1284,1283,19573,22.2109,0.0,0,0
test0127,9,741,740,30063,50.0289,0.0,0,0
test0704,9,1056,1055,9542,5.3292,0.0,0,0
test1181,9,1103,1102,34603,65.5754,0.0,0,0
test0006,9,1170,1169,24313,32.4405,0.0,0,0
test1329,9,1039,1038,8556,4.231,0.0,0,0
test1369,9,686,685,18370,18.3647,0.0,0,0
test1060,9,1322,1321,19669,21.3649,0.0,0,0
test0872,9,1886,1885,27887,42.3082,0.0,0,0
test0693,9,1284,1283,29715,48.1017,0.0,0,0
test1265,9,1210,1209,11089,6.949,0.0,0,0
test1406,9,832,831,10211,5.8342,0.0,0,0
test0352,9,685,684,27735,43.3949,0.0,0,0
test0152,9,1986,1985,34278,66.6986,0.0,0,0
test0916,9,502,501,21201,24.9297,0.0,0,0
test1155,9,1903,1901,12015,8.539,0.0,0,0
test0653,9,712,711,8466,4.4322,0.0,0,0
test0879,9,1397,1396,9439,5.2378,0.0,0,0
test0013,9,898,897,16846,15.884,0.0,0,0
test1086,9,390,389,11429,7.3625,0.0,0,0
test1104,9,1682,1681,30309,53.6193,0.0,0,0
test1092,9,1651,1650,16910,16.3603,0.0,0,0
test1114,9,447,446,26679,39.6334,0.0,0,0
test1021,9,1496,1495,23023,29.7338,0.0,0,0
test1173,9,989,988,17389,16.8098,0.0,0,0
test0862,9,705,704,30545,52.2867,0.0,0,0
test0133,9,955,954,21554,25.8678,0.0,0,0
test0811,9,1010,1009,24526,32.3972,0.0,0,0
test1003,9,1266,1265,15821,13.8809,0.0,0,0
test0075,9,726,725,16379,15.0959,0.0,0,0
test1050,9,634,633,32528,55.9143,0.0,0,0
test1115,9,752,751,8480,4.1288,0.0,0,0
test1073,9,561,560,14711,11.7059,0.0,0,0
test0692,9,1681,1680,25722,38.1665,0.0,0,0
test0917,9,681,680,34022,61.833,0.0,0,0
test0120,9,1498,1497,12287,8.28,0.0,0,0
test0829,9,1785,1784,12897,9.2955,0.0,0,0
test0891,9,536,535,12685,8.7996,0.0,0,0
test1407,9,1271,1270,26097,36.7086,0.0,0,0
test0855,9,1463,1462,30715,53.8197,0.0,0,0
test0589,9,1245,1244,47019,125.172,0.0,0,0
test1318,9,1669,1668,28499,45.7516,0.0,0,0
test0519,9,1257,1256,34419,65.9387,0.0,0,0
test1158,9,458,457,22923,28.7345,0.0,0,0
test0466,9,1954,1953,17415,17.0361,0.0,0,0
test0339,9,1717,1716,25757,37.9037,0.0,0,0
test0045,9,1146,1145,26960,41.3169,0.0,0,0
test1135,9,415,414,11449,7.409,0.0,0,0
test0989,9,602,601,35592,69.3006,0.0,0,0
test0153,9,1809,1808,26691,39.3019,0.0,0,0
test1336,9,1799,1798,20079,22.4458,0.0,0,0
test0578,9,1634,1632,12221,8.5761,0.0,0,0
test0142,9,441,440,10456,6.118,0.0,0,0
test0614,9,526,525,23526,29.4346,0.0,0,0
test0389,9,694,693,14189,11.315,0.0,0,0
test0812,9,372,371,20358,22.2029,0.0,0,0
test0183,9,497,496,14551,11.4828,0.0,0,0
test0736,9,1360,1359,42609,101.2193,0.0,0,0
test1215,9,896,895,27160,41.9492,0.0,0,0
test0903,9,1005,1004,30851,53.7607,0.0,0,0
test0787,9,888,887,15368,13.6875,0.0,0,0
test0478,9,1748,1747,29721,51.3685,0.0,0,0
test0269,9,363,362,8571,4.4306,0.0,0,0
test0637,9,578,577,14354,11.5735,0.0,0,0
test0963,9,716,715,16293,15.1415,0.0,0,0
test1387,9,1593,1592,30052,52.5709,0.0,0,0
test0603,9,1779,1778,29170,51.1073,0.0,0,0
test0034,9,405,404,20253,24.1252,0.0,0,0
test0356,9,1141,1140,12711,9.3533,0.0,0,0
test0844,9,1281,1280,26329,39.2469,0.0,0,0
test0514,9,810,809,38664,84.1203,0.0,0,0
test0846,9,1912,1911,17593,17.4526,0.0,0,0
test0959,9,1384,1383,16199,14.4297,0.0,0,0
test0371,9,1088,1087,20482,22.8887,0.0,0,0
test1411,9,626,625,27193,40.4165,0.0,0,0
test1386,9,673,672,11973,8.0133,0.0,0,0
test0707,9,1105,1104,36358,73.0432,0.0,0,0
test0057,9,848,847,12400,8.5448,0.0,0,0
test1292,9,1640,1639,28269,44.7802,0.0,0,0
test0102,9,557,556,12095,8.2044,0.0,0,0
test0750,9,754,753,23017,30.2256,0.0,0,0
test0320,9,1420,1419,29130,48.5626,0.0,0,0
test0476,9,1387,1386,19199,21.4638,0.0,0,0
test0452,9,853,852,17774,18.087,0.0,0,0
test0790,9,667,666,15456,13.675,0.0,0,0
test0044,9,1207,1206,39652,89.7053,0.0,0,0
test0410,9,1051,1050,17636,18.7137,0.0,0,0
test1296,9,719,718,11375,7.8284,0.0,0,0
test0155,9,1332,1331,20926,25.5576,0.0,0,0
test0509,9,962,961,34160,65.9113,0.0,0,0
test1354,9,1595,1594,22287,28.4603,0.0,0,0
test0111,9,662,661,34549,66.957,0.0,0,0
test0772,9,1387,1386,43004,101.7751,0.0,0,0
test1020,9,1335,1334,18773,19.759,0.0,0,0
test1299,9,1534,1533,29378,48.36,0.0,0,0
test1193,9,1083,1082,17518,17.4017,0.0,0,0
test0222,9,627,626,12815,9.184,0.0,0,0
test0281,9,1786,1785,12670,9.6728,0.0,0,0
test0296,9,433,432,11113,6.9051,0.0,0,0
test0814,9,1822,1821,11374,7.4717,0.0,0,0
test0487,9,1564,1563,29341,47.8921,0.0,0,0
test0298,9,792,791,14681,12.2797,0.0,0,0
test1089,9,814,813,17513,18.0058,0.0,0,0
test1428,9,1770,1769,17023,16.8579,0.0,0,0
test1278,9,991,990,25709,37.4711,0.0,0,0
test1266,9,706,705,10268,6.1462,0.0,0,0
test0209,9,1256,1255,18210,18.9869,0.0,0,0
test1182,9,891,890,27010,41.2626,0.0,0,0
test1148,9,1224,1223,13415,10.4325,0.0,0,0
test0003,9,1903,1902,30710,54.8074,0.0,0,0
test0781,9,576,575,22694,28.8948,0.0,0,0
test0505,9,1121,1120,13470,10.5695,0.0,0,0
test0706,9,642,641,19275,21.7628,0.0,0,0
test0391,9,1539,1538,16787,16.4181,0.0,0,0
test1446,9,477,476,17820,17.7493,0.0,0,0
test0990,9,880,879,20701,24.4957,0.0,0,0
test0993,9,1035,1034,23149,31.005,0.0,0,0
test0256,9,1081,1080,12799,9.4621,0.0,0,0
test0944,9,1492,1491,51020,148.6695,0.0,0,0
test0171,9,778,777,25304,36.0063,0.0,0,0
test0020,9,564,563,15127,12.7191,0.0,0,0
test1268,9,1030,1029,13612,10.8748,0.0,0,0
test1448,9,1015,1014,29380,47.7252,0.0,0,0
test0237,9,1534,1533,11771,7.9147,0.0,0,0
test0112,9,1313,1312,26489,39.796,0.0,0,0
test0106,9,1064,1063,24674,35.003,0.0,0,0
test0703,9,769,768,28895,47.4337,0.0,0,0
test1260,9,1896,1895,53191,161.6746,0.0,0,0
test0438,9,625,624,14784,12.6144,0.0,0,0
test0068,9,1786,1785,53819,166.0735,0.0,0,0
test1317,9,1032,1031,39182,84.6469,0.0,0,0
test0370,9,1524,1523,11547,7.5748,0.0,0,0
test0323,9,1304,1303,25254,35.2038,0.0,0,0
test0764,9,674,673,15951,14.0958,0.0,0,0
test0305,9,1885,1884,36973,76.9892,0.0,0,0
test1402,9,1992,1991,23757,32.0246,0.0,0,0
test0850,9,1962,1961,18446,20.5773,0.0,0,0
test1147,9,1100,1099,31659,59.0211,0.0,0,0
test0140,9,971,970,31421,57.2894,0.0,0,0
test0268,9,1197,1196,29877,52.5131,0.0,0,0
test1209,9,1449,1448,33435,66.2589,0.0,0,0
test0421,9,1622,1621,41130,96.5654,0.0,0,0
test0542,9,1241,1240,9058,4.946,0.0,0,0
test0559,9,1139,1138,42771,102.8533,0.0,0,0
test1275,9,774,773,24758,32.9108,0.0,0,0
test0564,9,387,386,16456,15.2563,0.0,0,0
test0385,9,1210,1209,33035,59.9735,0.0,0,0
test0051,9,1824,1823,40342,92.2509,0.0,0,0
test1425,9,1655,1654,11076,7.167,0.0,0,0
test1212,9,1287,1286,9999,5.62,0.0,0,0
test0871,9,1825,1824,20186,23.3824,0.0,0,0
test1414,9,832,831,37833,83.5807,0.0,0,0
test0074,9,791,790,15167,13.4356,0.0,0,0
test0887,9,638,637,8932,4.7044,0.0,0,0
test0416,9,444,443,19933,22.6415,0.0,0,0
test0733,9,949,948,16520,15.8122,0.0,0,0
test0563,9,1916,1915,18395,19.9797,0.0,0,0
test0913,9,1892,1891,46263,126.1758,0.0,0,0
test0243,9,511,510,12054,8.4656,0.0,0,0
test0506,9,1357,1356,34653,68.8011,0.0,0,0
test1405,9,1192,1191,19421,22.155,0.0,0,0
test0253,9,662,661,19562,21.3763,0.0,0,0
test0150,9,753,752,23429,30.6418,0.0,0,0
test0460,9,357,356,14790,11.9615,0.0,0,0
test0154,9,1811,1810,17880,18.0773,0.0,0,0
test1094,9,930,929,22150,26.8487,0.0,0,0
test0853,9,946,945,22387,27.3238,0.0,0,0
test0230,9,1971,1970,22806,29.2245,0.0,0,0
test0457,9,1292,1291,29422,49.0531,0.0,0,0
test1098,9,1485,1484,47729,133.2262,0.0,0,0
test0647,9,503,502,14961,12.9792,0.0,0,0
test0344,9,1691,1690,33517,67.9984,0.0,0,0
test0998,9,781,780,32460,59.8766,0.0,0,0
test1235,9,536,535,35323,71.3591,0.0,0,0
test0934,9,666,665,15825,14.3719,0.0,0,0
test1113,9,712,711,30027,52.3822,0.0,0,0
test0665,9,1140,1139,24004,33.3932,0.0,0,0
test0130,9,571,570,22319,28.7936,0.0,0,0
test0365,9,1730,1729,24676,36.4309,0.0,0,0
test0417,9,848,847,37206,80.374,0.0,0,0
test0169,9,1941,1940,21800,26.6329,0.0,0,0
test0782,9,856,855,19270,20.8324,0.0,0,0
test0254,9,1586,1585,22342,28.0248,0.0,0,0
test1350,9,1010,1009,34491,66.1937,0.0,0,0
test0444,9,1824,1823,37028,79.0029,0.0,0,0
test1434,9,1918,1917,18144,18.3121,0.0,0,0
test0535,9,913,912,41494,100.6943,0.0,0,0
test1042,9,1507,1506,30737,53.9017,0.0,0,0
test0599,9,1703,1702,19629,22.0707,0.0,0,0
test1196,9,624,623,35129,69.1109,0.0,0,0
test0813,9,1482,1481,32237,58.9022,0.0,0,0
test0742,9,885,884,15143,13.1288,0.0,0,0
test0857,9,1139,1138,23457,31.2734,0.0,0,0
test0443,9,1190,1189,38257,82.8112,0.0,0,0
test0132,9,1261,1260,18664,20.517,0.0,0,0
test1469,9,409,408,14133,11.4767,0.0,0,0
test1399,9,610,609,17968,18.3094,0.0,0,0
test1176,9,1911,1910,23628,30.8859,0.0,0,0
test1183,9,1300,1299,30209,50.8126,0.0,0,0
test0835,9,912,911,31191,54.6735,0.0,0,0
test1457,9,605,604,24669,34.0769,0.0,0,0
test1224,9,685,684,18015,17.7663,0.0,0,0
test1394,9,1804,1803,17267,16.9986,0.0,0,0
test1120,9,803,802,21140,24.5464,0.0,0,0
test1344,9,1882,1881,34234,67.1442,0.0,0,0
test0047,9,1448,1447,11911,8.6502,0.0,0,0
test1028,9,1597,1596,14810,12.8567,0.0,0,0
test1048,9,1381,1380,28591,46.5176,0.0,0,0
test0113,9,1810,1809,32542,60.545,0.0,0,0
test0921,9,1854,1853,48711,135.6946,0.0,0,0
test0569,9,948,947,38180,81.8875,0.0,0,0
test0500,9,1737,1736,16271,15.3875,0.0,0,0
test0491,9,1374,1373,22259,29.1651,0.0,0,0
test0980,9,859,858,25322,37.0445,0.0,0,0
test0331,9,638,637,7297,3.148,0.0,0,0
test1186,9,650,649,13592,10.5649,0.0,0,0
test1461,9,1280,1279,9410,5.1938,0.0,0,0
test0359,9,418,417,20141,21.5359,0.0,0,0
test0223,9,511,510,14494,11.494,0.0,0,0
test0274,9,686,685,32299,57.318,0.0,0,0
test0084,9,742,741,18541,18.7109,0.0,0,0
test0442,9,1101,1100,35828,72.5611,0.0,0,0
test1348,9,1951,1950,16245,16.8916,0.0,0,0
test0596,9,1314,1313,28346,43.4483,0.0,0,0
test0446,9,468,467,20095,22.4138,0.0,0,0
test1322,9,1891,1890,54981,173.6717,0.0,0,0
test1424,9,874,873,27393,42.9554,0.0,0,0
test0511,9,473,472,30958,52.8801,0.0,0,0
test0086,9,1214,1213,13901,11.3488,0.0,0,0
test0405,9,1179,1178,31767,58.8177,0.0,0,0
test0909,9,753,752,9257,4.9263,0.0,0,0
test1091,9,391,390,11001,7.0293,0.0,0,0
test0796,9,1930,1929,47758,131.3708,0.0,0,0
test0412,9,481,480,30531,52.4621,0.0,0,0
test0312,9,546,545,11873,7.9618,0.0,0,0
test0387,9,795,794,16518,14.7986,0.0,0,0
test0550,9,1519,1518,45091,112.1441,0.0,0,0
test1471,9,1758,1757,26331,38.5104,0.0,0,0
test0622,9,1087,1086,26636,38.6517,0.0,0,0
test1247,9,1718,1717,32250,60.2702,0.0,0,0
test0227,9,1107,1106,11601,7.8019,0.0,0,0
test0583,9,1309,1308,40178,92.9129,0.0,0,0
test0037,9,592,591,13782,10.6481,0.0,0,0
test1074,9,1639,1638,30456,52.6543,0.0,0,0
test0343,9,673,672,18438,19.4183,0.0,0,0
test0900,9,1827,1826,16764,16.3715,0.0,0,0
test0625,9,645,644,16057,14.4855,0.0,0,0
test0523,9,1001,1000,23742,32.3935,0.0,0,0
test0231,9,589,588,17702,17.4874,0.0,0,0
test0168,9,1081,1080,25598,37.6875,0.0,0,0
test0522,9,354,353,13133,9.6444,0.0,0,0
test1487,9,1598,1597,23892,32.5475,0.0,0,0
test0076,9,1839,1838,48037,130.1861,0.0,0,0
test0264,9,882,881,13826,10.4462,0.0,0,0
test1390,9,1092,1091,12032,8.0048,0.0,0,0
test0920,9,1239,1238,36900,75.8255,0.0,0,0
test0182,9,1655,1654,24600,33.6126,0.0,0,0
test1194,9,1120,1119,16003,14.146,0.0,0,0
test0641,9,1991,1990,30070,51.4871,0.0,0,0
test0775,9,917,916,22216,27.8183,0.0,0,0
test0431,9,613,612,15137,12.9191,0.0,0,0
test1179,9,1179,1178,21994,28.2021,0.0,0,0
test1163,9,1152,1151,18729,19.971,0.0,0,0
test0160,9,1097,1096,15854,14.8289,0.0,0,0
test0455,9,1392,1391,38801,88.5437,0.0,0,0
test0847,9,689,688,17361,17.5267,0.0,0,0
test0394,9,1858,1857,17449,17.6012,0.0,0,0
test1165,9,1579,1578,25173,36.2061,0.0,0,0
test0087,9,858,857,9064,4.9862,0.0,0,0
test0165,9,923,922,29878,50.0232,0.0,0,0
test0658,9,414,413,32064,57.1736,0.0,0,0
test0644,9,1474,1473,29784,51.0718,0.0,0,0
test0728,9,945,944,15470,13.975,0.0,0,0
test0408,9,519,518,16124,14.9424,0.0,0,0
test1330,9,1537,1536,17228,17.0563,0.0,0,0
test0259,9,1298,1297,24206,33.9408,0.0,0,0
test1475,9,1870,1869,35578,71.8217,0.0,0,0
test0338,9,471,470,14267,11.1473,0.0,0,0
test1238,9,1600,1599,31862,55.6098,0.0,0,0
test0001,9,1055,1054,17174,16.425,0.0,0,0
test0700,9,1652,1651,49094,131.8128,0.0,0,0
test1101,9,500,499,14562,11.6898,0.0,0,0
test0565,9,1620,1619,32363,60.5684,0.0,0,0
test0100,9,935,934,22016,27.5051,0.0,0,0
test1100,9,1147,1146,11234,7.3039,0.0,0,0
test1103,9,357,356,22377,28.0876,0.0,0,0
test0697,9,1556,1555,36382,76.0923,0.0,0,0
test0666,9,746,745,15023,12.5078,0.0,0,0
test0605,9,1784,1783,21351,26.337,0.0,0,0
test1311,9,508,507,10813,6.86,0.0,0,0
test0939,9,1008,1007,23897,32.6108,0.0,0,0
test1140,9,1074,1073,16947,16.571,0.0,0,0
test0797,9,834,833,14178,11.6445,0.0,0,0
test0425,9,939,938,30745,53.8568,0.0,0,0
test0763,9,1841,1840,32856,64.009,0.0,0,0
test1303,9,1950,1948,15905,14.8602,0.0,0,0
test1174,9,1861,1860,17108,16.9242,0.0,0,0
test0334,9,1985,1984,25832,37.8815,0.0,0,0
test0508,9,489,488,11028,7.0672,0.0,0,0
test0078,9,403,402,12308,8.683,0.0,0,0
test0719,9,1937,1936,53126,154.7216,0.0,0,0
test1013,9,1119,1118,21738,26.58,0.0,0,0
test0869,9,1501,1500,35651,69.9813,0.0,0,0
test0977,9,1592,1591,19135,21.1588,0.0,0,0
test1298,9,1019,1018,8302,4.0921,0.0,0,0
test1184,9,1899,1898,16787,16.3438,0.0,0,0
test0207,9,807,806,17765,18.3295,0.0,0,0
test1316,9,1364,1363,33441,62.756,0.0,0,0
test1187,9,1523,1522,28418,46.7737,0.0,0,0
test0806,9,1542,1541,13951,11.419,0.0,0,0
test0250,9,1002,1001,25098,36.8603,0.0,0,0
test1046,9,1162,1161,29163,48.118,0.0,0,0
test0196,9,1405,1404,13372,10.5557,0.0,0,0
test0671,9,1844,1843,13207,10.1028,0.0,0,0
test0899,9,1820,1819,19174,21.0921,0.0,0,0
test1109,9,1267,1266,23268,31.3323,0.0,0,0
test1064,9,507,506,31675,56.0731,0.0,0,0
test0167,9,1897,1896,24905,35.6559,0.0,0,0
test0896,9,1450,1449,22805,32.3708,0.0,0,0
test0845,9,1317,1316,15341,14.6258,0.0,0,0
test0677,9,760,759,15302,13.5935,0.0,0,0
test0434,9,1390,1389,9486,5.4329,0.0,0,0
test0833,9,746,745,11144,7.0642,0.0,0,0
test0767,9,1629,1628,26765,39.0351,0.0,0,0
test1325,9,1565,1564,25716,37.0372,0.0,0,0
test0636,9,1536,1535,27512,43.0339,0.0,0,0
test0009,9,1837,1836,18515,19.3496,0.0,0,0
test0768,9,797,796,11086,7.036,0.0,0,0
test0575,9,539,538,18008,17.591,0.0,0,0
test0852,9,883,882,15020,13.2129,0.0,0,0
test0279,9,1489,1488,33674,63.5889,0.0,0,0
test1032,9,1951,1950,33873,65.2947,0.0,0,0
test0942,9,1234,1233,32725,63.6444,0.0,0,0
test1375,9,542,541,12583,9.2542,0.0,0,0
test0077,9,477,476,12440,8.9633,0.0,0,0
test0646,9,1267,1266,20748,25.2411,0.0,0,0
test0518,9,1296,1295,36206,73.995,0.0,0,0
test0668,9,867,866,17517,17.5371,0.0,0,0
test0053,9,1032,1031,10964,7.0769,0.0,0,0
test0761,9,1790,1789,14722,12.5587,0.0,0,0
test0257,9,1692,1691,23646,32.1048,0.0,0,0
test0189,9,888,887,13185,10.2332,0.0,0,0
test1420,9,411,410,8423,4.2161,0.0,0,0
test0407,9,375,374,28825,46.562,0.0,0,0
test1063,9,1600,1598,14783,12.7549,0.0,0,0
test0999,9,412,411,27502,41.5798,0.0,0,0
test0204,9,727,726,9419,5.1229,0.0,0,0
test0895,9,1243,1242,19986,22.918,0.0,0,0
test0543,9,901,900,26610,38.9418,0.0,0,0
test1058,9,619,618,15503,13.4916,0.0,0,0
test1157,9,823,822,16735,16.3005,0.0,0,0
test1059,9,1455,1454,16340,14.6878,0.0,0,0
test1286,9,923,922,9652,5.2145,0.0,0,0
test0574,9,1056,1055,37944,78.0061,0.0,0,0
test1152,9,1987,1986,14364,11.2678,0.0,0,0
test0747,9,850,849,15193,12.67,0.0,0,0
test0496,9,660,659,28289,42.7589,0.0,0,0
test1498,9,589,588,27352,39.9987,0.0,0,0
test0997,9,1389,1388,22775,28.2369,0.0,0,0
test0612,9,1173,1172,20833,23.5865,0.0,0,0
test1284,9,1397,1396,42462,100.6811,0.0,0,0
test0590,9,622,621,10024,5.7952,0.0,0,0
test0881,9,1494,1493,14493,12.0893,0.0,0,0
test0440,9,648,647,8391,4.0862,0.0,0,0
test1447,9,936,935,19267,20.653,0.0,0,0
test1252,9,1824,1823,25068,36.6133,0.0,0,0
test0348,9,1759,1758,32152,59.3178,0.0,0,0
test1427,9,536,535,19839,22.1305,0.0,0,0
test0676,9,1189,1188,27170,42.4814,0.0,0,0
test0834,9,1097,1096,31624,57.7807,0.0,0,0
test0147,9,1466,1465,13887,11.1676,0.0,0,0
test0275,9,1598,1597,29593,49.7388,0.0,0,0
test0011,9,647,646,18578,19.2485,0.0,0,0
test1012,9,797,796,35074,69.9236,0.0,0,0
test0527,9,709,708,38719,82.5994,0.0,0,0
test0745,9,498,497,26487,37.1247,0.0,0,0
test1007,9,457,456,27287,39.5414,0.0,0,0
test0655,9,471,470,19800,21.1756,0.0,0,0
test0218,9,677,676,14639,11.6942,0.0,0,0
test1082,9,1228,1227,12448,9.1207,0.0,0,0
test0205,9,767,766,11239,7.0709,0.0,0,0
test0228,9,1476,1475,11538,7.6986,0.0,0,0
test1081,9,522,521,18103,18.2145,0.0,0,0
test1355,9,864,863,21938,26.5316,0.0,0,0
test0082,9,776,775,39652,88.7343,0.0,0,0
test0038,9,1488,1487,27508,43.4699,0.0,0,0
test0560,9,1485,1484,34586,68.145,0.0,0,0
test0517,9,480,479,20020,22.4213,0.0,0,0
test0492,9,1155,1154,10455,6.7228,0.0,0,0
test0378,9,514,513,10267,6.0853,0.0,0,0
test1038,9,1992,1991,39674,89.747,0.0,0,0
test0717,9,414,413,13944,11.09,0.0,0,0
test0788,9,457,456,10343,6.1582,0.0,0,0
test1134,9,751,750,12734,9.2253,0.0,0,0
test1445,9,1581,1580,43343,107.4416,0.0,0,0
test1263,9,1100,1099,20779,24.3554,0.0,0,0
test0032,9,880,879,38506,82.1628,0.0,0,0
test0065,9,413,412,15059,12.3058,0.0,0,0
test0374,9,1647,1646,34511,65.3823,0.0,0,0
test0507,9,378,377,8119,3.7638,0.0,0,0
test0924,9,1146,1145,14483,11.417,0.0,0,0
test0404,9,868,867,15340,12.9312,0.0,0,0
test0825,9,1442,1441,12291,8.266,0.0,0,0
test0483,9,383,381,6927,2.7395,0.0,0,0
test0760,9,803,802,12025,7.9377,0.0,0,0
test0601,9,729,728,36202,74.2027,0.0,0,0
test1334,9,1763,1762,12217,8.6754,0.0,0,0
test0910,9,1774,1773,16302,15.3105,0.0,0,0
test0911,9,1168,1167,31142,56.3115,0.0,0,0
test0351,9,1677,1676,30232,51.817,0.0,0,0
test1444,9,1444,1443,9107,4.8827,0.0,0,0
test1364,9,1294,1293,12651,9.4075,0.0,0,0
test0028,9,1022,1021,11639,7.7007,0.0,0,0
test1205,9,418,417,14401,11.8074,0.0,0,0
test1338,9,725,724,8148,3.909,0.0,0,0
test0868,9,1735,1734,14363,11.8001,0.0,0,0
test0992,9,766,765,12774,9.5211,0.0,0,0
test1204,9,380,379,9522,5.2937,0.0,0,0
test1208,9,1487,1486,22656,29.6974,0.0,0,0
test0319,9,1435,1434,11615,7.8391,0.0,0,0
test1191,9,1355,1354,19862,22.1323,0.0,0,0
test0315,9,1858,1857,20333,24.2527,0.0,0,0
test0630,9,942,941,35795,71.9924,0.0,0,0
test0669,9,1059,1058,10067,6.0572,0.0,0,0
test1171,9,1770,1769,27230,42.8362,0.0,0,0
test1197,9,1930,1929,32438,58.6745,0.0,0,0
test0821,9,968,967,19865,21.6779,0.0,0,0
test1053,9,1129,1128,17517,16.8956,0.0,0,0
test0735,9,915,914,28072,42.3311,0.0,0,0
test1244,9,1055,1054,27322,39.9569,0.0,0,0
test0663,9,460,459,9552,4.9793,0.0,0,0
test0552,9,1315,1314,10747,6.5732,0.0,0,0
test0533,9,780,779,20729,23.2919,0.0,0,0
test0321,9,1596,1595,26562,38.388,0.0,0,0
test0604,9,1631,1630,25254,34.4228,0.0,0,0
test0055,9,400,399,18888,19.1912,0.0,0,0
test0036,9,1942,1941,15610,13.9283,0.0,0,0
test0710,9,606,605,12175,8.4375,0.0,0,0
test0880,9,1958,1957,18273,19.2193,0.0,0,0