File,Gamma,V,T,E,TG_edges,Tnb_gmLS,G_edges,nb_gmLS
test0123,2,1385,1384,14690,15.0861,0.0309,504,316
test0695,2,553,552,28982,51.8177,0.1186,1454,793
test0720,2,1385,1384,28949,54.8749,0.0731,869,562
test1443,2,1496,1495,40347,113.4641,0.3996,1948,1321
test0958,2,1506,1505,24482,42.4418,0.0521,726,467
test0276,2,684,683,9581,5.6833,0.0086,303,192
test0803,2,1328,1326,9030,5.0962,0.0063,257,170
test1328,2,1303,1302,21538,30.7779,0.1177,1043,719
test0923,2,1931,1930,28004,54.421,0.0782,873,550
test0675,2,1128,1127,17353,21.2889,0.085,872,624
test0126,2,1769,1768,27457,53.7635,0.1966,1349,961
test0214,2,663,662,12681,9.9214,0.036,641,404
test0639,2,572,571,11963,8.8285,0.0122,403,224
test0566,2,536,535,18636,22.2411,0.0599,908,518
test1437,2,945,944,23209,35.1581,0.0466,727,467
test0217,2,1433,1432,36123,85.9859,0.101,1076,704
test1011,2,1114,1113,19106,24.1078,0.0282,572,352
test0678,2,1319,1318,23868,39.0665,0.143,1213,821
test0737,2,780,779,20300,27.9848,0.0345,687,382
test0326,2,1264,1263,32815,76.2926,0.0845,1007,609
test1243,2,1541,1540,17507,20.7355,0.0305,542,371
test0294,2,652,651,8665,4.7823,0.0066,281,169
test0931,2,646,645,18891,23.8865,0.0771,934,549
test1071,2,830,829,30045,61.021,0.1843,1478,929
test0473,2,569,568,22803,37.7256,0.0919,1131,648
test0975,2,1634,1633,15948,16.9537,0.0238,477,334
test0573,2,923,922,9010,5.1413,0.0069,276,175
test1388,2,1617,1616,23738,37.1105,0.0476,726,474
test1066,2,655,654,38196,94.663,0.2863,1982,1139
test0897,2,725,724,21569,30.2227,0.033,677,368
test0792,2,1994,1992,18669,23.1418,0.0346,565,410
test1123,2,1983,1981,29239,56.5228,0.0754,886,606
test0358,2,744,743,18186,22.188,0.0332,591,351
test0149,2,1178,1177,19840,28.8701,0.0296,585,360
test1207,2,1304,1303,39664,108.2083,0.3741,1952,1303
test1341,2,1013,1012,28009,53.1274,0.0527,843,482
test0477,2,633,632,20348,27.6286,0.0356,645,388
test0206,2,751,750,27596,51.6187,0.2471,1374,821
test0875,2,1316,1315,13595,13.6218,0.0155,408,273
test1128,2,1594,1593,33499,81.7485,0.2628,1622,1115
test0342,2,587,586,16113,19.2431,0.0187,477,286
test0336,2,1896,1895,29963,61.757,0.3364,1481,1045
test1397,2,494,493,22436,30.6435,0.0311,724,365
test1370,2,1980,1979,34806,90.0406,0.1085,1041,685
test0010,2,979,978,18820,24.153,0.0781,906,593
test1377,2,1664,1663,30231,63.4256,0.2415,1489,1045
test0219,2,1071,1070,10402,7.7088,0.0095,319,205
test1476,2,554,553,14475,14.4212,0.0606,774,471
test0266,2,1777,1776,27274,57.0812,0.0668,780,494
test1131,2,1733,1732,39110,110.9363,0.3484,1835,1264
test0289,2,1765,1764,16345,18.8946,0.0261,486,336
test0341,2,1714,1713,24148,41.501,0.1487,1192,838
test1431,2,1848,1847,34243,86.0351,0.1105,1050,702
test1423,2,680,679,14096,16.0866,0.0164,419,248
test1279,2,1732,1731,31123,85.6246,0.0917,922,630
test0178,2,1181,1180,9964,7.6563,0.0091,303,197
test0925,2,954,953,33547,78.0268,0.2175,1663,1031
test0983,2,1035,1034,19886,25.2304,0.0286,614,377
test0995,2,1464,1463,19906,24.5243,0.0332,625,414
test0538,2,999,998,13609,11.0715,0.0157,428,283
test0355,2,421,420,12110,7.843,0.0251,622,352
test0664,2,680,679,17536,17.3245,0.0631,895,548
test0146,2,1364,1363,21049,26.5467,0.0367,652,425
test0617,2,1260,1259,21657,31.8243,0.0404,679,447
test1024,2,483,482,8820,5.0895,0.0056,298,159
test1221,2,1587,1586,23057,34.3463,0.0446,700,455
test0791,2,696,695,14289,14.8683,0.0717,728,469
test0083,2,541,540,11550,9.8808,0.0102,344,196
test0843,2,1269,1268,23109,35.8464,0.0462,738,488
test1306,2,653,652,10074,5.8608,0.0068,296,176
test1327,2,1137,1136,13272,10.4115,0.0146,398,267
test1229,2,1494,1493,45725,124.4536,0.4493,2309,1515
test0194,2,1211,1210,18571,20.4969,0.03,618,375
test0971,2,778,777,8896,4.8869,0.0064,255,174
test0098,2,1620,1619,19389,22.1711,0.0859,935,644
test0186,2,1793,1792,34781,74.2746,0.2749,1686,1200
test1023,2,584,583,9937,5.7954,0.0199,499,303
test1455,2,940,939,18224,19.9853,0.0739,926,610
test0657,2,734,733,19963,23.6494,0.0284,619,362
test0353,2,393,392,30117,54.5464,0.1511,1555,792
test0595,2,1403,1402,22801,33.2827,0.1211,1148,781
test0490,2,1011,1010,29892,51.7016,0.2201,1552,1041
test0409,2,1948,1947,28661,50.6806,0.0661,890,560
test1441,2,1792,1791,19765,23.7543,0.0965,956,700
test0395,2,812,811,26638,41.8876,0.0408,797,446
test0827,2,944,943,16500,15.8768,0.057,809,538
test1052,2,1243,1242,19219,21.8263,0.0254,526,339
test0144,2,763,762,17715,19.012,0.058,855,529
test0392,2,554,553,18410,20.6763,0.0207,575,301
test0539,2,1374,1373,23122,32.5101,0.0466,693,461
test0734,2,989,988,10150,6.2058,0.0087,313,206
test0360,2,1021,1020,12037,8.8736,0.0117,385,237
test0114,2,614,613,11428,7.9328,0.0095,379,206
test0116,2,1685,1684,20836,26.4774,0.1108,1030,721
test0932,2,1322,1321,22062,29.7096,0.1037,1051,738
test0376,2,380,379,18343,18.8817,0.0202,607,285
test0631,2,1996,1995,19183,21.7378,0.0339,576,404
test0628,2,988,987,15845,15.7667,0.0544,784,518
test1116,2,648,647,29642,51.1967,0.164,1541,902
test0470,2,1399,1398,25113,36.8743,0.0489,759,495
test1417,2,1134,1133,29207,50.5382,0.0636,929,566
test0015,2,971,970,13457,10.9981,0.0435,652,433
test1478,2,1249,1248,14273,12.5948,0.0498,733,499
test0210,2,421,420,15352,13.9548,0.0427,774,460
test0793,2,470,469,9745,5.9104,0.0166,468,277
test0632,2,1384,1383,29062,51.0149,0.1863,1439,971
test0839,2,781,780,22499,29.8793,0.0348,703,401
test0784,2,1042,1041,16588,16.3613,0.0244,517,330
test0553,2,883,882,10537,6.6927,0.0088,319,195
test1282,2,1884,1883,17388,18.4906,0.0249,483,342
test0965,2,1063,1062,8921,4.8171,0.0068,253,176
test0744,2,908,907,12833,9.4962,0.0397,640,427
test0984,2,1915,1914,29027,54.4584,0.2345,1492,1075
test0384,2,1313,1312,13159,10.3764,0.0395,649,433
test1440,2,989,988,22162,31.1321,0.1102,1105,710
test0420,2,492,491,9368,6.1985,0.0196,474,292
test0283,2,821,820,38411,92.0851,0.2537,1896,1120
test1201,2,689,688,17577,18.0465,0.0565,857,531
test1078,2,399,398,26868,41.7432,0.1152,1436,716
test0627,2,1681,1679,11063,7.29,0.0115,331,239
test1368,2,617,616,30832,54.0069,0.1573,1571,864
test1016,2,1068,1067,19332,21.5998,0.087,1061,662
test1332,2,1436,1435,14304,11.9897,0.0184,431,296
test0822,2,1269,1268,16328,15.7353,0.0659,835,572
test0166,2,1382,1381,14523,12.6838,0.046,692,485
test0724,2,790,789,17969,18.9341,0.0207,516,316
test1280,2,1706,1705,23382,31.5715,0.1455,1218,858
test0184,2,1859,1858,33350,66.3378,0.0822,990,650
test0246,2,448,447,11185,7.3302,0.0225,562,336
test0429,2,919,918,27685,45.4355,0.0575,869,540
test0996,2,910,909,11190,7.4372,0.0097,349,214
test0212,2,830,829,35299,70.6166,0.2328,1796,1082
test0672,2,1578,1577,36126,76.1354,0.2932,1797,1235
test0422,2,972,971,25273,37.1624,0.0487,833,493
test0548,2,1810,1809,38263,88.7029,0.3421,1916,1292
test1039,2,1198,1197,37954,85.9195,0.2836,1874,1212
test1014,2,1625,1624,22339,30.5957,0.0405,681,455
test1004,2,1211,1210,20433,25.0825,0.0844,977,648
test1056,2,1571,1570,12422,9.3199,0.0124,365,253
test1356,2,646,645,13763,11.2029,0.0147,467,257
test0651,2,1101,1100,32106,62.5835,0.2419,1593,1009
test1084,2,1920,1919,33589,74.0883,0.1039,1045,714
test0379,2,817,816,12396,9.7867,0.0105,369,224
test0870,2,1688,1687,23187,33.2966,0.0344,652,408
test1214,2,1262,1261,27921,46.3584,0.1572,1337,907
test1312,2,1305,1304,26113,42.7375,0.0571,821,538
test0309,2,1236,1235,31201,59.05,0.215,1534,1024
test1404,2,1292,1291,33846,70.2758,0.2463,1589,1047
test1055,2,1315,1314,22066,31.1674,0.0908,1004,694
test0785,2,1325,1324,21184,27.5479,0.0356,659,405
test1408,2,1663,1662,20079,24.1272,0.1018,1028,721
test0241,2,784,783,35808,79.4449,0.2293,1763,1040
test0054,2,1726,1725,31035,60.9529,0.2441,1495,1045
test0104,2,695,694,36290,76.7632,0.2224,1805,1055
test1112,2,570,569,13262,10.5231,0.0134,437,236
test1352,2,1959,1958,24285,37.8573,0.0491,715,491
test0249,2,1892,1891,30437,58.346,0.2034,1444,1045
test1418,2,672,671,18099,19.3351,0.0199,543,311
test0722,2,1477,1476,28867,50.7813,0.0642,885,569
test0080,2,1993,1992,15360,15.1195,0.0209,439,322
test1493,2,1858,1857,32839,71.0902,0.2412,1597,1099
test0310,2,387,386,19537,23.5386,0.058,994,526
test0815,2,1880,1879,37915,88.4164,0.3157,1840,1292
test1421,2,1481,1480,21493,28.5824,0.1116,1157,766
test0624,2,1922,1921,12556,10.5258,0.0122,363,245
test0670,2,525,524,12821,10.3873,0.0297,632,382
test0255,2,1186,1185,30201,54.5121,0.061,955,569
test0705,2,904,903,13636,10.5028,0.0137,426,268
test0643,2,1322,1321,37706,79.4811,0.2675,1781,1205
test0842,2,940,939,28536,46.266,0.0615,932,563
test1490,2,1577,1576,24609,33.5033,0.0469,765,503
test0406,2,877,876,11904,7.8182,0.0296,599,390
test1393,2,1307,1306,42700,99.667,0.3388,2058,1363
test0577,2,1184,1183,15766,13.9443,0.0517,740,519
test1432,2,1681,1680,24815,34.1543,0.126,1182,815
test0688,2,438,437,17552,16.9238,0.0176,546,292
test0041,2,1019,1018,16995,15.9557,0.0193,504,312
test1295,2,489,488,8742,4.3855,0.0052,277,157
test0307,2,1472,1471,41133,92.6894,0.3348,1997,1354
test1351,2,1529,1528,19421,20.6071,0.0795,938,662
test1254,2,1533,1532,20184,22.6689,0.0274,577,380
test0117,2,1103,1102,23753,31.9694,0.0387,738,450
test1029,2,772,771,12061,8.2455,0.0091,352,211
test0393,2,1358,1357,9390,5.1783,0.007,264,191
test0245,2,727,726,15939,14.0279,0.048,789,502
test0191,2,1810,1809,18449,18.9712,0.0785,905,656
test1290,2,706,705,23473,29.9614,0.0862,1149,660
test1159,2,431,430,10192,5.7994,0.0061,310,173
test1271,2,780,779,26364,38.0557,0.0427,818,461
test0838,2,968,967,31080,53.2423,0.1659,1523,935
test1496,2,1342,1341,30667,51.5397,0.0695,975,601
test0052,2,729,728,8777,4.4965,0.006,260,175
test0221,2,1168,1167,19898,21.9635,0.0898,1008,699
test0810,2,1770,1769,35660,70.2292,0.0837,1015,672
test1141,2,625,624,24518,32.8818,0.036,772,425
test0236,2,597,596,16327,14.7741,0.0463,838,486
test0580,2,398,397,9105,4.5979,0.0143,485,263
test0635,2,615,614,18656,18.9453,0.0192,590,298
test0031,2,1227,1226,27906,42.9647,0.0509,828,513
test0929,2,1737,1736,18767,19.9308,0.0316,572,404
test1326,2,1888,1887,15608,13.6624,0.0201,457,331
test1349,2,1870,1869,21903,27.0998,0.1069,1094,762
test1489,2,1953,1952,37862,80.1923,0.2954,1859,1264
test1366,2,992,991,13106,9.6407,0.014,441,264
test1400,2,1950,1949,32639,60.0016,0.2364,1637,1130
test0727,2,1434,1433,28499,45.5475,0.0584,856,546
test0131,2,982,981,31136,52.6203,0.1901,1568,1003
test0988,2,1113,1112,29209,47.6996,0.1604,1432,905
test0198,2,1447,1446,28141,45.9278,0.0566,862,532
test1429,2,1023,1021,9322,5.078,0.009,332,210
test0110,2,432,431,12668,9.0526,0.0108,424,219
test1025,2,1403,1402,39595,88.7991,0.331,1967,1349
test0022,2,1755,1754,11334,7.3176,0.0127,366,260
test0615,2,1858,1857,34131,65.1046,0.2672,1689,1189
test0716,2,1417,1416,20925,24.864,0.0848,1001,678
test0766,2,1484,1483,10725,6.5339,0.009,311,219
test0498,2,1646,1645,18802,20.1127,0.0294,579,389
test1230,2,1298,1297,47061,121.2849,0.4279,2280,1520
test0143,2,1858,1857,30890,54.0378,0.1932,1483,1015
test0192,2,1472,1471,10198,6.0435,0.007,273,190
test0096,2,1580,1579,12690,9.2882,0.0138,392,268
test0691,2,556,555,19353,20.8116,0.0239,628,338
test0159,2,1988,1987,27864,44.0636,0.0496,783,515
test0882,2,1014,1013,33049,58.7979,0.2017,1674,1053
test0023,2,1333,1332,32267,55.3945,0.0732,1015,623
test0561,2,1793,1792,19220,20.1493,0.0831,942,676
test0947,2,1260,1259,25320,35.0855,0.0427,754,477
test0755,2,510,509,10068,5.7677,0.0078,342,198
test0390,2,411,410,14609,11.37,0.0392,819,436
test0901,2,1278,1277,17835,17.0625,0.0627,862,581
test0190,2,998,997,21692,25.688,0.0299,654,388
test0633,2,1766,1765,20226,22.8012,0.0885,976,689
test1168,2,1639,1638,44135,111.1068,0.4097,2204,1498
test0450,2,366,365,9988,5.8406,0.0161,488,278
test1385,2,1103,1102,26313,39.1751,0.0491,809,507
test0088,2,1266,1265,30866,53.1944,0.1738,1455,964
test0953,2,1730,1729,19427,21.0239,0.0316,585,397
test0318,2,1776,1775,22954,30.6582,0.0399,675,457
test1450,2,559,558,20257,23.6968,0.0274,662,367
test0129,2,1088,1087,28515,44.3855,0.0546,864,537
test1097,2,1716,1715,20243,23.2487,0.0308,611,407
test1096,2,1138,1137,15184,13.1719,0.0462,714,488
test1198,2,751,750,29382,46.4261,0.1407,1446,837
test1047,2,1239,1238,19613,21.498,0.0255,555,361
test1035,2,463,462,14362,11.6475,0.0333,705,406
test0841,2,682,681,10221,5.9355,0.0071,301,186
test1283,2,665,664,20271,23.2735,0.0274,650,370
test1384,2,1251,1250,12050,8.3015,0.0294,598,388
test0472,2,1981,1980,25581,36.5528,0.1373,1269,859
test0414,2,796,795,32305,57.8323,0.1805,1594,981
test0823,2,1697,1696,49862,135.7862,0.4789,2407,1614
test1080,2,953,952,10042,5.7787,0.0075,292,193
test0861,2,1195,1194,16032,14.2877,0.0171,483,287
test0885,2,1546,1545,17684,18.0358,0.0256,526,369
test1288,2,1396,1395,44155,105.6495,0.3655,2217,1429
test0949,2,1005,1004,38531,79.6688,0.2342,1822,1131
test0859,2,1841,1840,19427,20.5501,0.0306,637,407
test0673,2,733,732,27345,40.0938,0.046,881,486
test0941,2,1464,1463,10879,6.7944,0.0093,305,218
test1245,2,1394,1393,27698,41.659,0.1439,1306,882
test0224,2,1295,1294,18507,19.6377,0.0221,514,337
test0777,2,1753,1752,24169,33.0431,0.0423,725,473
test0660,2,800,799,27777,43.145,0.0503,878,509
test0525,2,1143,1142,38644,80.6095,0.2933,1951,1251
test0314,2,1750,1749,40422,90.5072,0.3368,1990,1346
test0919,2,1646,1645,35860,72.8593,0.1045,1108,749
test0520,2,1344,1343,11491,7.5776,0.01,335,223
test0771,2,536,535,19563,20.8185,0.0619,1036,548
test0067,2,1846,1845,33431,63.1197,0.2612,1638,1175
test1269,2,993,992,29120,46.1099,0.1429,1393,884
test0258,2,1802,1801,34673,67.4369,0.0844,1035,668
test0752,2,376,375,12932,9.5129,0.0237,645,330
test0884,2,1849,1848,19859,21.875,0.0883,979,688
test0361,2,433,432,27809,43.1883,0.1262,1434,787
test0743,2,1871,1870,38712,81.9543,0.3106,1877,1329
test1236,2,1040,1039,11063,6.8563,0.0104,346,229
test1403,2,1068,1067,10540,6.1991,0.0082,355,196
test0235,2,1639,1638,47602,118.313,0.434,2311,1569
test0402,2,940,939,10167,5.8517,0.0081,313,203
test1257,2,786,785,19164,19.6257,0.0207,590,328
test1362,2,591,590,20596,23.522,0.0745,1028,609
test0951,2,536,535,34690,64.9234,0.1826,1705,952
test0902,2,1857,1856,21731,26.6668,0.1166,1107,784
test1470,2,1763,1762,18857,20.2531,0.0289,571,391
test1463,2,1933,1932,27565,42.6879,0.1833,1382,1003
test1177,2,1050,1049,9638,5.3376,0.0069,287,183
test0303,2,882,881,22093,26.8006,0.0299,654,395
test1383,2,358,357,18416,18.9179,0.0194,589,300
test0177,2,600,599,10347,6.1966,0.007,313,189
test0026,2,995,994,38898,82.8873,0.2754,1946,1217
test0529,2,1686,1685,54536,162.1253,0.6365,2722,1872
test0702,2,1888,1887,17737,17.8822,0.0277,556,389
test1022,2,1652,1651,34778,68.025,0.0856,1059,686
test0367,2,1861,1860,18420,19.7453,0.0304,597,383
test1323,2,1752,1751,48092,129.4003,0.4623,2311,1606
test0970,2,592,591,33402,60.2829,0.179,1651,976
test0175,2,973,972,40603,89.9998,0.282,1958,1231
test0436,2,1906,1905,21756,27.5194,0.0389,653,458
test0381,2,1309,1308,10000,5.8073,0.0102,339,228
test0299,2,1630,1629,11762,8.0102,0.014,380,272
test0708,2,940,939,11994,8.348,0.0086,328,209
test0856,2,1359,1358,46537,117.7758,0.4043,2303,1514
test1195,2,639,638,25697,34.9529,0.1137,1300,795
test0740,2,633,632,22836,27.8915,0.0327,720,414
test0085,2,1358,1357,17532,16.9391,0.0275,600,379
test1343,2,1776,1775,12506,8.9803,0.0117,360,250
test1237,2,715,714,25316,35.9723,0.1213,1301,807
test0330,2,1496,1495,33139,60.4211,0.0799,1038,646
test0698,2,759,758,11648,7.8051,0.0101,366,224
test1302,2,351,350,6654,2.5765,0.0029,212,119
test1287,2,828,827,24963,33.4237,0.042,778,457
test0139,2,1918,1917,22152,27.5632,0.0389,677,451
test1422,2,1051,1050,19902,22.0477,0.0806,965,645
test1130,2,900,899,39401,85.3135,0.2456,1871,1153
test1161,2,429,428,10543,6.3607,0.0207,541,327
test0976,2,1032,1031,12454,8.5839,0.0138,430,259
test0439,2,1240,1239,46216,116.3731,0.4068,2307,1490
test0403,2,1713,1712,21310,25.7044,0.0325,617,411
test1031,2,775,774,20116,22.1301,0.0282,671,369
test0713,2,551,550,19326,21.0034,0.0217,609,324
test0072,2,1588,1587,34522,65.8395,0.2542,1741,1184
test1167,2,1127,1126,28278,44.1702,0.0543,857,540
test0510,2,461,460,15953,13.8027,0.0393,797,442
test1481,2,1653,1652,20883,24.3059,0.0369,680,436
test0774,2,1688,1687,27380,41.2241,0.0531,826,540
test0749,2,1856,1855,18306,18.3724,0.0878,968,689
test0134,2,1313,1312,24912,34.2371,0.041,716,478
test0836,2,862,861,25215,33.6652,0.1208,1296,818
test0284,2,403,402,18182,17.3129,0.0167,543,284
test0103,2,1916,1915,32018,55.0425,0.0747,964,642
test0547,2,547,546,22129,26.0877,0.0296,743,375
test0974,2,1899,1898,31785,55.319,0.0766,939,626
test0515,2,414,413,17060,15.9362,0.0487,913,480
test0357,2,1015,1014,41048,91.4333,0.2807,1994,1228
test1342,2,878,877,16618,15.2594,0.0189,509,305
test0840,2,471,470,9792,5.3661,0.0216,541,334
test1172,2,1217,1216,13477,9.9008,0.0362,643,447
test0297,2,1130,1129,19415,20.9263,0.0654,903,594
test1460,2,1173,1172,26701,38.6103,0.1406,1335,877
test1304,2,691,690,16187,14.3725,0.0168,509,284
test0092,2,1654,1653,15982,14.3399,0.0188,454,316
test1454,2,403,402,9361,5.1885,0.0161,483,286
test1451,2,1903,1902,25477,36.9021,0.0688,798,536
test0008,2,682,681,11886,8.098,0.0094,367,219
test0471,2,1736,1735,43720,106.8596,0.4032,2137,1499
test1465,2,1568,1567,25954,37.6269,0.0503,805,524
test0333,2,864,863,17243,16.4144,0.0612,875,550
test0018,2,818,817,11949,8.0355,0.0286,577,390
test1005,2,619,618,12328,8.6003,0.0101,362,226
test1378,2,1361,1360,21728,26.1325,0.0431,710,471
test1333,2,1605,1604,20398,23.7967,0.0313,588,414
test1305,2,1290,1289,27209,41.5808,0.0456,836,483
test1222,2,1727,1726,33757,64.2523,0.0805,1043,654
test1006,2,1752,1751,27643,43.939,0.0557,856,548
test0994,2,1091,1090,17737,16.7055,0.0595,865,576
test0469,2,1883,1882,19256,20.0602,0.0771,891,655
test1145,2,1989,1988,11611,7.6992,0.0128,360,260
test0758,2,607,606,23034,27.537,0.0863,1180,692
test0687,2,834,833,16128,14.2659,0.0156,478,284
test0864,2,1193,1192,41157,90.8245,0.3048,2013,1294
test1477,2,578,577,13734,10.2745,0.0331,666,423
test0972,2,1005,1004,33180,60.4381,0.2162,1726,1067
test0987,2,1114,1113,38197,80.1975,0.2736,1854,1222
test1008,2,1362,1361,25554,36.3278,0.1359,1276,857
test0215,2,784,783,23283,29.5315,0.0993,1151,721
test1313,2,1744,1743,33958,64.3093,0.2244,1623,1106
test0445,2,1266,1265,23565,31.5016,0.0389,690,457
test0291,2,1270,1269,22173,27.5943,0.0954,1081,724
test0619,2,1819,1818,25452,36.3287,0.0529,800,531
test0386,2,1213,1212,43116,103.4653,0.3331,2088,1339
test1043,2,615,614,9923,5.5865,0.0078,335,191
test0690,2,1215,1214,35930,72.4475,0.2305,1724,1108
test0946,2,1206,1205,11249,7.3535,0.0101,345,227
test1253,2,918,917,15369,12.9138,0.0474,753,498
test0606,2,1910,1909,49994,140.9461,0.5737,2519,1769
test0185,2,714,713,15270,13.1395,0.015,466,266
test0195,2,1418,1417,20981,24.7391,0.0321,610,405
test0930,2,544,543,16162,14.765,0.0147,462,267
test0375,2,945,944,16733,15.6586,0.0201,497,326
test1166,2,443,442,10965,6.7867,0.0072,321,185
test0935,2,1447,1446,28834,45.6065,0.1596,1357,940
test1118,2,1011,1010,16890,15.5531,0.0158,487,284
test1136,2,1582,1581,24193,31.1966,0.041,733,467
test0005,2,1960,1959,30742,51.1273,0.1878,1456,1033
test0779,2,470,469,12102,8.2449,0.01,396,220
test1175,2,820,819,17744,16.8345,0.0206,552,328
test0453,2,1666,1665,29273,46.1051,0.1691,1436,964
test1107,2,715,714,21856,26.0105,0.0816,1052,639
test0555,2,1064,1063,17424,16.8232,0.0568,811,538
test0211,2,1550,1549,27591,43.5633,0.1527,1325,907
test0584,2,1252,1251,21870,26.8627,0.0859,1044,675
test0461,2,1735,1734,21985,27.4754,0.1096,1100,774
test0240,2,905,904,39144,83.2469,0.285,1994,1232
test1297,2,1695,1694,46573,121.1648,0.4185,2212,1506
test0969,2,1473,1472,47599,125.512,0.4512,2371,1566
test0849,2,553,552,24846,33.8121,0.0352,795,415
test0831,2,1319,1318,28041,43.909,0.0476,799,495
test0804,2,1242,1241,35688,70.0409,0.2418,1702,1140
test0694,2,1522,1521,21174,25.2279,0.0801,971,661
test0099,2,786,785,32236,57.6285,0.1728,1576,952
test0723,2,1501,1500,20885,25.6126,0.1214,1089,738
test0571,2,1017,1016,22029,27.9168,0.0359,689,435
test1142,2,1454,1453,28432,45.5671,0.0538,834,542
test0464,2,835,834,35702,67.9654,0.2308,1861,1126
test0208,2,924,923,10899,6.6821,0.0103,331,215
test1068,2,1475,1474,12020,7.9779,0.0108,367,240
test1472,2,428,427,17570,16.2448,0.0463,874,489
test0347,2,699,698,22337,27.8436,0.0305,736,385
test0956,2,1282,1281,26551,38.6399,0.0492,789,523
test0618,2,1030,1029,11023,6.8523,0.0092,340,220
test0860,2,1860,1859,47153,121.0546,0.4532,2285,1587
test0193,2,948,947,20036,21.8613,0.0806,1040,646
test1497,2,1752,1751,18559,19.5935,0.0867,950,676
test1218,2,753,752,16910,16.127,0.02,516,322
test1026,2,400,399,7421,3.1734,0.004,240,137
test1072,2,1663,1662,34942,66.6027,0.2229,1604,1107
test1379,2,476,475,21969,26.1449,0.0251,698,342
test1395,2,409,408,14124,10.6409,0.0305,696,386
test0332,2,1115,1114,35115,67.0097,0.2439,1773,1134
test0986,2,497,496,20978,24.4792,0.0294,685,376
test0629,2,1565,1564,20798,23.3071,0.1022,1028,750
test1242,2,1403,1402,16864,16.071,0.0546,797,540
test1249,2,1734,1733,36775,76.3577,0.2688,1748,1224
test0199,2,1420,1419,34027,62.772,0.2207,1651,1101
test0609,2,1087,1086,13797,10.5411,0.0359,651,435
test1308,2,1351,1350,42006,95.7464,0.3334,2070,1374
test0411,2,766,765,13091,9.091,0.0107,392,239
test0681,2,574,573,28200,40.8194,0.1381,1461,859
test0180,2,1787,1786,13599,10.3487,0.0146,426,280
test0400,2,1019,1018,24442,32.4087,0.1134,1229,790
test0826,2,696,695,8100,3.6762,0.0062,285,177
test1410,2,712,711,11665,7.1997,0.0289,618,394
test0586,2,1765,1764,18587,19.0154,0.0255,555,373
test1178,2,1259,1258,37999,75.9702,0.2779,1891,1228
test1363,2,517,516,17450,16.3309,0.0487,861,500
test1373,2,369,368,24668,32.4935,0.096,1263,679
test0173,2,795,794,13501,10.1598,0.0363,672,440
test1049,2,1828,1827,38952,85.5439,0.1159,1198,782
test0121,2,819,818,11366,7.2726,0.0104,395,219
test1125,2,990,989,13125,9.4724,0.0383,688,450
test0979,2,749,748,28006,42.0157,0.1357,1358,839
test0285,2,1725,1724,33738,63.1205,0.2454,1653,1166
test0922,2,1149,1148,15247,13.1369,0.0185,473,306
test1361,2,1258,1257,16047,14.5745,0.02,494,326
test1162,2,874,873,26220,38.0191,0.0465,839,487
test0474,2,1410,1409,23766,30.6133,0.1202,1189,798
test0991,2,1702,1701,25611,35.7088,0.1327,1239,843
test0441,2,1671,1670,31681,55.5032,0.2117,1554,1073
test0062,2,808,807,21303,24.6267,0.0855,1065,667
test0295,2,783,782,14530,11.7871,0.013,437,255
test0769,2,935,934,19838,21.9703,0.0768,1028,642
test0372,2,1375,1374,27136,41.4176,0.1602,1365,915
test0419,2,366,365,9988,5.5051,0.0179,518,302
test1468,2,1278,1277,24592,32.6813,0.122,1263,817
test0738,2,1220,1219,10416,6.1216,0.0078,324,204
test0277,2,1324,1323,25996,35.1777,0.1407,1322,887
test1126,2,1976,1975,19621,20.5848,0.0884,977,701
test0798,2,645,644,23952,30.9251,0.0326,748,401
test0497,2,1612,1611,13572,9.9287,0.0135,383,272
test0369,2,1276,1275,29615,46.489,0.1638,1451,945
test1464,2,872,871,26763,37.6418,0.132,1354,842
test0263,2,698,697,28535,42.075,0.145,1434,878
test0313,2,1097,1096,18327,18.9775,0.067,896,606
test0090,2,1347,1346,48260,128.235,0.4432,2350,1555
test0415,2,1728,1727,32281,57.1388,0.2221,1585,1099
test0541,2,621,620,14883,12.3117,0.043,769,478
test0418,2,1649,1648,18513,19.1818,0.0825,945,660
test0532,2,853,852,37244,75.5441,0.2599,1909,1191
test0534,2,1003,1002,13098,9.729,0.0337,638,423
test0513,2,1994,1993,24449,33.4431,0.0523,765,518
test0033,2,1199,1198,31320,53.3886,0.1856,1541,1006
test1018,2,733,732,24919,33.9572,0.0399,789,446
test0363,2,673,672,9901,5.8248,0.0077,319,197
test0898,2,1232,1231,16419,14.763,0.0581,807,550
test1347,2,1627,1626,30819,52.9702,0.0712,939,612
test1090,2,581,580,28129,43.1514,0.1333,1474,830
test0557,2,1677,1676,44258,105.8648,0.3766,2204,1449
test1459,2,1420,1419,16427,14.9662,0.0202,515,321
test0572,2,1418,1417,44423,103.3465,0.369,2187,1445
test0526,2,413,412,6834,2.6101,0.0033,216,119
test0957,2,1978,1977,13561,9.9644,0.0154,435,289
test0122,2,1297,1296,24635,34.0654,0.0464,773,494
test1485,2,889,888,29070,47.0469,0.0578,943,542
test0481,2,1037,1036,30062,48.6981,0.1697,1510,948
test1274,2,1837,1836,35357,70.1536,0.2776,1734,1222
test0757,2,514,513,13975,10.689,0.0147,449,272
test0373,2,1866,1865,26092,37.5245,0.0571,783,547
test1240,2,1669,1668,20348,22.7394,0.0846,1005,683
test0454,2,1921,1920,43009,103.9637,0.4258,2187,1528
test0093,2,720,719,26224,37.9766,0.1156,1286,779
test1036,2,1793,1792,26606,39.4911,0.1667,1352,932
test1412,2,430,429,28757,43.3413,0.1285,1524,793
test0795,2,1908,1907,15840,13.9924,0.05,723,523
test0089,2,1676,1675,33806,64.1774,0.0921,1068,714
test0128,2,511,510,12580,8.3402,0.0095,377,220
test0805,2,1319,1318,12043,7.9812,0.0116,358,254
test0893,2,576,575,8488,4.1159,0.0045,258,147
test0610,2,1227,1226,19224,19.4432,0.0273,598,387
test0271,2,369,368,12888,8.9383,0.0099,409,212
test1000,2,665,664,9198,4.7792,0.0063,288,178
test0961,2,750,749,19804,20.5292,0.0241,609,359
test0679,2,1825,1824,52464,145.0597,0.5142,2519,1721
test0866,2,627,626,20844,22.9702,0.0711,1039,610
test0447,2,377,376,19354,21.5089,0.0604,1006,558
test0265,2,1052,1051,36021,75.0987,0.2379,1757,1130
test0711,2,778,777,8487,4.3363,0.0061,272,174
test0493,2,1674,1673,22750,29.2451,0.0376,701,454
test0029,2,1199,1198,16651,15.8654,0.0577,800,556
test0101,2,382,381,9269,5.0158,0.0149,477,265
test1276,2,1102,1101,29472,47.134,0.0578,898,541
test1192,2,1551,1550,25548,36.9431,0.1276,1223,838
test1360,2,1287,1286,26934,39.6391,0.0536,840,528
test0818,2,1487,1486,17585,17.0385,0.022,522,341
test0216,2,1538,1537,18619,20.1689,0.0245,535,359
test0350,2,1124,1123,13959,11.0228,0.0143,436,262
test1435,2,700,699,24333,32.846,0.0347,743,427
test1309,2,1354,1353,30505,52.2786,0.0687,957,588
test0659,2,808,807,11171,7.1054,0.0267,560,372
test1153,2,439,438,16732,15.3453,0.0444,848,460
test1320,2,1106,1105,23884,31.9236,0.1117,1161,762
test0288,2,1676,1675,27540,42.9696,0.1594,1347,933
test0428,2,980,979,34632,68.4913,0.2657,1755,1106
test1180,2,954,953,27042,41.3236,0.1469,1408,880
test1339,2,1243,1242,29359,46.5758,0.1697,1433,964
test0585,2,1591,1590,43191,97.1113,0.3656,2166,1437
test1436,2,1855,1854,19593,21.249,0.0794,976,675
test1294,2,1932,1931,12065,8.3727,0.0107,342,236
test1289,2,1353,1352,14630,11.6554,0.0432,736,485
test0960,2,1182,1181,15587,13.7844,0.0167,479,289
test0247,2,494,493,8663,4.2359,0.0056,261,164
test0948,2,1336,1335,22656,27.2037,0.0397,710,459
test0202,2,748,747,12023,8.2475,0.0096,394,221
test0397,2,1166,1165,25741,35.052,0.0455,817,491
test0388,2,553,552,10352,5.7911,0.0071,307,191
test1054,2,1523,1522,26433,38.8282,0.1555,1309,914
test0069,2,427,426,20469,23.258,0.0268,681,335
test1170,2,587,586,17455,17.2526,0.0169,519,284
test0475,2,1825,1824,42084,98.913,0.3604,2059,1407
test1110,2,1549,1548,32784,59.0,0.2099,1548,1066
test1300,2,723,722,17448,16.7567,0.0634,894,569
test0576,2,1561,1560,14884,12.7217,0.0469,721,497
test0007,2,1992,1991,16656,16.2635,0.0297,549,391
test0004,2,553,552,9550,5.5249,0.0071,309,182
test0024,2,1651,1650,35857,70.9722,0.1069,1129,765
test0904,2,510,509,22641,28.4684,0.029,736,357
test0234,2,1366,1365,27662,43.2229,0.0485,809,521
test0035,2,952,951,8746,4.4151,0.0059,267,173
test1065,2,818,817,16370,14.8094,0.019,508,318
test1398,2,1314,1313,30885,52.1454,0.0702,978,612
test1462,2,437,436,10576,6.153,0.0068,346,177
test0726,2,1110,1109,23464,28.9208,0.0461,763,492
test0794,2,1308,1307,21222,23.9679,0.0904,1056,710
test1117,2,1504,1503,11712,7.5685,0.0109,346,238
test0906,2,1166,1165,24106,31.8716,0.0387,746,449
test1070,2,1302,1301,20901,23.584,0.0267,603,377
test0488,2,897,896,15172,12.3206,0.0491,776,504
test0157,2,813,812,16959,15.5893,0.0177,500,304
test0689,2,1812,1811,36433,71.2056,0.0992,1085,717
test1144,2,420,419,8348,4.2269,0.0038,236,133
test0345,2,1243,1242,37079,75.8754,0.2917,1872,1255
test1401,2,1563,1562,32141,58.5689,0.0741,970,624
test0661,2,1864,1863,18272,18.7377,0.0676,848,602
test0225,2,685,684,15569,13.4869,0.0141,449,265
test0608,2,1439,1438,30936,53.7521,0.0637,934,575
test0649,2,883,882,16092,14.4481,0.0533,813,530
test0091,2,542,541,17266,16.5434,0.0183,538,301
test0413,2,1821,1820,10080,5.8667,0.0088,316,212
test1483,2,1280,1279,20536,23.2695,0.0366,668,438
test0973,2,638,637,24331,32.6236,0.1053,1214,730
test1083,2,757,756,37710,76.1923,0.2582,1868,1161
test0546,2,678,677,14658,11.9303,0.0364,710,435
test1200,2,752,751,17383,16.8056,0.0507,875,510
test1040,2,595,594,18191,18.1664,0.0238,609,332
test1479,2,725,724,15646,13.6507,0.0448,744,492
test0858,2,1590,1589,26745,38.4595,0.0535,821,540
test0927,2,1677,1676,23741,30.9215,0.0439,754,486
test0170,2,1821,1820,29708,47.2712,0.0669,907,614
test1381,2,863,862,18330,18.5139,0.0212,567,328
test0940,2,971,970,27418,40.192,0.1373,1357,868
test0014,2,1272,1271,20479,22.8666,0.0306,619,405
test1458,2,387,386,13567,9.9306,0.03,709,393
test1087,2,1000,999,19563,20.0075,0.0743,1002,628
test0317,2,1163,1162,19084,19.836,0.0704,956,622
test0863,2,1195,1194,29166,47.1752,0.0631,927,577
test1164,2,635,634,30130,49.6967,0.1522,1513,884
test1108,2,1060,1059,26179,38.94,0.0444,776,476
test0874,2,1399,1398,32343,58.3133,0.2133,1587,1068
test1062,2,561,560,10192,6.0761,0.0084,320,192
test0197,2,380,379,18239,18.7172,0.0154,545,263
test0401,2,674,673,11285,7.1661,0.024,562,359
test1371,2,915,914,19416,21.3597,0.0723,987,622
test0714,2,883,882,19812,22.1548,0.0746,996,625
test1262,2,1639,1638,31843,56.5862,0.1952,1547,1003
test0890,2,1583,1582,12844,9.4106,0.0125,358,264
test1228,2,1228,1227,44361,108.3617,0.3714,2127,1371
test0200,2,1367,1366,16333,15.4103,0.0177,478,304
test0449,2,657,656,16036,14.0742,0.0468,803,476
test0701,2,356,355,18092,18.212,0.0173,560,277
test0982,2,974,973,16581,15.8289,0.0206,515,324
test1190,2,1607,1606,22829,29.2501,0.0395,709,456
test1206,2,872,871,38387,76.9767,0.2324,1905,1125
test0712,2,649,648,10366,6.3025,0.0088,343,205
test1045,2,1254,1253,14432,11.6693,0.0179,456,304
test0756,2,957,956,9124,4.7264,0.007,295,191
test0554,2,400,399,18896,19.3977,0.021,622,315
test1345,2,894,893,25154,33.5295,0.0399,772,460
test1027,2,891,890,30167,48.304,0.1687,1540,955
test0248,2,1301,1300,15569,13.3527,0.0217,531,341
test0286,2,1455,1454,32708,57.9183,0.2184,1663,1078
test1256,2,838,837,38669,82.3238,0.2529,1907,1153
test0801,2,861,860,21219,24.83,0.0796,1045,653
test1146,2,1304,1303,20944,24.544,0.0298,601,387
test0293,2,781,780,17773,17.5347,0.063,906,586
test1156,2,922,921,24738,34.6145,0.117,1195,785
test0451,2,915,914,11711,8.0077,0.0096,345,220
test0623,2,1950,1949,33468,62.8598,0.2259,1592,1113
test0754,2,1762,1761,33314,63.4942,0.0877,1010,673
test0238,2,430,429,6720,2.6034,0.0031,216,117
test1211,2,1034,1033,21017,24.4212,0.0329,658,408
test0016,2,665,664,23892,31.2228,0.1037,1193,732
test1392,2,1702,1701,12762,9.2152,0.0116,357,238
test0966,2,809,808,10494,6.2451,0.0072,321,183
test0581,2,1956,1955,35201,69.6975,0.097,1061,709
test1307,2,1816,1815,31369,55.5372,0.066,937,603
test1139,2,985,984,37083,72.6309,0.2553,1911,1181
test0377,2,1069,1068,15193,12.9231,0.0156,451,283
test0667,2,1745,1744,24129,31.3465,0.0425,725,481
test0156,2,1916,1915,20466,22.4421,0.0924,1010,712
test1102,2,1883,1882,18882,19.8554,0.0291,553,397
test0480,2,1742,1741,23027,27.7746,0.037,709,444
test0905,2,961,960,17970,17.0051,0.0211,549,333
test0594,2,770,769,15287,13.0517,0.0132,469,255
test0017,2,1121,1120,18812,18.6083,0.0254,586,368
test1231,2,1633,1632,10465,6.1153,0.0094,315,222
test1473,2,1588,1587,22235,26.6942,0.0412,692,468
test0337,2,1191,1190,26863,38.225,0.0454,770,497
test1419,2,475,474,12210,7.922,0.0102,401,218
test0587,2,1302,1301,11551,7.5363,0.0086,311,216
test0071,2,757,756,8144,3.7325,0.0048,241,154
test1321,2,1789,1788,31270,51.0113,0.2071,1571,1081
test0776,2,501,500,24202,31.4269,0.0286,722,367
test0267,2,1810,1809,52968,148.9353,0.5723,2593,1786
test0437,2,1076,1075,14854,12.2631,0.019,450,312
test1019,2,1097,1096,15153,12.864,0.0547,776,538
test0907,2,920,919,29721,47.232,0.166,1508,940
test0851,2,899,898,21684,26.5926,0.0337,688,418
test0568,2,801,800,35104,66.7025,0.2119,1748,1034
test0800,2,1044,1043,12794,9.372,0.0363,650,441
test0137,2,418,417,10269,5.9965,0.0068,332,170
test0620,2,592,591,15697,13.9502,0.0188,523,302
test0161,2,1403,1402,29912,50.3638,0.1718,1444,968
test0095,2,352,351,26696,37.9041,0.0934,1344,651
test1337,2,378,377,19395,20.3765,0.0617,1003,551
test0482,2,1289,1288,28812,46.2556,0.0564,842,552
test1426,2,1645,1644,33458,60.7708,0.2533,1677,1206
test1409,2,463,462,15758,13.5837,0.0145,499,271
test0495,2,1101,1100,44426,106.757,0.3591,2219,1437
test1416,2,778,777,12982,9.3651,0.0125,403,250
test0950,2,965,964,28141,42.0373,0.167,1414,909
test0019,2,1625,1624,49999,130.5328,0.5071,2421,1669
test0366,2,442,441,32186,55.0883,0.1609,1660,892
test0163,2,484,483,9585,5.4256,0.0168,479,287
test0302,2,1880,1879,32557,58.8412,0.2535,1636,1178
test0456,2,577,576,12008,8.2773,0.0099,395,218
test0876,2,1222,1221,46706,121.3206,0.4189,2290,1488
test0952,2,1344,1343,35014,68.0538,0.0918,1107,697
test1030,2,1720,1719,11749,8.0782,0.0097,309,226
test1010,2,1659,1658,22506,28.2259,0.1137,1097,781
test0602,2,1932,1931,29222,49.0158,0.0669,888,608
test1132,2,1520,1519,17457,17.492,0.0234,549,348
test0354,2,979,978,14565,12.3044,0.0158,456,279
test1220,2,948,947,30949,52.9241,0.1656,1486,947
test0765,2,775,774,24506,35.0713,0.1033,1220,733
test0135,2,1289,1288,26863,39.7586,0.0485,791,495
test1433,2,1226,1225,36208,71.6511,0.2195,1724,1114
test0865,2,1509,1508,12164,8.4302,0.0107,340,240
test0802,2,1247,1246,33136,58.5578,0.2027,1630,1066
test1340,2,1912,1911,43254,102.2228,0.3737,2081,1466
test0494,2,1622,1621,29371,46.552,0.1947,1466,1033
test0715,2,899,898,29329,47.0347,0.1619,1475,925
test1391,2,596,595,15929,14.0136,0.0354,716,419
test0484,2,1926,1925,32429,60.1847,0.0852,1000,671
test1150,2,1068,1067,39216,87.0941,0.291,1951,1238
test0040,2,1044,1043,38632,82.3205,0.2796,1941,1230
test1061,2,1618,1617,10926,7.0888,0.0116,349,247
test0598,2,833,832,14477,11.9118,0.0166,453,283
test1106,2,1344,1343,31960,56.6234,0.0625,918,576
test1389,2,679,678,16054,14.6671,0.0158,505,273
test0549,2,1932,1931,45264,113.0316,0.4152,2196,1506
test0060,2,489,488,23632,30.8375,0.0907,1171,693
test0073,2,787,786,13303,10.4628,0.0116,395,239
test1085,2,1263,1262,18946,20.4458,0.0813,965,657
test0094,2,1922,1921,27720,42.7183,0.1505,1335,907
test0579,2,379,378,10120,5.9342,0.0057,304,164
test0063,2,956,955,29688,48.1318,0.1481,1392,889
test0244,2,812,811,15263,13.106,0.0154,459,284
test0145,2,1462,1461,11830,7.8738,0.0121,371,254
test1044,2,1185,1184,19850,21.3131,0.0299,604,401
test1270,2,496,495,7165,2.8385,0.0036,222,133
test0105,2,1489,1488,29549,46.1507,0.1699,1465,978
test0290,2,1684,1683,25206,33.9089,0.1317,1255,867
test0499,2,553,552,15815,13.304,0.0153,493,281
test0877,2,1560,1559,25991,37.5111,0.0509,783,526
test1251,2,1212,1211,32201,57.036,0.1955,1531,1031
test0683,2,1763,1762,28455,45.0097,0.0742,914,624
test1069,2,1211,1209,12957,9.6895,0.0143,397,272
test1216,2,663,662,13762,10.4653,0.0327,660,402
test0686,2,1328,1327,19712,21.2222,0.0855,921,656
test0049,2,1532,1531,46385,120.0605,0.4349,2218,1551
test0306,2,1307,1306,17575,17.477,0.0242,512,349
test0521,2,1694,1693,34581,65.7045,0.2565,1725,1191
test0954,2,796,795,24007,32.0969,0.0353,708,435
test0030,2,1901,1900,53140,156.079,0.6089,2559,1823
test1438,2,1189,1187,10134,5.8062,0.0086,312,206
test0816,2,725,724,10705,6.5281,0.0211,523,327
test0002,2,823,822,12913,9.571,0.0148,381,254
test0335,2,1508,1507,11928,9.1676,0.0115,380,241
test0943,2,1121,1120,44620,110.0777,0.3628,2216,1417
test1127,2,1020,1019,14506,11.3858,0.0418,740,477
test0039,2,1796,1795,30130,48.592,0.0649,904,605
test0696,2,1405,1404,28697,43.8676,0.0526,863,533
test0220,2,412,411,17888,16.8844,0.0188,586,303
test0808,2,819,818,26904,37.4701,0.1172,1339,795
test0316,2,1924,1923,23510,29.2345,0.1317,1194,863
test0753,2,1495,1494,17993,17.73,0.0272,579,388
test1133,2,1371,1370,32831,56.3703,0.2107,1563,1085
test1099,2,995,994,28094,44.3045,0.1447,1390,884
test0824,2,1771,1770,20216,23.447,0.0332,623,409
test0151,2,1890,1889,34102,64.1966,0.2252,1611,1117
test0867,2,1097,1096,37551,77.9233,0.2654,1847,1187
test0273,2,1666,1665,15536,13.8354,0.0194,492,318
test0684,2,1035,1034,7973,3.7499,0.0048,246,156
test1365,2,438,437,14217,11.1821,0.0128,457,242
test0066,2,1441,1440,23615,31.1092,0.1198,1155,813
test1189,2,1276,1275,17133,16.2056,0.0218,533,336
test0746,2,1198,1197,39904,89.6543,0.3004,2001,1254
test0848,2,1434,1433,26908,41.0321,0.0548,825,542
test0524,2,1147,1146,13440,10.3621,0.0158,459,285
test1033,2,842,841,20845,23.952,0.0812,1030,660
test0582,2,1272,1271,11619,7.9391,0.0096,332,223
test0462,2,391,390,25429,34.4549,0.0877,1258,656
test0138,2,722,721,36312,71.3404,0.2367,1847,1136
test0262,2,752,751,11174,7.0897,0.0105,381,230
test0536,2,1052,1051,14733,11.7795,0.0153,472,286
test0325,2,669,668,12062,8.1085,0.0106,368,236
test1077,2,1654,1653,12143,8.4452,0.0082,310,208
test0322,2,1515,1514,11865,7.7626,0.0119,378,248
test0936,2,410,409,10278,6.1302,0.0068,326,176
test1474,2,527,526,10496,6.1985,0.019,526,320
test0158,2,1747,1746,23734,30.7984,0.0388,721,465
test0945,2,364,363,17343,15.9485,0.0479,915,490
test0292,2,1419,1418,26332,37.0879,0.1238,1255,831
test0164,2,1041,1040,32978,57.0793,0.1813,1585,1006
test0878,2,1115,1114,33851,61.3417,0.2171,1713,1096
test0486,2,444,443,13917,11.1014,0.0354,691,428
test0260,2,590,589,21289,25.122,0.0229,617,337
test1293,2,1086,1085,20545,23.9584,0.0773,1021,648
test0741,2,609,608,8863,4.6193,0.0065,278,181
test0645,2,356,355,15677,13.6721,0.013,505,247
test0955,2,1721,1720,19107,20.4623,0.0833,926,678
test1480,2,1446,1445,23881,31.4443,0.133,1195,830
test1315,2,1868,1867,21164,25.6689,0.0942,1018,719
test1301,2,1182,1181,11328,7.6402,0.0097,332,226
test1482,2,800,799,33951,62.9216,0.1892,1625,984
test0638,2,1435,1434,40336,89.2012,0.316,2030,1292
test1374,2,930,929,18243,18.6379,0.0247,620,354
test0251,2,1214,1213,12774,9.4964,0.0124,385,253
test1492,2,1975,1974,23085,29.7385,0.0441,699,487
test1488,2,532,531,27683,42.525,0.1194,1352,766
test0064,2,1896,1895,44830,113.4274,0.5139,2154,1480
test1076,2,1543,1542,25185,34.1316,0.0419,720,481
test0770,2,488,487,14883,12.0128,0.0151,488,276
test0570,2,1903,1902,29183,46.2063,0.0632,903,586
test1358,2,1745,1744,20763,24.0689,0.0278,605,391
test0799,2,456,455,20204,21.2466,0.0649,1034,576
test0886,2,385,384,10935,6.4702,0.026,584,339
test0656,2,1465,1464,51413,143.3792,0.5525,2557,1732
test1353,2,378,377,15263,13.727,0.0372,803,424
test0819,2,812,811,16280,14.7378,0.0531,816,528
test1057,2,1653,1652,28856,46.9791,0.0605,891,567
test1372,2,1609,1608,29322,48.5861,0.0637,882,583
test0108,2,627,626,7771,3.5377,0.0043,236,143
test1453,2,1935,1934,13913,10.9792,0.0152,391,277
test0773,2,852,851,18570,18.8184,0.0685,959,599
test0056,2,525,524,22786,28.1071,0.0845,1126,646
test0229,2,811,810,12945,9.2441,0.0313,633,398
test1239,2,902,901,15943,14.8005,0.0188,489,314
test0489,2,1358,1357,13617,10.2919,0.041,701,470
test0739,2,1691,1690,13214,10.0353,0.0127,388,256
test1357,2,1166,1165,17251,17.289,0.0258,555,370
test1210,2,1899,1898,21961,26.6251,0.0372,666,440
test0551,2,1962,1961,37649,80.9938,0.2988,1770,1281
test0174,2,1147,1146,21215,26.1778,0.0338,684,419
test0933,2,1667,1666,38911,84.2026,0.2964,1896,1291
test0607,2,1539,1538,22291,27.76,0.0367,658,445
test1217,2,558,557,24365,32.5389,0.0913,1206,678
test1225,2,1877,1876,56514,174.1981,0.6472,2733,1905
test0828,2,1397,1396,23844,31.7798,0.1146,1156,778
test0136,2,1910,1909,26674,40.4729,0.0551,802,546
test1495,2,1090,1089,21602,25.6685,0.0357,660,430
test0562,2,359,358,8944,4.7135,0.0061,302,170
test1380,2,1736,1735,11599,7.8907,0.0117,347,251
test0962,2,1915,1914,30206,50.1045,0.1996,1495,1046
test0396,2,1283,1282,17365,16.565,0.0635,840,584
test1449,2,1479,1478,10254,6.1487,0.009,327,211
test0718,2,1125,1124,14430,11.6864,0.041,725,473
test0985,2,1403,1402,12472,9.0189,0.0156,402,279
test1415,2,1979,1978,35021,67.8138,0.2675,1717,1212
test1088,2,901,900,11774,7.654,0.0284,578,390
test0027,2,1212,1211,14184,11.3998,0.045,728,493
test0759,2,1849,1848,48557,124.8564,0.5015,2426,1681
test0915,2,993,992,16323,14.4131,0.0181,528,305
test0398,2,990,989,24502,32.3286,0.0374,756,447
test0558,2,558,557,12158,8.1369,0.0106,388,226
test0148,2,1337,1336,23855,31.5838,0.1187,1208,810
test1079,2,1007,1006,21759,26.1594,0.0371,675,436
test0261,2,1297,1296,29675,48.7576,0.1695,1434,954
test0873,2,631,630,30012,49.8278,0.1494,1495,889
test1037,2,575,574,15614,13.131,0.0417,812,459
test0593,2,1715,1714,27697,43.2134,0.054,827,541
test0674,2,1958,1957,34984,68.1924,0.0982,1133,722
test0820,2,768,767,36032,71.3554,0.2023,1690,1036
test1452,2,516,515,30824,53.2188,0.208,1620,920
test0059,2,1152,1151,9479,6.3353,0.0074,303,197
test0613,2,1183,1182,29906,48.8444,0.1607,1463,920
test0588,2,891,890,24993,35.6694,0.0424,759,454
test0642,2,1845,1844,18674,19.5374,0.0303,563,398
test0203,2,1417,1416,14849,12.5641,0.0174,446,303
test0107,2,369,368,9197,5.0851,0.0049,265,150
test1376,2,988,987,33510,60.2948,0.2001,1664,1032
test0537,2,1033,1032,34410,65.7819,0.2015,1657,1039
test0783,2,1652,1651,20173,22.751,0.0294,597,395
test0888,2,499,498,11469,7.573,0.0111,388,225
test0912,2,821,820,29429,47.7657,0.0498,885,507
test0380,2,967,966,20216,23.7862,0.0736,986,631
test1285,2,692,691,10299,6.0738,0.0212,523,333
test0729,2,436,435,7165,3.0162,0.0039,237,131
test1259,2,1302,1301,19589,21.4695,0.032,620,402
test0762,2,1899,1898,44487,108.0535,0.393,2194,1497
test0399,2,749,748,9056,4.6211,0.0064,275,181
test0300,2,1466,1465,25989,36.5393,0.0463,792,506
test1149,2,584,583,25038,33.1559,0.0403,830,449
test1185,2,1087,1086,15996,13.6081,0.0191,497,320
test0978,2,1507,1506,16916,16.1994,0.0621,826,584
test0141,2,384,383,17670,17.5406,0.0172,540,289
test1122,2,1039,1038,43528,103.1562,0.3281,2077,1300
test1017,2,1362,1360,14216,11.1741,0.0167,479,289
test0042,2,1690,1689,29034,47.0131,0.063,914,561
test1442,2,1429,1428,36255,71.1725,0.2608,1799,1195
test0311,2,1993,1992,43079,104.3499,0.3809,2065,1452
test0908,2,1436,1435,17012,16.0321,0.0587,816,540
test0282,2,1611,1610,34575,66.5543,0.0858,1036,681
test1255,2,956,955,16622,15.7808,0.0218,524,332
test0732,2,1390,1389,31788,55.9829,0.1844,1512,999
test1124,2,1841,1840,50218,46581.0934,0.481,2448,1695
test0270,2,1959,1958,19559,19.5197,0.0819,943,705
test0650,2,1308,1307,21754,24.2225,0.0342,707,437
test0652,2,565,564,18249,16.6128,0.0471,871,525
test1367,2,837,836,12792,8.786,0.0288,628,411
test0780,2,1149,1148,33729,57.4437,0.1987,1679,1083
test0172,2,516,515,22358,24.7327,0.0703,1103,625
test0721,2,627,626,19386,19.3962,0.0236,636,363
test1484,2,365,364,15195,11.5753,0.0315,766,414
test0423,2,1358,1357,19816,20.0895,0.0271,617,396
test0463,2,636,635,7358,2.9454,0.0042,240,149
test0124,2,1713,1712,35125,62.6941,0.0894,1088,715
test1169,2,1650,1649,27744,40.8121,0.0505,845,554
test0012,2,695,694,18830,17.959,0.0507,890,541
test0252,2,644,643,17000,14.6937,0.0184,555,309
test1277,2,1697,1696,26842,36.6336,0.0486,803,538
test1248,2,999,998,27975,40.8893,0.1338,1369,894
test0424,2,1067,1066,20670,21.7362,0.0258,617,382
test0616,2,1711,1710,13282,9.4239,0.013,394,276
test0662,2,1744,1742,17175,15.5545,0.022,526,358
test1272,2,569,568,20153,20.1447,0.0624,1023,588
test1382,2,1789,1788,44119,101.5735,0.3916,2244,1524
test1346,2,1672,1671,11704,7.4139,0.0095,349,228
test1494,2,1489,1488,40854,82.8679,0.2925,2032,1315
test0467,2,823,822,18736,18.2075,0.0273,643,385
test1143,2,1613,1612,31824,52.6197,0.1902,1577,1068
test1002,2,1549,1548,24048,29.158,0.1059,1113,804
test1138,2,918,917,32652,52.2207,0.1789,1641,1029
test0648,2,1453,1452,22820,27.496,0.0954,1108,752
test0968,2,581,580,25591,33.5993,0.0327,816,408
test0654,2,853,852,23979,28.3344,0.0975,1184,761
test1246,2,680,679,10101,5.3106,0.0062,313,181
test0611,2,1044,1043,24269,29.5536,0.0343,737,443
test1119,2,1870,1869,18503,17.6458,0.0247,570,383
test0789,2,531,530,8758,4.0896,0.0044,282,151
test0685,2,831,830,8152,3.6212,0.0054,261,176
test0730,2,424,423,13088,8.4887,0.0243,626,373
test0748,2,1369,1368,30548,47.4505,0.1674,1476,999
test0503,2,1754,1753,45810,109.0883,0.4385,2315,1628
test0892,2,1174,1173,29710,44.4152,0.1613,1471,959
test0050,2,1577,1576,44609,102.3268,0.3993,2208,1502
test1234,2,1034,1033,20758,23.345,0.0278,648,382
test0544,2,1873,1872,20314,22.3234,0.0941,1012,725
test1202,2,1795,1794,26390,37.5825,0.0566,796,550
test0280,2,545,544,9648,5.1905,0.0154,472,281
test0621,2,659,658,34008,59.6664,0.1888,1716,1003
test1105,2,566,565,11710,7.5257,0.0092,362,210
test0914,2,458,457,19421,20.0472,0.0192,597,308
test1227,2,1775,1774,24981,33.7383,0.0445,759,495
test0324,2,1049,1048,29126,44.5763,0.1592,1482,940
test0699,2,596,595,16323,14.4758,0.0435,829,475
test0382,2,1265,1264,32225,55.1685,0.1989,1550,1059
test1009,2,1478,1477,17344,16.378,0.0223,535,349
test0242,2,1479,1478,15076,12.9805,0.013,399,270
test1034,2,1097,1096,24231,30.8411,0.1,1121,744
test0926,2,1773,1772,27930,42.0308,0.0586,830,578
test0592,2,1303,1302,18306,18.1507,0.0246,548,370
test0188,2,1914,1913,45347,109.3241,0.4134,2186,1533
test0567,2,1496,1495,25661,36.1007,0.0451,735,490
test1154,2,1409,1408,32394,56.109,0.2036,1584,1068
test0287,2,1951,1950,26434,38.2949,0.1516,1301,911
test0485,2,1557,1556,32521,58.0143,0.0777,1013,645
test0837,2,1962,1961,31370,55.5075,0.0795,961,655
test1396,2,824,823,17121,15.9557,0.0206,537,322
test1121,2,855,854,25572,35.2673,0.0428,784,466
test0889,2,572,571,19934,21.3332,0.0216,599,332
test1219,2,1381,1380,32274,56.7707,0.0682,992,612
test0058,2,1793,1792,36754,72.6184,0.2666,1778,1224
test1129,2,618,617,12246,8.5986,0.0085,346,210
test1467,2,1416,1415,17565,18.2426,0.0691,891,616
test1264,2,1023,1022,18914,21.273,0.0233,546,356
test1160,2,1225,1224,32761,58.5244,0.2068,1644,1058
test0346,2,1809,1808,40414,89.6613,0.3363,1951,1348
test0540,2,1004,1003,9534,5.4193,0.0079,314,199
test0272,2,1543,1542,22314,29.3778,0.1194,1183,793
test0591,2,1123,1122,14877,12.8276,0.0492,757,502
test0427,2,1567,1566,20509,23.7715,0.0977,980,719
test0502,2,1692,1691,24039,33.1048,0.0476,730,508
test0504,2,1504,1503,44483,109.7123,0.3858,2165,1447
test1291,2,536,535,18489,18.2574,0.0606,984,555
test0061,2,1672,1671,17878,17.6388,0.0615,862,591
test1486,2,1396,1395,11033,7.0213,0.0086,308,212
test0854,2,1088,1087,20711,23.1838,0.0319,668,405
test0349,2,775,774,18319,18.0525,0.0661,891,594
test0021,2,1590,1589,14373,11.7254,0.0181,441,312
test0626,2,1848,1847,14698,11.974,0.0189,449,318
test0179,2,426,425,9711,5.3003,0.0136,439,268
test0119,2,1925,1924,24053,31.6717,0.1283,1158,834
test0226,2,1956,1955,22367,28.1198,0.0358,654,444
test0383,2,1823,1822,41940,96.1774,0.3793,2168,1456
test1314,2,2000,1999,34115,63.8696,0.2372,1638,1150
test0115,2,891,890,15585,13.4884,0.0171,477,296
test0308,2,1125,1124,26928,38.3509,0.1429,1392,877
test1093,2,1275,1274,42444,100.3808,0.3403,2044,1377
test1258,2,1808,1807,22431,28.7482,0.0415,716,461
test1319,2,1145,1144,38712,79.2433,0.2868,1979,1248
test1111,2,900,899,24306,32.9934,0.1204,1229,792
test1413,2,1632,1631,37853,80.9956,0.2871,1807,1252
test0304,2,797,796,19766,21.6515,0.0676,969,594
test1213,2,1681,1680,23983,33.2631,0.1311,1235,840
test0233,2,938,937,12951,10.1292,0.014,420,257
test1491,2,486,485,20277,23.3398,0.0725,1062,602
test0468,2,556,555,21163,24.9914,0.0781,1082,615
test1051,2,1918,1917,25567,39.34,0.0536,764,524
test0426,2,967,966,25736,37.2417,0.0383,777,451
test1273,2,957,956,16513,15.2699,0.0208,552,324
test0465,2,542,541,7024,2.8144,0.0035,236,132
test1335,2,727,726,25806,35.0352,0.0436,821,483
test0634,2,782,781,12602,9.2581,0.0116,398,245
test0125,2,1282,1281,23275,28.1827,0.1248,1194,823
test1075,2,1793,1792,33563,61.0096,0.2275,1604,1137
test0176,2,974,973,29112,49.0195,0.0579,871,526
test0278,2,898,897,38450,81.5867,0.2615,1889,1182
test1041,2,575,574,17762,17.4478,0.0231,570,338
test0213,2,1779,1778,27318,42.0158,0.0539,804,537
test1261,2,864,863,40341,89.9506,0.2847,1994,1226
test0556,2,1486,1485,26474,39.2933,0.0447,738,479
test1095,2,744,743,16940,16.418,0.0514,816,515
test1250,2,991,990,34966,65.5536,0.2328,1747,1103
test1233,2,1340,1339,11857,8.1844,0.0117,364,242
test0600,2,1710,1709,31556,53.9677,0.2125,1570,1054
test0918,2,1283,1282,39441,81.2939,0.2776,1903,1247
test0640,2,1224,1223,30815,50.8024,0.0693,980,606
test0501,2,1469,1468,14181,11.2891,0.014,424,275
test0232,2,542,541,11042,6.4859,0.0075,358,192
test1226,2,854,853,11675,7.625,0.0285,581,395
test0048,2,1739,1738,16895,15.5931,0.0209,480,339
test0181,2,1353,1352,31838,54.1895,0.0698,956,609
test0682,2,384,383,8942,5.0725,0.013,442,255
test1232,2,1916,1915,30916,56.8612,0.1918,1502,1033
test0751,2,1831,1830,42105,98.4287,0.4101,2103,1499
test0187,2,719,718,22191,27.2091,0.0319,690,382
test1456,2,672,671,16832,15.8477,0.0176,525,297
test0786,2,630,629,29235,47.0112,0.1454,1449,873
test0709,2,659,658,37732,76.8902,0.236,1924,1106
test1499,2,1308,1307,19599,21.4916,0.0792,984,638
test0731,2,1953,1952,37420,75.4274,0.2768,1780,1247
test0545,2,948,947,19593,20.2935,0.0696,942,625
test1067,2,1117,1116,10230,5.9642,0.0101,345,233
test0964,2,532,531,18409,17.8473,0.019,579,296
test1137,2,795,794,9122,4.6978,0.0065,281,181
test0433,2,573,572,10737,6.2873,0.021,524,327
test0937,2,1614,1613,13605,10.2913,0.0129,388,260
test1001,2,1474,1473,48221,124.8927,0.4401,2450,1559
test1310,2,920,919,18708,18.7454,0.0228,606,344
test1015,2,1556,1555,25079,33.2151,0.0435,757,471
test1199,2,1612,1611,53893,153.6536,0.584,2679,1808
test0597,2,1669,1668,24531,34.3465,0.0468,749,492
test1241,2,1626,1625,24737,34.1175,0.1255,1220,824
test0680,2,1932,1931,18822,20.4747,0.0869,935,678
test0928,2,1390,1389,17948,18.3791,0.0256,537,364
test0830,2,1272,1271,37877,80.4648,0.2611,1838,1192
test0832,2,1763,1762,29273,47.8701,0.1829,1391,989
test0118,2,1812,1811,23990,32.9042,0.042,716,486
test0448,2,1427,1426,20184,22.2705,0.0775,955,647
test0239,2,920,919,24138,30.9554,0.12,1312,808
test0458,2,531,530,27597,40.1598,0.1153,1372,769
test0809,2,1369,1368,44677,104.4061,0.3401,2124,1397
test0894,2,500,499,21752,25.3166,0.0726,1125,617
test0807,2,1514,1513,31460,52.2679,0.2122,1541,1090
test0046,2,629,628,30851,50.57,0.1532,1564,898
test1331,2,1924,1923,30977,53.5291,0.2109,1580,1096
test1430,2,681,680,24890,33.8132,0.0378,788,452
test0329,2,1781,1780,11504,7.7607,0.0109,340,244
test0967,2,1949,1948,26497,38.4384,0.1553,1324,943
test0162,2,1101,1100,26626,37.8303,0.1397,1300,857
test0043,2,1814,1813,15883,14.1319,0.0607,773,577
test0512,2,1968,1967,10663,6.5143,0.0086,306,212
test0340,2,1044,1043,19790,21.0986,0.0241,583,358
test1439,2,1595,1594,23113,28.6211,0.1068,1115,768
test0109,2,1542,1541,30943,52.3636,0.1828,1510,1025
test0725,2,1300,1298,17188,16.3044,0.0212,499,331
test0081,2,1929,1928,36383,72.694,0.2764,1805,1250
test0201,2,1895,1894,29099,46.3639,0.0567,862,565
test0479,2,934,933,14188,11.5147,0.0138,445,270
test0981,2,710,709,20351,22.0139,0.027,674,373
test1188,2,1630,1629,20711,23.7432,0.0338,632,418
test0368,2,829,828,11908,8.0098,0.0098,374,223
test0328,2,1669,1668,12859,9.3067,0.0113,354,245
test1466,2,974,973,28555,44.3204,0.1607,1421,930
test0530,2,1190,1189,12075,8.7851,0.0126,395,256
test1203,2,622,621,19019,20.0203,0.0628,964,570
test0430,2,1865,1864,28461,47.1428,0.1787,1435,992
test0938,2,706,705,12614,9.2234,0.0311,637,402
test0528,2,1618,1617,32137,58.0791,0.072,957,615
test0327,2,964,963,27618,41.8788,0.1475,1415,900
test0362,2,1535,1534,35434,66.6778,0.2522,1713,1185
test0516,2,426,425,18958,19.6215,0.0185,603,293
test1267,2,1574,1573,36321,71.6853,0.2397,1704,1167
test0778,2,1324,1323,12857,9.8435,0.0109,348,242
test1324,2,1041,1040,12807,9.4475,0.013,412,263
test0432,2,1010,1009,14306,11.6241,0.0167,457,299
test1281,2,1093,1092,40463,87.0072,0.3027,2010,1296
test1151,2,881,880,27642,43.3214,0.1236,1329,806
test0364,2,1453,1452,28309,45.1339,0.0547,829,539
test0070,2,1459,1458,22294,28.6968,0.0402,699,440
test0025,2,884,883,17617,18.3337,0.0198,542,322
test0301,2,628,627,9239,5.1171,0.0063,308,169
test0817,2,1466,1465,43484,109.1859,0.4503,2070,1380
test0459,2,1276,1275,44431,114.7772,0.4151,2223,1490
test0531,2,1750,1749,18281,19.0428,0.0287,558,392
test1223,2,1552,1551,21726,26.3186,0.1072,1036,751
test1359,2,1301,1300,19524,21.6199,0.0259,590,356
test0435,2,1271,1270,29980,49.8133,0.0603,920,566
test0883,2,679,678,19411,20.6661,0.0662,979,600
test0097,2,1446,1445,30779,52.2211,0.1924,1470,998
test0079,2,1284,1283,19573,21.7991,0.0797,959,665
test0127,2,741,740,30063,48.8357,0.1438,1496,887
test0704,2,1056,1055,9542,5.1573,0.0071,301,188
test1181,2,1103,1102,34603,74.7888,0.2322,1753,1142
test0006,2,1170,1169,24313,38.6507,0.1145,1162,774
test1329,2,1039,1038,8556,7.6743,0.0061,271,169
test1369,2,686,685,18370,29.7547,0.0226,554,319
test1060,2,1322,1321,19669,27.0359,0.0296,633,383
test0872,2,1886,1885,27887,48.0332,0.0597,840,553
test0693,2,1284,1283,29715,66.6175,0.1837,1427,909
test1265,2,1210,1209,11089,7.6416,0.0105,344,235
test1406,2,832,831,10211,6.105,0.0071,306,189
test0352,2,685,684,27735,54.3413,0.1339,1440,808
test0152,2,1986,1985,34278,70.3987,0.0981,1111,715
test0916,2,502,501,21201,25.2798,0.0734,1096,603
test1155,2,1903,1901,12015,8.5851,0.0138,371,269
test0653,2,712,711,8466,4.3212,0.0059,280,168
test0879,2,1397,1396,9439,5.4331,0.0094,319,201
test0013,2,898,897,16846,18.2392,0.0205,518,317
test1086,2,390,389,11429,8.0237,0.0101,388,215
test1104,2,1682,1681,30309,61.5995,0.1922,1429,971
test1092,2,1651,1650,16910,16.809,0.0203,494,323
test1114,2,447,446,26679,51.9674,0.1087,1399,724
test1021,2,1496,1495,23023,31.7026,0.0446,686,456
test1173,2,989,988,17389,17.2253,0.0178,523,300
test0862,2,705,704,30545,52.5705,0.1689,1569,934
test0133,2,955,954,21554,27.8338,0.0304,659,393
test0811,2,1010,1009,24526,33.3289,0.1133,1211,773
test1003,2,1266,1265,15821,14.0674,0.0532,763,541
test0075,2,726,725,16379,14.8322,0.0169,507,290
test1050,2,634,633,32528,59.7751,0.161,1578,942
test1115,2,752,751,8480,4.1419,0.0046,254,154
test1073,2,561,560,14711,11.5132,0.0351,720,430
test0692,2,1681,1680,25722,35.9363,0.0486,804,513
test0917,2,681,680,34022,60.1069,0.1782,1649,989
test0120,2,1498,1497,12287,8.5053,0.0122,381,256
test0829,2,1785,1784,12897,9.5201,0.0145,399,281
test0891,2,536,535,12685,8.7005,0.0289,652,384
test1407,2,1271,1270,26097,36.762,0.0546,901,540
test0855,2,1463,1462,30715,51.4567,0.1697,1468,970
test0589,2,1245,1244,47019,115.6313,0.4063,2326,1497
test1318,2,1669,1668,28499,43.2696,0.0615,899,569
test0519,2,1257,1256,34419,62.5001,0.2073,1686,1082
test1158,2,458,457,22923,27.3984,0.081,1158,659
test0466,2,1954,1953,17415,16.5391,0.0228,518,352
test0339,2,1717,1716,25757,35.4649,0.1379,1231,886
test0045,2,1146,1145,26960,38.0496,0.1429,1298,900
test1135,2,415,414,11449,7.0839,0.0207,573,326
test0989,2,602,601,35592,65.732,0.1872,1734,1011
test0153,2,1809,1808,26691,40.0843,0.0503,781,533
test1336,2,1799,1798,20079,21.6665,0.0922,999,709
test0578,2,1634,1632,12221,8.3464,0.0115,349,252
test0142,2,441,440,10456,6.1948,0.0065,323,178
test0614,2,526,525,23526,29.2633,0.0266,717,344
test0389,2,694,693,14189,11.117,0.038,715,459
test0812,2,372,371,20358,22.3904,0.019,628,298
test0183,2,497,496,14551,12.1201,0.0118,434,243
test0736,2,1360,1359,42609,95.909,0.3673,2142,1428
test1215,2,896,895,27160,39.6396,0.0454,845,490
test0903,2,1005,1004,30851,50.9478,0.1664,1504,966
test0787,2,888,887,15368,12.867,0.0167,504,295
test0478,2,1748,1747,29721,47.6037,0.2496,1492,1040
test0269,2,363,362,8571,4.0963,0.0055,284,163
test0637,2,578,577,14354,10.9773,0.0111,412,240
test0963,2,716,715,16293,14.0125,0.0511,794,533
test1387,2,1593,1592,30052,50.5255,0.173,1398,987
test0603,2,1779,1778,29170,47.6801,0.1845,1412,1017
test0034,2,405,404,20253,22.2568,0.0588,1037,540
test0356,2,1141,1140,12711,9.1324,0.0134,388,260
test0844,2,1281,1280,26329,38.349,0.1393,1282,864
test0514,2,810,809,38664,79.4667,0.2344,1882,1143
test0846,2,1912,1911,17593,17.0735,0.0283,567,388
test0959,2,1384,1383,16199,14.3951,0.0201,481,323
test0371,2,1088,1087,20482,22.5181,0.0307,655,405
test1411,2,626,625,27193,40.6254,0.118,1355,797
test1386,2,673,672,11973,7.8435,0.0273,609,375
test0707,2,1105,1104,36358,71.4811,0.2404,1751,1157
test0057,2,848,847,12400,8.5421,0.029,623,398
test1292,2,1640,1639,28269,43.1337,0.0553,835,560
test0102,2,557,556,12095,8.146,0.0093,363,219
test0750,2,754,753,23017,28.05,0.0731,1026,632
test0320,2,1420,1419,29130,44.8496,0.1643,1436,967
test0476,2,1387,1386,19199,20.2947,0.0731,955,633
test0452,2,853,852,17774,17.0564,0.0259,614,361
test0790,2,667,666,15456,12.825,0.0148,483,279
test0044,2,1207,1206,39652,82.4712,0.295,1953,1292
test0410,2,1051,1050,17636,16.6352,0.0624,874,592
test1296,2,719,718,11375,6.8547,0.0254,616,368
test0155,2,1332,1331,20926,22.8535,0.0931,1079,736
test0509,2,962,961,34160,62.305,0.2041,1635,1076
test1354,2,1595,1594,22287,25.688,0.1025,1100,770
test0111,2,662,661,34549,61.1328,0.1863,1747,1021
test0772,2,1387,1386,43004,97.7898,0.331,2061,1373
test1020,2,1335,1334,18773,19.0996,0.0273,572,387
test1299,2,1534,1533,29378,45.9431,0.0512,843,524
test1193,2,1083,1082,17518,17.2418,0.0215,529,337
test0222,2,627,626,12815,9.0806,0.0115,403,242
test0281,2,1786,1785,12670,9.0362,0.0126,382,258
test0296,2,433,432,11113,6.8382,0.0173,511,297
test0814,2,1822,1821,11374,7.5912,0.0122,366,257
test0487,2,1564,1563,29341,46.5583,0.1658,1459,973
test0298,2,792,791,14681,11.9125,0.0126,443,249
test1089,2,814,813,17513,16.7582,0.0557,829,554
test1428,2,1770,1769,17023,15.9226,0.0186,489,319
test1278,2,991,990,25709,35.8838,0.1226,1299,821
test1266,2,706,705,10268,6.0545,0.0065,293,192
test0209,2,1256,1255,18210,19.4625,0.0662,896,593
test1182,2,891,890,27010,39.1967,0.1211,1329,806
test1148,2,1224,1223,13415,10.0969,0.0127,407,259
test0003,2,1903,1902,30710,51.8969,0.0648,913,593
test0781,2,576,575,22694,27.6147,0.0846,1167,665
test0505,2,1121,1120,13470,10.2068,0.0121,404,253
test0706,2,642,641,19275,20.3259,0.0636,984,571
test0391,2,1539,1538,16787,15.6198,0.0584,822,572
test1446,2,477,476,17820,17.4906,0.0545,937,518
test0990,2,880,879,20701,24.3791,0.0751,990,646
test0993,2,1035,1034,23149,29.4898,0.0354,691,433
test0256,2,1081,1080,12799,9.0556,0.0115,389,248
test0944,2,1492,1491,51020,136.6328,0.508,2518,1702
test0171,2,778,777,25304,34.1102,0.035,764,418
test0020,2,564,563,15127,12.2558,0.0442,788,485
test1268,2,1030,1029,13612,10.1862,0.0378,676,457
test1448,2,1015,1014,29380,46.0081,0.0559,919,549
test0237,2,1534,1533,11771,7.9515,0.0144,370,278
test0112,2,1313,1312,26489,36.7693,0.1436,1347,900
test0106,2,1064,1063,24674,32.7688,0.1034,1168,750
test0703,2,769,768,28895,43.7072,0.1426,1396,892
test1260,2,1896,1895,53191,151.3017,0.5875,2610,1800
test0438,2,625,624,14784,12.4348,0.059,772,483
test0068,2,1786,1785,53819,160.611,0.5371,2530,1745
test1317,2,1032,1031,39182,83.4088,0.2628,1903,1216
test0370,2,1524,1523,11547,7.5938,0.0105,326,236
test0323,2,1304,1303,25254,35.1303,0.0386,724,463
test0764,2,674,673,15951,13.7296,0.0425,778,480
test0305,2,1885,1884,36973,73.3263,0.0978,1146,733
test1402,2,1992,1991,23757,31.0881,0.0408,705,475
test0850,2,1962,1961,18446,19.0318,0.0741,876,641
test1147,2,1100,1099,31659,51.9595,0.1881,1634,1017
test0140,2,971,970,31421,53.1232,0.07,1009,611
test0268,2,1197,1196,29877,48.0679,0.0585,929,554
test1209,2,1449,1448,33435,58.5993,0.212,1675,1092
test0421,2,1622,1621,41130,89.0411,0.3308,2026,1376
test0542,2,1241,1240,9058,4.774,0.0061,258,177
test0559,2,1139,1138,42771,97.698,0.3334,2128,1328
test1275,2,774,773,24758,34.1918,0.0384,796,435
test0564,2,387,386,16456,14.7939,0.0409,804,453
test0385,2,1210,1209,33035,58.5907,0.2236,1677,1108
test0051,2,1824,1823,40342,89.7583,0.3435,2014,1401
test1425,2,1655,1654,11076,6.9104,0.0102,342,234
test1212,2,1287,1286,9999,5.6565,0.0082,302,210
test0871,2,1825,1824,20186,21.5162,0.0835,954,694
test1414,2,832,831,37833,73.7481,0.2317,1815,1141
test0074,2,791,790,15167,12.2716,0.045,792,496
test0887,2,638,637,8932,4.456,0.0065,284,178
test0416,2,444,443,19933,20.3231,0.0606,1048,564
test0733,2,949,948,16520,14.7569,0.0193,529,318
test0563,2,1916,1915,18395,18.0904,0.0768,893,659
test0913,2,1892,1891,46263,111.0745,0.4232,2237,1568
test0243,2,511,510,12054,7.9263,0.0101,393,223
test0506,2,1357,1356,34653,63.337,0.0924,1116,716
test1405,2,1192,1191,19421,20.0536,0.0807,1016,674
test0253,2,662,661,19562,20.7757,0.0217,589,333
test0150,2,753,752,23429,28.895,0.0365,738,431
test0460,2,357,356,14790,12.1494,0.0117,464,229
test0154,2,1811,1810,17880,17.7765,0.0695,818,616
test1094,2,930,929,22150,26.6373,0.0831,1118,661
test0853,2,946,945,22387,27.7733,0.0335,710,413
test0230,2,1971,1970,22806,29.7773,0.0448,720,492
test0457,2,1292,1291,29422,47.5867,0.0647,931,585
test1098,2,1485,1484,47729,121.607,0.4597,2476,1627
test0647,2,503,502,14961,12.2867,0.0119,436,249
test0344,2,1691,1690,33517,59.0269,0.2145,1604,1120
test0998,2,781,780,32460,54.3404,0.1531,1519,920
test1235,2,536,535,35323,66.5468,0.1791,1802,995
test0934,2,666,665,15825,13.5927,0.0181,522,295
test1113,2,712,711,30027,46.096,0.1403,1512,888
test0665,2,1140,1139,24004,31.1886,0.0393,727,469
test0130,2,571,570,22319,26.6443,0.0281,710,379
test0365,2,1730,1729,24676,33.6687,0.0405,736,486
test0417,2,848,847,37206,71.6807,0.2214,1851,1127
test0169,2,1941,1940,21800,26.5138,0.1168,1111,800
test0782,2,856,855,19270,20.7753,0.0691,975,613
test0254,2,1586,1585,22342,28.1908,0.0384,701,449
test1350,2,1010,1009,34491,63.5911,0.2224,1759,1092
test0444,2,1824,1823,37028,74.8099,0.2834,1850,1242
test1434,2,1918,1917,18144,18.5748,0.0275,554,382
test0535,2,913,912,41494,89.5136,0.2801,2053,1255
test1042,2,1507,1506,30737,50.1294,0.1676,1466,995
test0599,2,1703,1702,19629,21.0979,0.0293,613,401
test1196,2,624,623,35129,62.8169,0.1792,1755,989
test0813,2,1482,1481,32237,54.8866,0.0634,956,590
test0742,2,885,884,15143,12.6133,0.018,506,310
test0857,2,1139,1138,23457,28.9885,0.0335,689,429
test0443,2,1190,1189,38257,77.6181,0.2502,1810,1202
test0132,2,1261,1260,18664,18.8522,0.026,573,377
test1469,2,409,408,14133,10.6105,0.0379,751,435
test1399,2,610,609,17968,18.044,0.0572,892,546
test1176,2,1911,1910,23628,32.0745,0.0443,683,477
test1183,2,1300,1299,30209,51.0744,0.0712,955,615
test0835,2,912,911,31191,54.2932,0.1613,1495,931
test1457,2,605,604,24669,33.3495,0.0382,775,437
test1224,2,685,684,18015,17.6737,0.0544,867,529
test1394,2,1804,1803,17267,16.9774,0.0655,850,596
test1120,2,803,802,21140,24.8176,0.0833,1117,652
test1344,2,1882,1881,34234,65.3387,0.0869,1059,684
test0047,2,1448,1447,11911,8.2208,0.0105,360,240
test1028,2,1597,1596,14810,12.3062,0.0148,448,285
test1048,2,1381,1380,28591,42.7932,0.154,1390,935
test0113,2,1810,1809,32542,56.6835,0.078,979,654
test0921,2,1854,1853,48711,124.9369,0.4624,2372,1602
test0569,2,948,947,38180,79.6406,0.228,1836,1125
test0500,2,1737,1736,16271,15.9224,0.0246,496,364
test0491,2,1374,1373,22259,28.3057,0.0997,1073,719
test0980,2,859,858,25322,37.0634,0.0428,794,463
test0331,2,638,637,7297,3.1621,0.0041,227,141
test1186,2,650,649,13592,10.2717,0.041,724,450
test1461,2,1280,1279,9410,5.3745,0.0066,292,179
test0359,2,418,417,20141,22.2669,0.0225,663,327
test0223,2,511,510,14494,11.3854,0.0336,684,423
test0274,2,686,685,32299,55.5104,0.1873,1657,983
test0084,2,742,741,18541,18.6069,0.025,592,358
test0442,2,1101,1100,35828,70.9596,0.2284,1735,1111
test1348,2,1951,1950,16245,14.7274,0.0226,491,351
test0596,2,1314,1313,28346,44.2401,0.1446,1393,884
test0446,2,468,467,20095,21.8695,0.0647,1010,561
test1322,2,1891,1890,54981,163.7027,0.5927,2713,1845
test1424,2,874,873,27393,38.6657,0.1346,1385,865
test0511,2,473,472,30958,49.1763,0.1403,1547,848
test0086,2,1214,1213,13901,10.6003,0.0158,432,291
test0405,2,1179,1178,31767,54.0134,0.1882,1550,1035
test0909,2,753,752,9257,4.8346,0.0065,286,182
test1091,2,391,390,11001,6.5528,0.006,328,169
test0796,2,1930,1929,47758,123.5215,0.4506,2244,1581
test0412,2,481,480,30531,50.0053,0.1406,1529,838
test0312,2,546,545,11873,7.8677,0.0098,386,222
test0387,2,795,794,16518,15.2793,0.0205,506,331
test0550,2,1519,1518,45091,112.8704,0.412,2248,1477
test1471,2,1758,1757,26331,38.2545,0.0474,777,503
test0622,2,1087,1086,26636,39.2329,0.1452,1315,883
test1247,2,1718,1717,32250,57.6053,0.2193,1556,1095
test0227,2,1107,1106,11601,7.65,0.0095,355,216
test0583,2,1309,1308,40178,88.9889,0.3005,1939,1281
test0037,2,592,591,13782,10.6344,0.012,436,237
test1074,2,1639,1638,30456,49.9584,0.0667,952,604
test0343,2,673,672,18438,17.8504,0.0593,938,557
test0900,2,1827,1826,16764,14.9296,0.0598,802,581
test0625,2,645,644,16057,13.6423,0.0142,476,274
test0523,2,1001,1000,23742,29.1242,0.1052,1172,767
test0231,2,589,588,17702,16.7598,0.018,571,295
test0168,2,1081,1080,25598,33.7089,0.1294,1307,844
test0522,2,354,353,13133,9.2459,0.011,432,235
test1487,2,1598,1597,23892,29.7566,0.1195,1163,819
test0076,2,1839,1838,48037,125.296,0.4933,2379,1639
test0264,2,882,881,13826,11.0823,0.0115,398,239
test1390,2,1092,1091,12032,8.1283,0.0102,359,229
test0920,2,1239,1238,36900,73.9934,0.2475,1766,1170
test0182,2,1655,1654,24600,33.1729,0.1281,1202,837
test1194,2,1120,1119,16003,13.9935,0.0155,467,281
test0641,2,1991,1990,30070,49.3023,0.2001,1473,1057
test0775,2,917,916,22216,27.1637,0.0943,1114,702
test0431,2,613,612,15137,12.3641,0.044,788,474
test1179,2,1179,1178,21994,26.6674,0.0991,1086,730
test1163,2,1152,1151,18729,19.4306,0.0733,949,634
test0160,2,1097,1096,15854,13.9312,0.0549,808,536
test0455,2,1392,1391,38801,81.3854,0.2988,1917,1278
test0847,2,689,688,17361,16.8442,0.0197,516,322
test0394,2,1858,1857,17449,17.3574,0.027,549,367
test1165,2,1579,1578,25173,35.3686,0.0426,741,473
test0087,2,858,857,9064,4.8606,0.0074,297,186
test0165,2,923,922,29878,47.6106,0.1621,1493,956
test0658,2,414,413,32064,53.4271,0.1418,1637,853
test0644,2,1474,1473,29784,47.7035,0.0557,885,543
test0728,2,945,944,15470,12.6252,0.0443,772,499
test0408,2,519,518,16124,14.2356,0.0157,510,293
test1330,2,1537,1536,17228,15.8143,0.067,865,563
test0259,2,1298,1297,24206,31.8854,0.044,773,487
test1475,2,1870,1869,35578,68.8325,0.0863,1042,693
test0338,2,471,470,14267,10.5226,0.0354,754,432
test1238,2,1600,1599,31862,55.66,0.2098,1599,1060
test0001,2,1055,1054,17174,16.4266,0.0622,890,572
test0700,2,1652,1651,49094,131.5534,0.4673,2349,1600
test1101,2,500,499,14562,11.8562,0.0152,451,277
test0565,2,1620,1619,32363,57.2057,0.0725,986,614
test0100,2,935,934,22016,26.5659,0.0342,678,423
test1100,2,1147,1146,11234,7.3299,0.0091,324,214
test1103,2,357,356,22377,26.9163,0.0722,1176,588
test0697,2,1556,1555,36382,70.3601,0.2612,1772,1244
test0666,2,746,745,15023,12.2379,0.0157,462,288
test0605,2,1784,1783,21351,24.3789,0.0955,1012,739
test1311,2,508,507,10813,6.4071,0.0187,546,308
test0939,2,1008,1007,23897,29.423,0.1121,1217,781
test1140,2,1074,1073,16947,15.7204,0.0187,504,318
test0797,2,834,833,14178,11.1003,0.0144,447,277
test0425,2,939,938,30745,49.2107,0.162,1508,947
test0763,2,1841,1840,32856,57.2497,0.2181,1624,1114
test1303,2,1950,1948,15905,13.9255,0.0195,494,324
test1174,2,1861,1860,17108,16.0856,0.0226,516,349
test0334,2,1985,1984,25832,36.4935,0.0508,818,531
test0508,2,489,488,11028,6.6574,0.0213,550,334
test0078,2,403,402,12308,8.1947,0.0237,603,351
test0719,2,1937,1936,53126,151.3938,0.5505,2577,1736
test1013,2,1119,1118,21738,26.2875,0.0337,684,423
test0869,2,1501,1500,35651,70.8071,0.1059,1174,745
test0977,2,1592,1591,19135,20.7984,0.0309,618,405
test1298,2,1019,1018,8302,4.1356,0.0048,247,156
test1184,2,1899,1898,16787,15.8443,0.0717,855,629
test0207,2,807,806,17765,17.2988,0.0621,896,576
test1316,2,1364,1363,33441,60.6267,0.0694,978,612
test1187,2,1523,1522,28418,45.2551,0.0516,843,523
test0806,2,1542,1541,13951,11.1206,0.0152,421,279
test0250,2,1002,1001,25098,32.8485,0.0408,773,476
test1046,2,1162,1161,29163,45.1724,0.153,1412,920
test0196,2,1405,1404,13372,10.1335,0.0131,396,265
test0671,2,1844,1843,13207,9.6358,0.0133,377,272
test0899,2,1820,1819,19174,19.9691,0.026,566,376
test1109,2,1267,1266,23268,28.8234,0.0405,726,474
test1064,2,507,506,31675,51.6253,0.1352,1542,842
test0167,2,1897,1896,24905,33.6598,0.0487,750,522
test0896,2,1450,1449,22805,28.1788,0.1117,1123,791
test0845,2,1317,1316,15341,12.8893,0.016,445,291
test0677,2,760,759,15302,12.463,0.0371,710,463
test0434,2,1390,1389,9486,5.1051,0.0077,307,200
test0833,2,746,745,11144,6.8258,0.0063,318,175
test0767,2,1629,1628,26765,37.702,0.0516,820,538
test1325,2,1565,1564,25716,35.7222,0.0541,772,545
test0636,2,1536,1535,27512,41.6436,0.1567,1371,929
test0009,2,1837,1836,18515,19.3604,0.0268,538,375
test0768,2,797,796,11086,7.0373,0.0086,344,203
test0575,2,539,538,18008,17.4086,0.053,919,522
test0852,2,883,882,15020,12.48,0.0475,765,497
test0279,2,1489,1488,33674,61.5188,0.2276,1618,1118
test1032,2,1951,1950,33873,63.8317,0.0853,1022,685
test0942,2,1234,1233,32725,61.9702,0.0702,988,609
test1375,2,542,541,12583,8.8027,0.0119,403,237
test0077,2,477,476,12440,8.865,0.0113,414,238
test0646,2,1267,1266,20748,23.4892,0.0798,992,664
test0518,2,1296,1295,36206,69.1926,0.2288,1785,1140
test0668,2,867,866,17517,16.8588,0.0184,528,318
test0053,2,1032,1031,10964,6.7482,0.0082,322,210
test0761,2,1790,1789,14722,11.7594,0.0144,408,275
test0257,2,1692,1691,23646,30.2238,0.1232,1183,829
test0189,2,888,887,13185,9.5627,0.0326,614,426
test1420,2,411,410,8423,3.9332,0.0041,235,141
test0407,2,375,374,28825,42.0119,0.1098,1439,746
test1063,2,1600,1598,14783,12.0349,0.0177,453,309
test0999,2,412,411,27502,38.3878,0.105,1398,723
test0204,2,727,726,9419,4.9873,0.0064,304,183
test0895,2,1243,1242,19986,21.7112,0.029,638,382
test0543,2,901,900,26610,38.0514,0.0485,864,505
test1058,2,619,618,15503,12.7537,0.0472,857,498
test1157,2,823,822,16735,14.7317,0.0498,840,525
test1059,2,1455,1454,16340,14.2281,0.0637,831,597
test1286,2,923,922,9652,5.1789,0.0069,299,191
test0574,2,1056,1055,37944,75.6277,0.2658,1892,1195
test1152,2,1987,1986,14364,11.6773,0.0188,445,316
test0747,2,850,849,15193,13.1477,0.0157,450,281
test0496,2,660,659,28289,44.1113,0.1445,1480,862
test1498,2,589,588,27352,39.8399,0.1146,1345,758
test0997,2,1389,1388,22775,28.6213,0.0367,720,432
test0612,2,1173,1172,20833,24.6363,0.0394,718,459
test1284,2,1397,1396,42462,96.9014,0.3294,2064,1341
test0590,2,622,621,10024,5.7872,0.0071,315,190
test0881,2,1494,1493,14493,11.3076,0.0522,783,535
test0440,2,648,647,8391,3.9462,0.0059,272,171
test1447,2,936,935,19267,20.4923,0.0275,625,390
test1252,2,1824,1823,25068,33.6871,0.135,1262,879
test0348,2,1759,1758,32152,54.8808,0.2243,1629,1137
test1427,2,536,535,19839,20.4259,0.0257,656,364
test0676,2,1189,1188,27170,38.7944,0.0491,839,517
test0834,2,1097,1096,31624,55.7581,0.1891,1581,1029
test0147,2,1466,1465,13887,10.8973,0.0158,442,292
test0275,2,1598,1597,29593,45.6593,0.1884,1517,1042
test0011,2,647,646,18578,18.2288,0.062,949,574
test1012,2,797,796,35074,64.007,0.2043,1770,1072
test0527,2,709,708,38719,80.5968,0.2462,1959,1140
test0745,2,498,497,26487,37.7753,0.1189,1332,774
test1007,2,457,456,27287,40.5825,0.1157,1401,757
test0655,2,471,470,19800,21.8112,0.0226,637,319
test0218,2,677,676,14639,11.971,0.0146,447,269
test1082,2,1228,1227,12448,9.1108,0.0118,388,240
test0205,2,767,766,11239,7.1498,0.0224,555,339
test0228,2,1476,1475,11538,7.7314,0.0102,347,234
test1081,2,522,521,18103,17.887,0.0573,962,529
test1355,2,864,863,21938,26.4646,0.088,1097,685
test0082,2,776,775,39652,85.1954,0.2564,1921,1168
test0038,2,1488,1487,27508,41.8113,0.0575,918,543
test0560,2,1485,1484,34586,63.8278,0.0864,1070,701
test0517,2,480,479,20020,20.457,0.0592,1007,558
test0492,2,1155,1154,10455,6.1919,0.0072,301,198
test0378,2,514,513,10267,5.8868,0.0084,348,204
test1038,2,1992,1991,39674,82.9674,0.3027,1885,1334
test0717,2,414,413,13944,10.4819,0.0117,432,243
test0788,2,457,456,10343,5.804,0.0181,538,304
test1134,2,751,750,12734,8.7237,0.0116,421,240
test1445,2,1581,1580,43343,98.1948,0.3755,2147,1479
test1263,2,1100,1099,20779,23.0827,0.0315,667,412
test0032,2,880,879,38506,78.0638,0.2626,1912,1186
test0065,2,413,412,15059,12.8535,0.0357,758,414
test0374,2,1647,1646,34511,64.7874,0.0933,1083,708
test0507,2,378,377,8119,3.8219,0.0043,258,140
test0924,2,1146,1145,14483,11.5842,0.0164,457,290
test0404,2,868,867,15340,12.8725,0.0446,738,485
test0825,2,1442,1441,12291,8.5797,0.0117,361,242
test0483,2,383,381,6927,2.7971,0.0032,214,123
test0760,2,803,802,12025,7.867,0.0103,367,231
test0601,2,729,728,36202,69.6927,0.2141,1784,1040
test1334,2,1763,1762,12217,8.632,0.0162,416,291
test0910,2,1774,1773,16302,14.4362,0.0629,806,584
test0911,2,1168,1167,31142,53.9884,0.0641,973,581
test0351,2,1677,1676,30232,49.6713,0.0697,927,614
test1444,2,1444,1443,9107,4.7208,0.009,304,216
test1364,2,1294,1293,12651,9.0006,0.013,392,262
test0028,2,1022,1021,11639,7.5077,0.0117,375,247
test1205,2,418,417,14401,11.4981,0.0117,441,233
test1338,2,725,724,8148,3.8041,0.0055,266,171
test0868,2,1735,1734,14363,11.6723,0.0172,432,298
test0992,2,766,765,12774,8.9925,0.0123,427,248
test1204,2,380,379,9522,5.0735,0.0176,518,298
test1208,2,1487,1486,22656,27.337,0.1098,1130,785
test0319,2,1435,1434,11615,7.3694,0.0136,384,276
test1191,2,1355,1354,19862,20.4747,0.0266,606,379
test0315,2,1858,1857,20333,22.3138,0.0857,941,688
test0630,2,942,941,35795,66.0643,0.2063,1712,1077
test0669,2,1059,1058,10067,5.5601,0.0083,303,208
test1171,2,1770,1769,27230,38.7357,0.1385,1264,889
test1197,2,1930,1929,32438,54.9005,0.1996,1560,1083
test0821,2,968,967,19865,20.8315,0.0258,623,366
test1053,2,1129,1128,17517,16.105,0.063,879,588
test0735,2,915,914,28072,41.0882,0.0496,905,502
test1244,2,1055,1054,27322,39.3923,0.1487,1323,900
test0663,2,460,459,9552,5.1652,0.0079,321,198
test0552,2,1315,1314,10747,6.5956,0.0092,326,217
test0533,2,780,779,20729,22.8473,0.0772,1007,640
test0321,2,1596,1595,26562,39.0311,0.0461,749,498
test0604,2,1631,1630,25254,35.6905,0.1386,1253,876
test0055,2,400,399,18888,19.5766,0.0192,583,303
test0036,2,1942,1941,15610,13.6866,0.0221,473,336
test0710,2,606,605,12175,8.1412,0.0277,603,384
test0880,2,1958,1957,18273,18.4598,0.0254,572,367