File,Gamma,V,T,E,TG_edges,Tnb_gmBBR19,G_edges,nb_gmBBR19
rollernet458,2,62,22,18207,0.01979232,0.39522099,11624,250
rollernet264,2,62,38,23917,0.08106565,1.30740476,13872,420
rollernet952,2,62,11,12186,0.0130589,0.14730215,8606,131
rollernet663,2,62,16,14911,0.01399231,0.20729661,10048,179
rollernet687,2,62,15,14702,0.01411653,0.2059958,10022,174
rollernet474,2,62,22,17846,0.01649427,0.32194543,11437,244
rollernet830,2,62,13,12964,0.01246047,0.14475751,8906,144
rollernet497,2,62,21,17504,0.03285766,0.34010077,11368,234
rollernet532,2,62,19,16816,0.03067636,0.2948091,11011,221
rollernet244,2,62,41,24663,0.02103019,0.77209449,14050,459
rollernet246,2,62,41,24623,0.02717686,0.7426765,14028,454
rollernet226,2,62,45,25682,0.04299784,0.93154216,14518,487
rollernet918,2,62,11,12149,0.01699042,0.1518867,8305,132
rollernet448,2,62,23,18446,0.01770926,0.41699839,11729,258
rollernet205,2,62,49,26635,0.03835988,1.00362873,14608,534
rollernet746,2,62,14,13964,0.01377654,0.1873939,9545,161
rollernet742,2,62,14,14018,0.02449369,0.24555016,9543,166
rollernet850,2,62,12,13062,0.01547074,0.22627497,9201,147
rollernet710,2,62,15,14361,0.02302098,0.27585125,9803,165
rollernet498,2,62,21,17416,0.04940867,0.33534646,11287,228
rollernet796,2,62,13,13540,0.03146029,0.18737149,9354,151
rollernet271,2,62,37,23476,0.03728294,0.71012068,13566,406
rollernet777,2,62,13,13675,0.0150733,0.17732835,9455,150
rollernet507,2,62,20,17195,0.01693535,0.29929495,11050,237
rollernet42,2,62,238,53229,0.15508246,12.63031697,28137,2261
rollernet576,2,62,18,16186,0.01995087,0.30432081,10771,208
rollernet341,2,62,30,21187,0.03956008,0.50213265,12901,330
rollernet322,2,62,31,21694,0.0440886,0.52471638,13091,345
rollernet795,2,62,13,13556,0.01437712,0.15903544,9377,157
rollernet542,2,62,19,16818,0.03438234,0.26505113,11112,216
rollernet56,2,62,179,46991,0.0713315,6.34991479,24975,1774
rollernet108,2,62,93,34927,0.05662274,2.23702025,18036,972
rollernet436,2,62,23,18635,0.04133725,0.35198855,11776,270
rollernet784,2,62,13,13661,0.03401256,0.16964722,9472,157
rollernet243,2,62,42,24717,0.03246236,0.70776391,14064,454
rollernet791,2,62,13,13603,0.01445127,0.17647362,9429,156
rollernet409,2,62,25,19342,0.03587413,0.36360955,12112,278
rollernet202,2,62,50,26803,0.04586005,0.96489406,14686,541
rollernet358,2,62,28,20552,0.02018332,0.45635366,12551,319
rollernet885,2,62,12,12738,0.01368427,0.14846635,8943,144
rollernet692,2,62,15,14626,0.01590466,0.20331478,10004,177
rollernet268,2,62,38,23583,0.04638028,0.79768777,13613,418
rollernet142,2,62,71,31192,0.05087042,1.61559105,16254,760
rollernet813,2,62,13,13242,0.02281713,0.23853183,9068,152
rollernet680,2,62,15,14781,0.01961589,0.27885032,10072,178
rollernet227,2,62,44,25567,0.0449512,0.86677885,14361,486
rollernet174,2,62,58,28641,0.05284095,1.13762665,15353,629
rollernet840,2,62,12,13045,0.03114915,0.14533734,9122,142
rollernet977,2,62,11,12054,0.02751756,0.12604833,8564,130
rollernet70,2,62,143,42437,0.07804704,4.58149457,22197,1444
rollernet472,2,62,22,17980,0.04851103,0.34032226,11562,246
rollernet745,2,62,14,13985,0.0152247,0.18126845,9553,164
rollernet66,2,62,152,43582,0.06822228,5.30371642,22917,1525
rollernet389,2,62,26,19761,0.02033186,0.44368482,12247,292
rollernet540,2,62,19,16767,0.04002404,0.2860961,11033,219
rollernet927,2,62,11,12138,0.0310092,0.10980868,8361,129
rollernet261,2,62,39,24046,0.02320957,0.76586342,13958,428
rollernet230,2,62,44,25217,0.04327989,0.8484726,14048,482
rollernet938,2,62,11,12143,0.01329112,0.11620688,8443,129
rollernet383,2,62,27,19895,0.01907563,0.41599178,12253,295
rollernet95,2,62,106,36935,0.07090831,2.80268097,19033,1093
rollernet57,2,62,176,46560,0.08130932,6.5635066,24654,1736
rollernet821,2,62,13,13110,0.01454186,0.1509707,8960,147
rollernet308,2,62,33,21988,0.04482484,0.51863503,12848,369
rollernet903,2,62,12,12332,0.01410627,0.14074087,8476,138
rollernet421,2,62,24,19071,0.03706527,0.36059666,12049,279
rollernet326,2,62,31,21463,0.02110052,0.4836607,12831,349
rollernet256,2,62,39,24036,0.05282092,0.66697764,13695,433
rollernet881,2,62,12,12800,0.01404691,0.12543488,9006,140
rollernet39,2,62,256,54937,0.11107707,13.57420826,28917,2428
rollernet50,2,62,200,49390,0.11161256,8.40464616,26178,1962
rollernet691,2,62,15,14648,0.0423882,0.19825912,10024,178
rollernet49,2,62,204,49784,0.08909488,10.2717483,26390,1991
rollernet586,2,62,18,15988,0.01962757,0.27331066,10618,203
rollernet945,2,62,11,12158,0.01306081,0.13156581,8533,128
rollernet35,2,62,286,57341,0.11882138,17.83963227,29872,2672
rollernet872,2,62,12,12942,0.01670337,0.16118169,9149,145
rollernet371,2,62,27,20310,0.04311132,0.42485166,12571,309
rollernet11,2,62,907,87624,0.17789149,68.54616666,39193,6842
rollernet248,2,62,41,24469,0.02675343,0.69471478,13938,446
rollernet606,2,62,17,15712,0.03831744,0.21794057,10392,199
rollernet517,2,62,20,17085,0.01723456,0.26612186,11042,225
rollernet479,2,62,21,17834,0.01803184,0.30815101,11514,239
rollernet157,2,62,64,29868,0.02557588,1.25958967,15756,692
rollernet522,2,62,20,16978,0.06592274,0.27269435,11025,223
rollernet47,2,62,213,50694,0.07754993,8.17042589,26888,2093
rollernet756,2,62,14,13877,0.01655316,0.16846824,9533,161
rollernet200,2,62,50,26873,0.04475498,0.96325874,14705,553
rollernet503,2,62,20,17309,0.018332,0.2795918,11171,229
rollernet385,2,62,26,19777,0.04122496,0.37728739,12131,291
rollernet365,2,62,28,20516,0.02846241,0.78200006,12689,318
rollernet412,2,62,25,19234,0.07652116,0.79876947,12079,284
rollernet323,2,62,31,21611,0.02642465,0.67293739,12992,340
rollernet107,2,62,94,35207,0.06795335,3.18993688,18187,975
rollernet994,2,62,11,11880,0.05690265,0.15957236,8489,130
rollernet496,2,62,21,17537,0.08478069,0.45057154,11388,236
rollernet234,2,62,43,25027,0.0335331,1.33325553,13944,476
rollernet139,2,62,72,31342,0.07147932,2.23188066,16322,764
rollernet518,2,62,20,17074,0.04914165,0.4361341,11048,229
rollernet564,2,62,18,16349,0.02502131,0.40085149,10769,213
rollernet254,2,62,40,24032,0.071486,1.19102407,13558,440
rollernet572,2,62,18,16196,0.02275991,0.42040682,10749,202
rollernet836,2,62,12,13018,0.02609205,0.25954485,9041,145
rollernet739,2,62,14,14064,0.01719713,0.24549341,9563,161
rollernet221,2,62,46,25653,0.04812026,0.95263243,14138,495
rollernet799,2,62,13,13485,0.03531313,0.17276216,9279,153
rollernet452,2,62,23,18390,0.0186975,0.61063266,11760,264
rollernet876,2,62,12,12877,0.02072859,0.18202472,9071,139
rollernet363,2,62,28,20583,0.04525709,0.47243357,12711,317
rollernet521,2,62,20,17016,0.04224491,0.55685163,11043,229
rollernet143,2,62,70,31006,0.06548095,1.79042745,16128,752
rollernet738,2,62,14,14079,0.01940918,0.27353597,9570,165
rollernet44,2,62,227,52160,0.10962057,14.07486534,27677,2190
rollernet430,2,62,24,18813,0.02174616,0.43389297,11838,272
rollernet966,2,62,11,12129,0.0312717,0.15881157,8610,132
rollernet454,2,62,22,18336,0.01976681,0.40205574,11751,255
rollernet970,2,62,11,12089,0.02150846,0.13579464,8584,131
rollernet726,2,62,14,14181,0.0160358,0.20119309,9607,164
rollernet280,2,62,36,23143,0.08023095,0.72255111,13452,396
rollernet880,2,62,12,12812,0.03355265,0.12726307,9013,142
rollernet767,2,62,14,13713,0.04632831,0.16455436,9466,156
rollernet333,2,62,30,21317,0.03503156,0.72714496,12831,332
rollernet64,2,62,156,44184,0.09855008,6.60289669,23310,1573
rollernet491,2,62,21,17687,0.04773188,0.29669905,11498,242
rollernet60,2,62,167,45469,0.0946486,7.50458622,24009,1667
rollernet660,2,62,16,14976,0.04025984,0.20256686,10085,180
rollernet602,2,62,17,15757,0.01751781,0.22658134,10403,193
rollernet968,2,62,11,12122,0.01429105,0.14171791,8621,132
rollernet118,2,62,85,33799,0.05096626,1.92395759,17513,909
rollernet402,2,62,25,19621,0.05935574,0.3762219,12394,290
rollernet715,2,62,14,14256,0.03569984,0.17439032,9698,165
rollernet579,2,62,18,16174,0.01919246,0.26559019,10767,206
rollernet461,2,62,22,18143,0.01842117,0.31161952,11598,249
rollernet931,2,62,11,12136,0.01343656,0.13037515,8390,133
rollernet888,2,62,12,12677,0.01428294,0.14437199,8858,145
rollernet309,2,62,33,21963,0.04447246,0.52275157,12865,373
rollernet473,2,62,22,17900,0.01886678,0.29462814,11487,248
rollernet120,2,62,84,33304,0.06279469,1.9217155,17089,874
rollernet890,2,62,12,12617,0.01589227,0.12401986,8784,143
rollernet624,2,62,16,15306,0.01752877,0.48074293,10213,194
rollernet219,2,62,46,25792,0.04831624,1.84649229,14221,516
rollernet316,2,62,32,21937,0.07409024,0.70500779,13162,359
rollernet210,2,62,48,26421,0.05341792,0.98450804,14678,518
rollernet99,2,62,101,36412,0.07109284,3.55332899,18812,1054
rollernet432,2,62,24,18710,0.02565718,0.38428831,11766,267
rollernet222,2,62,45,25519,0.03443289,0.98581767,14057,497
rollernet91,2,62,110,37822,0.14559937,3.32303238,19637,1145
rollernet701,2,62,15,14458,0.05530262,0.1787262,9838,167
rollernet841,2,62,12,13056,0.03343701,0.14401937,9138,141
rollernet870,2,62,12,12951,0.04213715,0.14249015,9156,144
rollernet648,2,62,16,15059,0.01608968,0.22936511,10091,176
rollernet186,2,62,54,27724,0.05325603,1.17652988,14920,583
rollernet786,2,62,13,13658,0.02334952,0.37072015,9481,154
rollernet721,2,62,14,14256,0.02638769,0.33331728,9707,167
rollernet613,2,62,17,15585,0.04604197,0.49679661,10326,196
rollernet96,2,62,104,36981,0.13005519,4.80717516,19204,1079
rollernet136,2,62,74,31642,0.06037712,1.73850226,16414,781
rollernet914,2,62,11,12199,0.08722639,0.17877412,8363,128
rollernet818,2,62,13,13164,0.05620432,0.15537858,9003,157
rollernet932,2,62,11,12132,0.04694629,0.21628976,8391,129
rollernet641,2,62,16,15245,0.03781962,0.39553237,10279,188
rollernet794,2,62,13,13575,0.03778553,0.18974257,9397,150
rollernet301,2,62,34,22452,0.0287919,0.65207696,13355,374
rollernet278,2,62,36,23117,0.04625916,0.6625061,13303,402
rollernet241,2,62,42,24694,0.0787313,1.57733321,13803,461
rollernet279,2,62,36,23157,0.03213072,0.68115091,13418,401
rollernet937,2,62,11,12135,0.01668429,0.14583683,8426,135
rollernet84,2,62,119,39168,0.09416437,4.50142503,20389,1219
rollernet247,2,62,41,24538,0.07212806,0.83059382,13959,452
rollernet652,2,62,16,15039,0.05277443,0.18741918,10082,180
rollernet339,2,62,30,21149,0.02144051,0.51425886,12788,333
rollernet411,2,62,25,19280,0.04394174,0.36698246,12101,279
rollernet124,2,62,81,33077,0.08879638,1.79994798,17187,856
rollernet678,2,62,15,14776,0.01697731,0.21210384,10055,175
rollernet260,2,62,39,24154,0.08155274,0.70059323,14033,427
rollernet251,2,62,40,24224,0.02281713,0.6952076,13745,446
rollernet41,2,62,244,53741,0.08696151,10.72306991,28341,2315
rollernet815,2,62,13,13217,0.01629233,0.14721656,9039,153
rollernet374,2,62,27,20192,0.04479766,0.41417146,12468,308
rollernet163,2,62,62,29314,0.06244564,1.17556739,15435,663
rollernet483,2,62,21,17767,0.05017757,0.34636474,11488,246
rollernet126,2,62,80,32662,0.05449343,2.42264175,16835,838
rollernet315,2,62,32,21949,0.05233645,0.70143294,13163,359
rollernet900,2,62,12,12410,0.05244231,0.20465279,8544,140
rollernet685,2,62,15,14745,0.05872011,0.23269892,10061,172
rollernet887,2,62,12,12700,0.04805803,0.12903929,8894,141
rollernet313,2,62,32,21927,0.03271103,0.52838659,13061,358
rollernet81,2,62,124,39813,0.08017588,3.61763072,20770,1271
rollernet578,2,62,18,16177,0.02818537,0.30050993,10770,206
rollernet713,2,62,14,14268,0.01966977,0.34366584,9713,163
rollernet62,2,62,161,44881,0.15146065,8.44593096,23666,1606
rollernet169,2,62,60,28702,0.03696823,1.86226106,15126,632
rollernet955,2,62,11,12195,0.01963663,0.2080853,8639,128
rollernet500,2,62,20,17358,0.0255928,0.52659154,11247,226
rollernet825,2,62,13,13071,0.02442575,0.3120153,8960,151
rollernet878,2,62,12,12846,0.02929306,0.2208364,9037,141
rollernet415,2,62,25,19106,0.04523206,0.3650496,11995,281
rollernet693,2,62,15,14596,0.03659177,0.17164016,9976,178
rollernet391,2,62,26,19752,0.01938915,0.44715214,12248,285
rollernet529,2,62,19,16848,0.02383256,0.26177144,11011,222
rollernet274,2,62,37,23276,0.05622435,0.57927632,13275,411
rollernet892,2,62,12,12553,0.01469326,0.13598895,8706,140
rollernet921,2,62,11,12142,0.01332736,0.12436867,8326,135
rollernet368,2,62,28,20354,0.03440928,0.6361897,12538,302
rollernet849,2,62,12,13052,0.0293808,0.29338074,9181,143
rollernet946,2,62,11,12158,0.03879237,0.29204726,8540,134
rollernet245,2,62,41,24599,0.09575152,1.16452861,14022,457
rollernet599,2,62,17,15825,0.04472375,0.32636571,10464,190
rollernet549,2,62,19,16768,0.02281117,0.43883419,11094,221
rollernet195,2,62,52,27109,0.03301644,1.41589499,14646,560
rollernet347,2,62,29,21014,0.06728959,0.78016782,12887,327
rollernet816,2,62,13,13202,0.04209518,0.27701163,9028,151
rollernet785,2,62,13,13655,0.072294,0.27316856,9472,157
rollernet595,2,62,17,15911,0.04393911,0.38543892,10567,193
rollernet866,2,62,12,13008,0.01711249,0.19391751,9215,141
rollernet792,2,62,13,13608,0.05080533,0.42064142,9436,150
rollernet19,2,62,526,71645,0.15287042,28.07958078,32295,4398
rollernet954,2,62,11,12188,0.01711488,0.12492299,8623,130
rollernet594,2,62,17,15912,0.0170176,0.2343142,10561,195
rollernet93,2,62,108,37495,0.06879997,2.70215058,19470,1109
rollernet211,2,62,48,26261,0.05449486,0.83214259,14476,526
rollernet988,2,62,11,11990,0.03242612,0.12545776,8545,131
rollernet350,2,62,29,20817,0.02000904,0.43555713,12722,322
rollernet787,2,62,13,13636,0.01545072,0.16432929,9460,153
rollernet467,2,62,22,18130,0.01830196,0.33299327,11698,249
rollernet683,2,62,15,14772,0.03944635,0.18820167,10084,174
rollernet464,2,62,22,18142,0.04208255,0.30855012,11664,256
rollernet224,2,62,45,25439,0.04931593,0.76220226,14070,489
rollernet858,2,62,12,13039,0.0346787,0.14363885,9219,144
rollernet285,2,62,36,22962,0.02145481,0.54992485,13449,394
rollernet377,2,62,27,20117,0.04429698,0.38000011,12390,304
rollernet851,2,62,12,13069,0.04076576,0.15361261,9219,145
rollernet805,2,62,13,13333,0.0487175,0.14515567,9097,154
rollernet628,2,62,16,15321,0.0455687,0.18745875,10258,187
rollernet711,2,62,15,14325,0.04682708,0.15601134,9769,169
rollernet58,2,62,173,46182,0.07195091,5.52426744,24417,1707
rollernet490,2,62,21,17689,0.0196538,0.28125191,11511,241
rollernet804,2,62,13,13345,0.0152638,0.16743255,9107,151
rollernet659,2,62,16,14975,0.03816247,0.1897366,10047,176
rollernet519,2,62,20,17070,0.03714681,0.26137137,11063,230
rollernet269,2,62,38,23536,0.02308726,0.59284735,13594,412
rollernet216,2,62,47,25903,0.02495289,0.80314255,14259,514
rollernet783,2,62,13,13654,0.01590419,0.15919352,9462,154
rollernet9,2,62,1109,95275,0.19020247,79.76866317,44543,8044
rollernet13,2,62,768,82146,0.14316964,38.77102947,35818,6006
rollernet201,2,62,50,26774,0.06097817,0.93889427,14613,545
rollernet109,2,62,92,34920,0.0396378,2.33485985,18116,954
rollernet431,2,62,24,18768,0.04652452,0.33335853,11802,273
rollernet669,2,62,15,14783,0.01591468,0.19048262,9968,171
rollernet981,2,62,11,12020,0.02953005,0.11105585,8549,127
rollernet397,2,62,26,19769,0.02071548,0.37041116,12427,290
rollernet775,2,62,13,13702,0.01581049,0.14036512,9481,148
rollernet150,2,62,67,30202,0.02651048,1.28078747,15658,717
rollernet621,2,62,17,15387,0.01774287,0.227247,10237,192
rollernet314,2,62,32,21959,0.05544519,0.49886847,13152,365
rollernet161,2,62,62,29552,0.05251336,1.1920197,15662,670
rollernet752,2,62,14,13927,0.0159657,0.18962789,9548,165
rollernet961,2,62,11,12189,0.02701044,0.12784386,8657,129
rollernet435,2,62,23,18636,0.01860499,0.34331846,11764,261
rollernet492,2,62,21,17690,0.03963709,0.28294849,11534,240
rollernet370,2,62,27,20344,0.02510142,0.43198299,12601,310
rollernet696,2,62,15,14540,0.01669407,0.1735158,9924,174
rollernet112,2,62,90,34425,0.05939245,1.96619797,17729,914
rollernet980,2,62,11,12025,0.03622723,0.12401843,8548,137
rollernet410,2,62,25,19312,0.03760195,0.35380888,12104,283
rollernet46,2,62,217,51184,0.09257603,8.18328571,27090,2121
rollernet5,2,62,1996,127401,0.19367814,232.39060235,72484,13655
rollernet942,2,62,11,12173,0.07006645,0.12162399,8522,128
rollernet284,2,62,36,23072,0.02367973,0.69932103,13521,400
rollernet74,2,62,135,41502,0.07646251,4.64843464,21749,1362
rollernet835,2,62,12,13009,0.01858091,0.1462214,9016,140
rollernet972,2,62,11,12065,0.01425171,0.14353466,8565,133
rollernet939,2,62,11,12150,0.01416731,0.13101792,8456,136
rollernet587,2,62,17,15959,0.03461313,0.3503716,10597,202
rollernet154,2,62,65,30061,0.06458831,1.69781065,15848,693
rollernet177,2,62,57,28233,0.05084491,1.17982173,15046,618
rollernet173,2,62,58,28690,0.06262374,1.22787952,15390,626
rollernet751,2,62,14,13925,0.02519393,0.17551351,9542,163
rollernet665,2,62,16,14836,0.02265,0.44131112,9984,177
rollernet912,2,62,11,12215,0.01941657,0.20937228,8385,129
rollernet941,2,62,11,12173,0.02710986,0.18407393,8515,131
rollernet809,2,62,13,13278,0.04208255,0.1892066,9070,154
rollernet649,2,62,16,15064,0.0222013,0.3247385,10102,182
rollernet132,2,62,76,32066,0.05833673,2.07497168,16554,802
rollernet547,2,62,19,16817,0.02596688,0.40309238,11134,216
rollernet771,2,62,13,13688,0.05360436,0.23475218,9446,148
rollernet134,2,62,75,31961,0.08579493,1.84845185,16666,805
rollernet302,2,62,34,22362,0.02492094,0.59399533,13265,373
rollernet626,2,62,16,15306,0.01774979,0.25568032,10224,183
rollernet337,2,62,30,21129,0.04996848,0.52304506,12666,345
rollernet989,2,62,11,11973,0.01420164,0.12923288,8539,131
rollernet306,2,62,33,22052,0.02702689,0.97731471,12876,375
rollernet3,2,62,3326,173933,0.4306612,689.46038795,116819,21984
rollernet550,2,62,19,16717,0.02778196,0.30190897,11052,217
rollernet188,2,62,54,27480,0.02572989,1.00434399,14700,571
rollernet250,2,62,40,24157,0.06561446,0.72935486,13605,442
rollernet335,2,62,30,21230,0.02091193,0.49863911,12779,333
rollernet861,2,62,12,13041,0.01541972,0.16989517,9249,142
rollernet31,2,62,322,60163,0.09907866,16.55333924,30664,2982
rollernet642,2,62,16,15202,0.04959226,0.26333356,10229,184
rollernet25,2,62,400,65088,0.1115098,18.5141325,31510,3533
rollernet923,2,62,11,12147,0.01549792,0.13815093,8352,134
rollernet798,2,62,13,13520,0.04686356,0.1687479,9327,153
rollernet283,2,62,36,23119,0.02223563,0.61339021,13520,392
rollernet538,2,62,19,16758,0.02434564,0.30933404,10983,219
rollernet131,2,62,77,32336,0.06611633,2.25312138,16939,812
rollernet525,2,62,20,16865,0.03989172,0.27650785,10992,220
rollernet386,2,62,26,19755,0.02911782,0.4743154,12134,302
rollernet249,2,62,41,24261,0.04521656,1.01605535,13724,447
rollernet951,2,62,11,12185,0.01946926,0.19335222,8598,133
rollernet220,2,62,46,25760,0.07810974,1.42566371,14253,505
rollernet984,2,62,11,12024,0.03746653,0.27130508,8561,129
rollernet563,2,62,18,16356,0.04528213,0.42450404,10778,207
rollernet747,2,62,14,13947,0.01621771,0.17901278,9539,163
rollernet510,2,62,20,17156,0.01749778,0.28040814,11033,237
rollernet668,2,62,15,14775,0.01787543,0.23229885,9936,180
rollernet802,2,62,13,13395,0.01536846,0.1442802,9167,148
rollernet898,2,62,12,12453,0.01600242,0.12899232,8581,142
rollernet469,2,62,22,18075,0.01842499,0.5919745,11650,257
rollernet34,2,62,294,58015,0.163486,18.0179975,30011,2736
rollernet353,2,62,29,20683,0.07658553,0.74220681,12583,325
rollernet677,2,62,15,14773,0.02674103,0.29004669,10033,174
rollernet104,2,62,96,35589,0.04181361,3.54339862,18356,997
rollernet720,2,62,14,14249,0.02202702,0.30918956,9709,165
rollernet513,2,62,20,17121,0.07699203,0.46514964,11028,228
rollernet612,2,62,17,15605,0.04687285,0.3806715,10317,198
rollernet8,2,62,1248,100397,0.27362418,116.34154916,48655,8978
rollernet416,2,62,24,19107,0.05846143,0.44512248,12047,276
rollernet658,2,62,16,14994,0.03739095,0.24158216,10060,182
rollernet853,2,62,12,13070,0.04139256,0.14069486,9237,142
rollernet121,2,62,83,33471,0.05577707,2.15285993,17429,877
rollernet320,2,62,32,21948,0.05249095,0.56078005,13292,351
rollernet138,2,62,73,31546,0.05647612,1.65247893,16569,767
rollernet442,2,62,23,18626,0.01967978,0.67866564,11859,264
rollernet847,2,62,12,13046,0.01889324,0.19176221,9158,140
rollernet845,2,62,12,13059,0.0311377,0.42066622,9162,147
rollernet18,2,62,555,72913,0.1902678,31.8387711,32341,4531
rollernet936,2,62,11,12137,0.06275916,0.16839457,8423,135
rollernet948,2,62,11,12174,0.02825141,0.20910072,8567,132
rollernet838,2,62,12,13038,0.01536274,0.25519824,9093,140
rollernet258,2,62,39,24076,0.06841493,1.02998829,13860,423
rollernet964,2,62,11,12148,0.01535296,0.26901603,8618,137
rollernet420,2,62,24,19106,0.03796864,0.64369369,12071,273
rollernet87,2,62,115,38654,0.071666,4.60524821,20181,1188
rollernet403,2,62,25,19621,0.04881239,0.42230678,12391,287
rollernet788,2,62,13,13622,0.03979421,0.19227219,9449,156
rollernet735,2,62,14,14056,0.03543258,0.18904233,9511,160
rollernet440,2,62,23,18633,0.03777933,0.37914038,11859,270
rollernet916,2,62,11,12176,0.01351023,0.14447737,8332,131
rollernet662,2,62,16,14936,0.01579738,0.24211526,10066,181
rollernet829,2,62,13,12994,0.01440954,0.17544007,8926,145
rollernet68,2,62,147,42866,0.09417343,5.10666943,22427,1487
rollernet857,2,62,12,13039,0.03681231,0.20758414,9214,138
rollernet512,2,62,20,17142,0.01825643,0.35204601,11044,236
rollernet144,2,62,70,30971,0.05162692,1.53860331,16177,741
rollernet733,2,62,14,14079,0.01696801,0.16259313,9517,166
rollernet863,2,62,12,13021,0.01965332,0.14357877,9234,140
rollernet860,2,62,12,13043,0.01465917,0.13917136,9250,141
rollernet324,2,62,31,21497,0.0475924,0.55631661,12858,361
rollernet633,2,62,16,15275,0.03468657,0.20585752,10229,180
rollernet676,2,62,15,14764,0.01890683,0.28508615,10008,173
rollernet709,2,62,15,14383,0.02021265,0.31390452,9817,171
rollernet123,2,62,82,33224,0.03094459,2.02086711,17280,860
rollernet228,2,62,44,25472,0.04955316,0.99502993,14288,486
rollernet176,2,62,57,28378,0.06059217,1.11234784,15141,616
rollernet697,2,62,15,14550,0.01937175,0.19631886,9953,173
rollernet675,2,62,15,14758,0.01692319,0.21172667,9985,172
rollernet424,2,62,24,19009,0.0575161,0.36916041,12033,270
rollernet485,2,62,21,17760,0.04992986,0.30624127,11529,238
rollernet833,2,62,12,12955,0.03170896,0.1654284,8923,141
rollernet944,2,62,11,12176,0.03632402,0.14403367,8550,136
rollernet782,2,62,13,13669,0.03131509,0.1715579,9476,156
rollernet447,2,62,23,18467,0.01846957,0.35673594,11747,267
rollernet831,2,62,13,12954,0.01488376,0.12693572,8913,142
rollernet36,2,62,278,56780,0.10320544,12.51138449,29723,2611
rollernet102,2,62,98,35945,0.0728066,2.94787049,18655,1022
rollernet1001,2,62,10,11721,0.01526713,0.11130118,8296,119
rollernet361,2,62,28,20570,0.0653863,0.52181411,12633,324
rollernet712,2,62,15,14300,0.05380464,0.19775438,9747,164
rollernet145,2,62,69,30949,0.08272076,2.31133914,16241,733
rollernet21,2,62,476,69107,0.14138889,32.79718065,31833,4058
rollernet727,2,62,14,14169,0.02843809,0.19474673,9594,162
rollernet574,2,62,18,16203,0.03605866,0.30915666,10787,212
rollernet508,2,62,20,17183,0.01984358,0.33982015,11044,230
rollernet417,2,62,24,19093,0.04808569,0.51367521,12019,276
rollernet582,2,62,18,16125,0.04977322,0.26245213,10740,210
rollernet700,2,62,15,14483,0.04338479,0.26909328,9868,174
rollernet355,2,62,29,20674,0.03224921,0.60339236,12645,321
rollernet116,2,62,87,34019,0.07168674,2.20458078,17706,905
rollernet820,2,62,13,13127,0.03753281,0.17131495,8968,150
rollernet719,2,62,14,14255,0.04680967,0.20225477,9710,165
rollernet381,2,62,27,19975,0.03015757,0.42975116,12295,298
rollernet531,2,62,19,16804,0.01849008,0.28265929,10981,220
rollernet565,2,62,18,16344,0.04046535,0.28722334,10781,217
rollernet810,2,62,13,13255,0.03589463,0.13773537,9057,154
rollernet480,2,62,21,17833,0.0433135,0.3648777,11525,240
rollernet225,2,62,45,25572,0.05177546,1.04761314,14300,497
rollernet20,2,62,499,70321,0.15732932,31.51137161,32055,4264
rollernet757,2,62,14,13875,0.02769899,0.33673477,9538,158
rollernet843,2,62,12,13051,0.06232142,0.26649451,9138,141
rollernet281,2,62,36,23123,0.03885818,1.13323379,13472,393
rollernet913,2,62,11,12202,0.02420235,0.17089081,8370,129
rollernet673,2,62,15,14764,0.01782441,0.37700033,9966,177
rollernet194,2,62,52,27224,0.05168414,1.39065361,14712,578
rollernet770,2,62,13,13689,0.0208962,0.17083621,9448,159
rollernet153,2,62,66,30020,0.02805591,2.5790422,15714,697
rollernet790,2,62,13,13623,0.03387332,0.36078048,9452,154
rollernet865,2,62,12,13028,0.04539585,0.31506872,9242,141
rollernet204,2,62,49,26619,0.07448101,1.32537675,14549,532
rollernet868,2,62,12,12970,0.03075576,0.1433239,9168,145
rollernet917,2,62,11,12158,0.01841688,0.14318442,8312,135
rollernet559,2,62,18,16402,0.01780558,0.28209209,10782,204
rollernet275,2,62,37,23231,0.04704475,0.94101262,13276,410
rollernet307,2,62,33,22034,0.02251101,0.62288022,12882,362
rollernet17,2,62,587,74546,0.12254763,30.38218498,32892,4798
rollernet859,2,62,12,13046,0.04902172,0.1517446,9242,140
rollernet958,2,62,11,12198,0.03228498,0.15513968,8659,137
rollernet242,2,62,42,24752,0.023283,0.9487536,14006,454
rollernet657,2,62,16,14998,0.09283805,0.29184461,10058,185
rollernet294,2,62,34,22727,0.02266192,0.6383214,13500,379
rollernet630,2,62,16,15295,0.01789784,0.2447722,10238,187
rollernet748,2,62,14,13930,0.02920032,0.17401171,9522,162
rollernet97,2,62,103,36722,0.06534433,2.83397865,19027,1063
rollernet103,2,62,97,35794,0.05776262,2.50168133,18512,1019
rollernet156,2,62,64,29913,0.02668595,1.32040095,15737,685
rollernet327,2,62,31,21441,0.04443693,0.50657606,12813,353
rollernet146,2,62,69,30672,0.05266523,1.43994308,16049,738
rollernet645,2,62,16,15110,0.03158021,0.1840086,10121,182
rollernet462,2,62,22,18145,0.01924467,0.3812871,11635,247
rollernet101,2,62,99,36178,0.06885219,2.55290341,18843,1033
rollernet749,2,62,14,13918,0.01624775,0.15687966,9522,163
rollernet808,2,62,13,13294,0.02010012,0.22357512,9081,149
rollernet367,2,62,28,20379,0.02207303,0.46744847,12541,318
rollernet695,2,62,15,14555,0.0159533,0.21917319,9942,172
rollernet848,2,62,12,13050,0.01519895,0.1844039,9173,139
rollernet527,2,62,19,16852,0.04544449,0.31880307,11008,219
rollernet98,2,62,102,36631,0.05888319,2.61424589,19058,1070
rollernet568,2,62,18,16284,0.01821899,0.25194168,10782,205
rollernet670,2,62,15,14784,0.04822564,0.24676824,9977,172
rollernet610,2,62,17,15622,0.03851438,0.23707414,10334,192
rollernet207,2,62,49,26480,0.03014803,0.98671031,14562,530
rollernet191,2,62,53,27463,0.02511668,1.02313423,14947,578
rollernet334,2,62,30,21303,0.06879926,0.49195766,12867,340
rollernet640,2,62,16,15265,0.01755786,0.24683833,10287,184
rollernet516,2,62,20,17107,0.01782751,0.29357314,11058,231
rollernet960,2,62,11,12205,0.01461196,0.11591935,8669,127
rollernet282,2,62,36,23086,0.06951571,1.176054,13440,409
rollernet414,2,62,25,19140,0.04261565,0.41559505,11993,288
rollernet1000,2,62,10,11723,0.0146451,0.1136632,8301,119
rollernet629,2,62,16,15312,0.03485751,0.27239823,10248,185
rollernet332,2,62,31,21353,0.08238673,0.55318165,12835,340
rollernet969,2,62,11,12103,0.03499317,0.11312318,8598,130
rollernet213,2,62,47,26087,0.02518821,0.87497544,14302,514
rollernet933,2,62,11,12126,0.01365209,0.11220908,8392,132
rollernet192,2,62,52,27338,0.0250597,1.03816104,14796,567
rollernet714,2,62,14,14257,0.01653552,0.21352792,9699,156
rollernet764,2,62,14,13769,0.01716638,0.18763375,9489,158
rollernet85,2,62,118,38904,0.0641191,3.25587606,20227,1213
rollernet814,2,62,13,13247,0.01548648,0.16103005,9079,154
rollernet943,2,62,11,12174,0.01850414,0.15465569,8535,134
rollernet639,2,62,16,15289,0.01641655,0.21541357,10317,185
rollernet566,2,62,18,16324,0.02765226,0.284199,10786,208
rollernet486,2,62,21,17757,0.04183578,0.38914967,11550,239
rollernet168,2,62,60,28952,0.02992892,1.31980896,15371,644
rollernet760,2,62,14,13831,0.04109192,0.17508721,9507,161
rollernet233,2,62,43,25163,0.02398777,0.86768746,14110,470
rollernet133,2,62,76,31966,0.03224325,1.87746596,16556,804
rollernet67,2,62,149,43293,0.09127855,5.22703457,22767,1493
rollernet585,2,62,18,16039,0.04761982,0.25910497,10673,210
rollernet731,2,62,14,14091,0.03863788,0.20952153,9514,166
rollernet651,2,62,16,15066,0.05401206,0.22996736,10111,183
rollernet493,2,62,21,17672,0.01830554,0.32365203,11528,240
rollernet51,2,62,196,48886,0.09237981,7.35245967,25873,1926
rollernet812,2,62,13,13241,0.04530692,0.15129519,9055,155
rollernet539,2,62,19,16771,0.03802919,0.31476641,11027,218
rollernet623,2,62,17,15327,0.05649614,0.19826055,10213,192
rollernet893,2,62,12,12535,0.0312016,0.14546275,8677,138
rollernet295,2,62,34,22774,0.02262521,0.62078547,13575,387
rollernet768,2,62,13,13705,0.02242923,0.16752028,9460,152
rollernet378,2,62,27,20105,0.06191349,0.47980785,12417,313
rollernet287,2,62,35,22906,0.02233791,0.80186152,13450,393
rollernet759,2,62,14,13847,0.06019998,0.30971861,9525,163
rollernet686,2,62,15,14735,0.09058642,0.56698656,10051,178
rollernet561,2,62,18,16366,0.08804178,0.73314857,10764,209
rollernet997,2,62,11,11792,0.06614399,0.32987905,8400,121
rollernet387,2,62,26,19783,0.03471136,0.70233059,12220,297
rollernet862,2,62,12,13040,0.01561832,0.15890884,9246,145
rollernet175,2,62,58,28518,0.06591678,1.16932154,15265,616
rollernet515,2,62,20,17101,0.01831746,0.29211903,11016,230
rollernet304,2,62,33,22237,0.05353379,0.67634106,13134,371
rollernet16,2,62,624,76000,0.12441421,35.58500528,33046,5010
rollernet762,2,62,14,13793,0.02264547,0.26830173,9473,160
rollernet873,2,62,12,12939,0.01790214,0.20131397,9147,141
rollernet405,2,62,25,19567,0.05528069,0.6578002,12378,286
rollernet631,2,62,16,15290,0.0184567,0.26082516,10241,185
rollernet155,2,62,65,30051,0.05923676,1.53331256,15863,703
rollernet37,2,62,270,56106,0.14619517,14.36747265,29361,2546
rollernet730,2,62,14,14106,0.04155254,0.15244365,9526,167
rollernet71,2,62,141,42277,0.09607601,5.17468667,22235,1417
rollernet4,2,62,2495,144869,0.29404354,409.12373424,88870,16861
rollernet181,2,62,56,28108,0.03759885,1.34843516,15116,598
rollernet741,2,62,14,14041,0.03243327,0.24465156,9565,169
rollernet296,2,62,34,22767,0.05492425,0.64071751,13580,395
rollernet615,2,62,17,15572,0.04099536,0.23023677,10332,192
rollernet117,2,62,86,33717,0.05722308,2.14388871,17375,895
rollernet750,2,62,14,13910,0.01575661,0.15100002,9520,160
rollernet94,2,62,107,37143,0.06194544,2.79786944,19175,1099
rollernet597,2,62,17,15867,0.04187059,0.23520279,10510,189
rollernet556,2,62,18,16468,0.01783442,0.30717158,10847,214
rollernet329,2,62,31,21406,0.04856682,0.53059006,12803,351
rollernet930,2,62,11,12149,0.01458311,0.26470351,8398,136
rollernet837,2,62,12,13033,0.01793718,0.18203974,9085,137
rollernet509,2,62,20,17172,0.04017591,0.30006266,11040,229
rollernet924,2,62,11,12139,0.03335857,0.14319634,8353,129
rollernet766,2,62,14,13716,0.03431392,0.16808248,9455,159
rollernet23,2,62,434,67120,0.23992896,25.79091358,31865,3764
rollernet558,2,62,18,16431,0.03491449,0.28310776,10823,209
rollernet681,2,62,15,14788,0.01754069,0.23409605,10098,177
rollernet560,2,62,18,16394,0.0240593,0.32245684,10784,211
rollernet79,2,62,127,40235,0.07743096,5.02513838,20974,1290
rollernet774,2,62,13,13688,0.02503252,0.21811008,9457,151
rollernet388,2,62,26,19786,0.02806139,0.49487638,12257,296
rollernet356,2,62,29,20654,0.07523465,0.59857368,12685,316
rollernet229,2,62,44,25350,0.09250927,1.08546424,14208,483
rollernet688,2,62,15,14700,0.08059525,0.44454145,10038,172
rollernet600,2,62,17,15808,0.05621958,0.63486075,10447,194
rollernet773,2,62,13,13686,0.02685595,0.25621748,9447,152
rollernet674,2,62,15,14763,0.02344465,0.23148847,9989,176
rollernet744,2,62,14,14007,0.01736641,0.19213653,9572,161
rollernet928,2,62,11,12136,0.01407361,0.12271571,8366,131
rollernet611,2,62,17,15623,0.01717496,0.21967554,10345,194
rollernet128,2,62,78,32481,0.02891588,2.73179483,16743,814
rollernet581,2,62,18,16156,0.0235436,0.53040814,10753,209
rollernet867,2,62,12,12988,0.01997137,0.37819433,9189,139
rollernet488,2,62,21,17737,0.04872346,0.45807195,11531,241
rollernet393,2,62,26,19777,0.03868484,0.55306268,12327,293
rollernet451,2,62,23,18435,0.05679893,0.34571195,11797,268
rollernet439,2,62,23,18623,0.06986713,0.37366319,11829,263
rollernet957,2,62,11,12205,0.03282189,0.13813901,8664,127
rollernet608,2,62,17,15659,0.01704264,0.24362612,10355,195
rollernet293,2,62,35,22711,0.04948401,0.67315531,13439,385
rollernet354,2,62,29,20696,0.02601337,0.58107734,12629,329
rollernet277,2,62,37,23124,0.05190301,0.77817869,13267,402
rollernet29,2,62,345,61801,0.15662813,19.78928328,31234,3143
rollernet908,2,62,11,12239,0.04373789,0.138695,8402,126
rollernet54,2,62,185,47710,0.08461595,7.11904287,25358,1823
rollernet655,2,62,16,15021,0.01794291,0.21501064,10075,185
rollernet372,2,62,27,20340,0.04569387,0.45679784,12640,311
rollernet165,2,62,61,29086,0.05682778,1.27010536,15346,659
rollernet806,2,62,13,13328,0.03900981,0.16236019,9100,146
rollernet591,2,62,17,15998,0.04144669,0.29960322,10656,194
rollernet478,2,62,21,17813,0.02023411,0.52083302,11458,241
rollernet384,2,62,26,19830,0.04892468,0.88840938,12189,300
rollernet262,2,62,39,23990,0.02967119,1.24166775,13900,434
rollernet666,2,62,15,14812,0.01898789,0.25712299,9959,175
rollernet289,2,62,35,22945,0.05046773,0.72580075,13615,393
rollernet617,2,62,17,15537,0.01767755,0.22969151,10326,189
rollernet267,2,62,38,23646,0.05518746,0.73183966,13655,416
rollernet926,2,62,11,12132,0.04223371,0.1146543,8352,130
rollernet433,2,62,24,18665,0.03680086,0.35488462,11722,269
rollernet698,2,62,15,14539,0.0256021,0.19589639,9933,171
rollernet459,2,62,22,18155,0.01866674,0.33233738,11570,250
rollernet769,2,62,13,13688,0.01509333,0.18708658,9440,158
rollernet489,2,62,21,17728,0.07900357,0.56146216,11542,240
rollernet499,2,62,20,17371,0.0609293,0.3676548,11257,228
rollernet113,2,62,89,34393,0.03796601,2.62883735,17805,941
rollernet470,2,62,22,18075,0.0461328,0.54085994,11659,250
rollernet646,2,62,16,15102,0.07619882,0.35318136,10129,182
rollernet634,2,62,16,15267,0.03736138,0.28369999,10223,186
rollernet530,2,62,19,16800,0.02705526,0.46520233,10960,221
rollernet419,2,62,24,19120,0.05207729,0.44224834,12067,275
rollernet982,2,62,11,12032,0.01413202,0.1615653,8568,131
rollernet703,2,62,15,14411,0.01530504,0.22929001,9780,169
rollernet394,2,62,26,19762,0.03915381,0.43421268,12317,294
rollernet407,2,62,25,19474,0.03915358,0.55601931,12247,281
rollernet446,2,62,23,18503,0.10328627,0.65565014,11777,265
rollernet619,2,62,17,15483,0.0431149,0.23624945,10295,194
rollernet445,2,62,23,18551,0.02024174,0.44664097,11812,262
rollernet197,2,62,51,27049,0.06706715,1.1075182,14663,557
rollernet40,2,62,250,54263,0.1424768,13.3640635,28537,2379
rollernet344,2,62,30,21141,0.02559996,0.45904613,12957,331
rollernet12,2,62,832,84702,0.12951016,55.36305451,37191,6360
rollernet476,2,62,21,17767,0.02983499,0.33191109,11357,248
rollernet899,2,62,12,12438,0.01375842,0.13331294,8576,141
rollernet292,2,62,35,22766,0.0213623,0.69550538,13456,385
rollernet236,2,62,43,25126,0.06319404,0.97136903,14232,472
rollernet571,2,62,18,16225,0.01893139,0.49548388,10773,211
rollernet959,2,62,11,12201,0.02064204,0.24646258,8666,132
rollernet535,2,62,19,16754,0.05978274,0.33408213,10974,219
rollernet122,2,62,82,33240,0.13625193,2.1302402,17202,857
rollernet203,2,62,50,26690,0.0640204,0.98331308,14568,534
rollernet533,2,62,19,16794,0.03947973,0.26915097,11001,213
rollernet569,2,62,18,16268,0.03072166,0.24340963,10783,215
rollernet170,2,62,59,28723,0.06046724,1.26014185,15216,645
rollernet27,2,62,370,63454,0.1248312,22.54527617,31501,3348
rollernet61,2,62,164,45174,0.088485,7.27077532,23885,1626
rollernet682,2,62,15,14776,0.04799461,0.28104305,10081,172
rollernet689,2,62,15,14671,0.04466081,0.33799362,10017,176
rollernet73,2,62,137,41621,0.05168676,5.72433186,21779,1397
rollernet605,2,62,17,15731,0.0598011,0.27304697,10399,196
rollernet484,2,62,21,17757,0.0233984,0.48567462,11489,243
rollernet444,2,62,23,18614,0.03606153,0.48748851,11880,261
rollernet839,2,62,12,13037,0.0154891,0.16853452,9101,141
rollernet905,2,62,12,12272,0.01412821,0.12604952,8424,132
rollernet427,2,62,24,18943,0.04693127,0.49344325,11967,274
rollernet910,2,62,11,12248,0.04042053,0.14239287,8434,134
rollernet949,2,62,11,12179,0.01405883,0.15160394,8583,132
rollernet577,2,62,18,16181,0.04131818,0.31865501,10775,209
rollernet466,2,62,22,18153,0.05236983,0.37051725,11712,257
rollernet607,2,62,17,15690,0.018435,0.2275393,10375,197
rollernet340,2,62,30,21155,0.06359839,0.7359283,12808,338
rollernet705,2,62,15,14423,0.04503036,0.23444104,9811,169
rollernet428,2,62,24,18906,0.02748895,0.37546754,11938,268
rollernet127,2,62,79,32634,0.02898359,2.47208071,16903,834
rollernet90,2,62,111,38034,0.08557606,4.25179076,19811,1137
rollernet973,2,62,11,12056,0.03440666,0.12349033,8563,130
rollernet147,2,62,68,30556,0.08068657,1.89863086,15901,718
rollernet273,2,62,37,23343,0.08018589,0.80132556,13339,404
rollernet832,2,62,12,12939,0.05793023,0.34102845,8896,140
rollernet504,2,62,20,17291,0.07550597,0.50641966,11150,232
rollernet643,2,62,16,15159,0.04925394,0.48640728,10174,184
rollernet206,2,62,49,26598,0.06853461,1.52929521,14622,529
rollernet77,2,62,130,40602,0.0630219,5.43162346,21125,1309
rollernet704,2,62,15,14415,0.04582405,0.22219849,9795,168
rollernet935,2,62,11,12132,0.03794146,0.13991499,8414,132
rollernet593,2,62,17,15949,0.0393281,0.26223397,10613,192
rollernet183,2,62,55,28112,0.05659127,1.18324876,15297,588
rollernet929,2,62,11,12146,0.03825045,0.13347363,8384,135
rollernet520,2,62,20,17041,0.03983498,0.40393639,11047,227
rollernet158,2,62,64,29694,0.0696671,1.51702762,15686,669
rollernet755,2,62,14,13886,0.04179978,0.20129585,9535,163
rollernet580,2,62,18,16165,0.01802683,0.26663637,10762,206
rollernet148,2,62,68,30754,0.07591558,1.65530157,16243,716
rollernet589,2,62,17,15973,0.01859307,0.28604221,10622,196
rollernet716,2,62,14,14243,0.01689076,0.19456553,9682,161
rollernet298,2,62,34,22647,0.06313634,0.66390705,13515,378
rollernet22,2,62,454,68076,0.1031177,27.48482847,31895,3937
rollernet925,2,62,11,12138,0.01604462,0.10804415,8358,131
rollernet740,2,62,14,14063,0.01468301,0.15601587,9577,164
rollernet761,2,62,14,13801,0.01575398,0.14560795,9489,162
rollernet151,2,62,67,30323,0.04626226,1.28136873,15927,718
rollernet891,2,62,12,12571,0.01417971,0.12354159,8729,143
rollernet514,2,62,20,17109,0.01727247,0.24735761,11005,231
rollernet63,2,62,159,44576,0.0625453,4.86524415,23585,1598
rollernet359,2,62,28,20585,0.04613137,0.40340495,12611,320
rollernet115,2,62,87,34094,0.02934551,2.00943518,17624,917
rollernet598,2,62,17,15832,0.0198741,0.32219148,10468,201
rollernet694,2,62,15,14580,0.04159021,0.17504621,9966,174
rollernet89,2,62,113,38199,0.05850959,3.05258441,19906,1153
rollernet83,2,62,121,39325,0.06719756,3.4751687,20486,1234
rollernet110,2,62,91,34789,0.05696607,2.0450778,18045,950
rollernet159,2,62,63,29563,0.02544665,1.14069009,15525,673
rollernet879,2,62,12,12817,0.01375365,0.11677599,9005,141
rollernet729,2,62,14,14130,0.01490998,0.16343927,9556,163
rollernet338,2,62,30,21119,0.04490137,0.53999519,12704,345
rollernet319,2,62,32,21986,0.02301407,0.4913404,13287,353
rollernet543,2,62,19,16836,0.04345369,0.23602986,11146,219
rollernet26,2,62,384,64246,0.12450266,17.09284854,31551,3427
rollernet82,2,62,122,39542,0.06974602,2.98302317,20573,1246
rollernet471,2,62,22,18033,0.04748273,0.29809427,11611,247
rollernet413,2,62,25,19222,0.01907301,0.38708425,12075,281
rollernet555,2,62,18,16494,0.01789403,0.24192977,10882,210
rollernet15,2,62,666,77989,0.10420513,31.78619003,33942,5265
rollernet976,2,62,11,12054,0.01574254,0.11093068,8562,133
rollernet257,2,62,39,24022,0.02168226,0.56393123,13710,426
rollernet672,2,62,15,14774,0.01588011,0.16092944,9977,173
rollernet299,2,62,34,22588,0.04348683,0.50161338,13468,384
rollernet255,2,62,40,24035,0.04776716,0.61745882,13613,437
rollernet59,2,62,170,45837,0.07259154,4.87262511,24207,1692
rollernet10,2,62,998,91133,0.11949086,56.00498724,41631,7426
rollernet495,2,62,21,17593,0.02169347,0.26308489,11452,241
rollernet996,2,62,11,11812,0.01366806,0.10117984,8419,124
rollernet286,2,62,35,22903,0.04501677,0.51364493,13438,395
rollernet763,2,62,14,13791,0.01514769,0.14434862,9497,154
rollernet266,2,62,38,23762,0.05089736,0.6074636,13743,423
rollernet842,2,62,12,13052,0.03613758,0.14844036,9139,145
rollernet114,2,62,88,34234,0.05951023,2.91249013,17685,929
rollernet185,2,62,54,27655,0.05482078,1.33618712,14744,579
rollernet947,2,62,11,12162,0.03453135,0.11867666,8551,131
rollernet69,2,62,145,42766,0.08336782,4.79066181,22512,1442
rollernet844,2,62,12,13054,0.0382309,0.24225402,9151,144
rollernet33,2,62,303,58748,0.21467519,14.90706038,30353,2833
rollernet590,2,62,17,16010,0.05094481,0.28993988,10668,188
rollernet557,2,62,18,16446,0.01740384,0.25740314,10826,211
rollernet886,2,62,12,12730,0.01521182,0.18761206,8936,143
rollernet477,2,62,21,17795,0.01861477,0.34286141,11422,235
rollernet706,2,62,15,14420,0.01626897,0.1858387,9811,170
rollernet636,2,62,16,15273,0.01984501,0.34757376,10260,193
rollernet86,2,62,117,38726,0.09808588,3.9954567,20165,1187
rollernet991,2,62,11,11957,0.01631165,0.1229763,8540,127
rollernet80,2,62,125,40042,0.09158754,5.3084116,20901,1287
rollernet871,2,62,12,12959,0.03696704,0.13034391,9167,148
rollernet182,2,62,55,28228,0.06892419,1.43747139,15376,599
rollernet702,2,62,15,14434,0.03675389,0.17642784,9811,177
rollernet380,2,62,27,20040,0.02015257,0.3814342,12365,300
rollernet546,2,62,19,16827,0.01712918,0.25055718,11140,214
rollernet382,2,62,27,19921,0.04494119,0.3575902,12251,303
rollernet834,2,62,12,12978,0.01543069,0.12795472,8965,143
rollernet193,2,62,52,27222,0.05648017,0.86649203,14670,575
rollernet455,2,62,22,18340,0.0226872,0.49107289,11768,258
rollernet999,2,62,10,11742,0.0163548,0.14701319,8334,116
rollernet637,2,62,16,15269,0.01982808,0.29115725,10262,190
rollernet824,2,62,13,13058,0.01634121,0.14528799,8921,145
rollernet922,2,62,11,12145,0.01584697,0.15579557,8336,134
rollernet345,2,62,29,21094,0.02715898,0.68720531,12902,325
rollernet855,2,62,12,13050,0.01810956,0.21047807,9214,143
rollernet160,2,62,63,29712,0.0290544,1.72709632,15752,670
rollernet684,2,62,15,14751,0.04885817,0.23127413,10058,167
rollernet111,2,62,90,34703,0.05728817,2.0162468,18039,955
rollernet723,2,62,14,14225,0.01714253,0.16307044,9669,164
rollernet992,2,62,11,11925,0.01609063,0.11598873,8518,127
rollernet828,2,62,13,13008,0.01372814,0.12671256,8927,149
rollernet754,2,62,14,13904,0.03140116,0.16322446,9550,158
rollernet725,2,62,14,14183,0.01506352,0.16354847,9611,160
rollernet920,2,62,11,12150,0.0127809,0.10691285,8329,134
rollernet434,2,62,23,18628,0.0179534,0.34607196,11724,265
rollernet506,2,62,20,17232,0.01848626,0.29721761,11099,232
rollernet449,2,62,23,18451,0.04137802,0.31128836,11756,260
rollernet457,2,62,22,18243,0.03084993,0.5831213,11671,255
rollernet468,2,62,22,18106,0.04002643,0.62465644,11675,246
rollernet214,2,62,47,26063,0.0246489,1.29068518,14314,518
rollernet7,2,62,1426,107008,0.27656531,126.57254958,54199,10083
rollernet252,2,62,40,24140,0.02660966,0.60613704,13656,438
rollernet426,2,62,24,18988,0.02234197,0.34248805,12001,273
rollernet481,2,62,21,17808,0.01820755,0.26372194,11504,235
rollernet346,2,62,29,21024,0.04876781,0.42471433,12836,333
rollernet390,2,62,26,19758,0.02058387,0.34161973,12252,294
rollernet453,2,62,23,18368,0.07176089,0.30129838,11755,256
rollernet852,2,62,12,13072,0.03682661,0.14213514,9237,143
rollernet38,2,62,263,55458,0.08075333,10.08698392,29093,2492
rollernet366,2,62,28,20460,0.05216122,0.42648339,12630,311
rollernet463,2,62,22,18158,0.02197742,0.27167892,11680,249
rollernet208,2,62,48,26516,0.02425718,0.80199957,14688,528
rollernet325,2,62,31,21480,0.04770327,0.42389297,12808,348
rollernet45,2,62,222,51683,0.07833672,7.79909706,27400,2139
rollernet149,2,62,67,30552,0.02845645,1.23280954,16116,717
rollernet100,2,62,100,36317,0.06746554,2.26835656,18882,1033
rollernet231,2,62,44,25100,0.02312875,0.71983433,13951,479
rollernet212,2,62,48,26095,0.02386427,0.75027919,14278,525
rollernet328,2,62,31,21449,0.04844403,0.46704173,12823,342
rollernet573,2,62,18,16182,0.01809835,0.22482777,10731,210
rollernet263,2,62,38,23942,0.0498929,0.58722115,13904,422
rollernet983,2,62,11,12030,0.03552055,0.11094069,8567,130
rollernet765,2,62,14,13748,0.03785634,0.15293264,9472,160
rollernet541,2,62,19,16804,0.03889227,0.24410629,11092,209
rollernet679,2,62,15,14779,0.01649809,0.16757011,10072,172
rollernet869,2,62,12,12961,0.01503062,0.13258982,9157,146
rollernet321,2,62,32,21819,0.02108502,0.49205875,13188,358
rollernet877,2,62,12,12861,0.01455665,0.14265299,9054,142
rollernet343,2,62,30,21209,0.04701304,0.43914151,13011,335
rollernet52,2,62,192,48449,0.08145952,6.2880764,25616,1871
rollernet780,2,62,13,13683,0.016675,0.1809299,9489,153
rollernet962,2,62,11,12179,0.01446557,0.12155914,8652,134
rollernet238,2,62,42,24953,0.04325151,0.70805454,14142,469
rollernet235,2,62,43,25052,0.04976749,0.63354254,14031,473
rollernet404,2,62,25,19625,0.01956654,0.37737226,12425,284
rollernet728,2,62,14,14156,0.01554608,0.16484165,9583,167
rollernet987,2,62,11,11996,0.01320148,0.10624385,8547,129
rollernet209,2,62,48,26499,0.04411459,0.77346396,14724,525
rollernet232,2,62,44,25116,0.05133939,0.68902779,14041,475
rollernet290,2,62,35,22925,0.02221894,0.53416824,13615,392
rollernet883,2,62,12,12770,0.01485205,0.11201572,8971,138
rollernet552,2,62,19,16605,0.03809261,0.23293257,10935,213
rollernet171,2,62,59,28773,0.05584383,1.0203166,15323,644
rollernet423,2,62,24,19026,0.04221201,0.35785222,12041,281
rollernet882,2,62,12,12793,0.01486754,0.12543583,9002,141
rollernet187,2,62,54,27523,0.0516808,0.89257407,14710,586
rollernet800,2,62,13,13454,0.03989935,0.13186693,9236,153
rollernet401,2,62,25,19632,0.02010345,0.38497496,12394,287
rollernet990,2,62,11,11961,0.01342511,0.10341167,8537,125
rollernet971,2,62,11,12068,0.01296639,0.10735083,8558,127
rollernet72,2,62,139,41989,0.06561756,3.67483187,22078,1412
rollernet55,2,62,182,47161,0.07679462,5.52428627,24852,1796
rollernet902,2,62,12,12358,0.01464224,0.11316204,8496,140
rollernet604,2,62,17,15726,0.01659513,0.20198464,10385,194
rollernet653,2,62,16,15038,0.01711321,0.18625712,10083,180
rollernet352,2,62,29,20703,0.04143071,0.41110516,12606,326
rollernet817,2,62,13,13173,0.03158426,0.14137578,9009,153
rollernet717,2,62,14,14238,0.03056383,0.1528213,9673,164
rollernet167,2,62,60,29141,0.05363512,1.0241816,15542,649
rollernet708,2,62,15,14409,0.01591301,0.15593529,9836,169
rollernet178,2,62,57,28099,0.05011654,0.95769334,14896,617
rollernet978,2,62,11,12048,0.03211713,0.10715246,8563,132
rollernet548,2,62,19,16792,0.01729059,0.24375725,11119,218
rollernet801,2,62,13,13423,0.01429057,0.14762878,9199,151
rollernet460,2,62,22,18152,0.01765776,0.27191067,11597,247
rollernet362,2,62,28,20580,0.04846883,0.37599754,12673,325
rollernet190,2,62,53,27471,0.05569601,0.8541491,14869,575
rollernet690,2,62,15,14654,0.03594017,0.17600369,10003,180
rollernet975,2,62,11,12058,0.02950501,0.11274457,8563,130
rollernet934,2,62,11,12130,0.03112149,0.10780215,8400,131
rollernet625,2,62,16,15313,0.03387308,0.18844509,10218,187
rollernet874,2,62,12,12914,0.03200078,0.12291574,9113,138
rollernet950,2,62,11,12175,0.03455114,0.10973907,8584,132
rollernet349,2,62,29,20889,0.02019238,0.40003943,12788,330
rollernet584,2,62,18,16050,0.01665878,0.21025705,10657,201
rollernet732,2,62,14,14089,0.01516271,0.15388107,9521,165
rollernet897,2,62,12,12480,0.01335382,0.11521888,8618,143
rollernet129,2,62,78,32457,0.02626252,1.54939723,16911,829
rollernet43,2,62,233,52721,0.08660603,8.32246828,27929,2230
rollernet164,2,62,61,29193,0.05841923,1.00311041,15359,656
rollernet162,2,62,62,29383,0.05343843,1.06754613,15458,648
rollernet724,2,62,14,14207,0.01545382,0.15138245,9646,165
rollernet239,2,62,42,24820,0.04889035,0.62072921,13925,462
rollernet707,2,62,15,14411,0.03941965,0.18015218,9823,170
rollernet317,2,62,32,21956,0.02072358,0.47339392,13226,357
rollernet534,2,62,19,16766,0.04190707,0.23833275,10977,218
rollernet348,2,62,29,20923,0.03919673,0.45947933,12806,331
rollernet753,2,62,14,13918,0.01504159,0.14873886,9550,158
rollernet592,2,62,17,15992,0.01939321,0.2003777,10655,195
rollernet379,2,62,27,20065,0.04259014,0.39948297,12365,302
rollernet956,2,62,11,12193,0.03368855,0.11551547,8641,133
rollernet734,2,62,14,14053,0.03326273,0.17079782,9499,160
rollernet396,2,62,26,19787,0.02070355,0.35340405,12414,291
rollernet875,2,62,12,12909,0.01487994,0.12607121,9114,144
rollernet811,2,62,13,13253,0.0140059,0.1334784,9061,153
rollernet895,2,62,12,12505,0.0140934,0.10971999,8638,139
rollernet699,2,62,15,14525,0.01542258,0.16962981,9914,169
rollernet718,2,62,14,14243,0.01659727,0.16905975,9685,166
rollernet272,2,62,37,23384,0.04984331,0.53017092,13419,416
rollernet986,2,62,11,12005,0.03339076,0.11316347,8554,129
rollernet779,2,62,13,13685,0.03579116,0.15208602,9478,153
rollernet130,2,62,77,32414,0.05379701,1.46765757,16823,828
rollernet119,2,62,84,33676,0.06314301,1.67502975,17541,878
rollernet846,2,62,12,13053,0.01557231,0.1236043,9160,143
rollernet475,2,62,22,17796,0.01826453,0.30016685,11398,236
rollernet265,2,62,38,23768,0.0226264,0.58574319,13704,419
rollernet28,2,62,357,62616,0.091681,16.97320819,31352,3229
rollernet909,2,62,11,12248,0.01702762,0.14283609,8425,129
rollernet884,2,62,12,12757,0.01509047,0.14751482,8959,144
rollernet618,2,62,17,15504,0.01632881,0.21984053,10293,194
rollernet907,2,62,11,12234,0.01359701,0.1357286,8386,133
rollernet627,2,62,16,15302,0.01769185,0.26089549,10219,185
rollernet106,2,62,95,35221,0.03145027,2.26692486,18155,970
rollernet184,2,62,55,27895,0.04138947,1.06449938,15079,587
rollernet632,2,62,16,15282,0.04346585,0.23780394,10235,185
rollernet647,2,62,16,15075,0.06029081,0.19347906,10104,182
rollernet65,2,62,154,43913,0.14464211,5.03276968,23101,1542
rollernet743,2,62,14,14018,0.03904128,0.14489913,9564,159
rollernet443,2,62,23,18640,0.01916671,0.30590987,11883,267
rollernet438,2,62,23,18619,0.01997614,0.33261132,11803,267
rollernet78,2,62,128,40451,0.06207275,3.2669487,21094,1301
rollernet425,2,62,24,18996,0.04711604,0.32011771,12007,279
rollernet650,2,62,16,15077,0.03638911,0.17492461,10126,182
rollernet953,2,62,11,12179,0.03204775,0.11411905,8606,130
rollernet450,2,62,23,18431,0.03897977,0.31516194,11741,261
rollernet901,2,62,12,12392,0.01413274,0.11097932,8521,141
rollernet822,2,62,13,13089,0.0140326,0.14968348,8937,145
rollernet588,2,62,17,15976,0.01644564,0.21716833,10628,193
rollernet494,2,62,21,17639,0.01846218,0.26190853,11505,250
rollernet797,2,62,13,13529,0.01511645,0.1394465,9343,155
rollernet567,2,62,18,16314,0.03827119,0.21880221,10799,207
rollernet965,2,62,11,12138,0.0137589,0.12148404,8613,129
rollernet342,2,62,30,21210,0.04277682,0.42213082,12965,334
rollernet189,2,62,53,27466,0.0480442,0.88394356,14796,580
rollernet803,2,62,13,13364,0.01484442,0.12851167,9124,156
rollernet406,2,62,25,19500,0.01993299,0.3443799,12295,282
rollernet105,2,62,96,35505,0.06114483,2.05340815,18387,1001
rollernet437,2,62,23,18631,0.02054477,0.29055142,11781,262
rollernet793,2,62,13,13596,0.01539016,0.13785791,9419,153
rollernet781,2,62,13,13681,0.01492906,0.15335512,9490,157
rollernet523,2,62,20,16954,0.0170238,0.2315917,11032,225
rollernet722,2,62,14,14232,0.01532102,0.14924192,9683,164
rollernet369,2,62,28,20355,0.04015589,0.36060095,12583,310
rollernet854,2,62,12,13055,0.03261065,0.38354516,9217,140
rollernet180,2,62,56,28075,0.13733101,1.39770746,14996,601
rollernet614,2,62,17,15581,0.01723123,0.24569821,10331,194
rollernet963,2,62,11,12161,0.01352262,0.14884472,8634,130
rollernet906,2,62,12,12266,0.03080487,0.13239384,8418,136
rollernet864,2,62,12,13027,0.03169394,0.13153338,9240,137
rollernet418,2,62,24,19139,0.01955724,0.34140372,12090,272
rollernet429,2,62,24,18873,0.02982211,0.36070681,11914,273
rollernet667,2,62,15,14781,0.03827548,0.19904637,9926,178
rollernet240,2,62,42,24752,0.02329636,0.71742296,13821,462
rollernet583,2,62,18,16097,0.01769924,0.25536919,10697,207
rollernet654,2,62,16,15019,0.04370284,0.21647978,10075,182
rollernet919,2,62,11,12140,0.01329136,0.15308905,8302,130
rollernet6,2,62,1663,115375,0.231426,165.73085093,61513,11495
rollernet544,2,62,19,16825,0.02412224,0.28843141,11126,216
rollernet75,2,62,134,41075,0.09086943,4.0228622,21490,1340
rollernet351,2,62,29,20738,0.03180981,0.48233795,12629,330
rollernet291,2,62,35,22875,0.05084109,0.6004374,13545,385
rollernet360,2,62,28,20579,0.02145648,0.49600625,12624,314
rollernet998,2,62,10,11745,0.01434398,0.12061644,8342,118
rollernet48,2,62,208,50227,0.13230491,8.30111599,26636,2030
rollernet310,2,62,33,21951,0.03263855,0.54299068,12909,367
rollernet270,2,62,37,23482,0.04848862,0.67968488,13576,411
rollernet545,2,62,19,16827,0.02566314,0.29143119,11136,221
rollernet1002,2,62,10,11717,0.01435709,0.11741185,8295,123
rollernet276,2,62,37,23160,0.04824066,0.64850044,13278,408
rollernet985,2,62,11,12012,0.03640985,0.11977077,8554,124
rollernet373,2,62,27,20266,0.03953743,0.4403944,12563,300
rollernet661,2,62,16,14977,0.01726437,0.21556759,10099,182
rollernet819,2,62,13,13151,0.01512814,0.16308093,8985,149
rollernet375,2,62,27,20157,0.02023053,0.50890255,12413,310
rollernet603,2,62,17,15738,0.06201386,0.23053956,10396,192
rollernet288,2,62,35,22934,0.02265239,0.66967392,13529,395
rollernet940,2,62,11,12164,0.01424289,0.11061239,8486,133
rollernet656,2,62,16,15010,0.01637435,0.20991182,10066,184
rollernet896,2,62,12,12490,0.01454616,0.12850356,8624,144
rollernet76,2,62,132,40955,0.07694387,3.95294285,21392,1344
rollernet253,2,62,40,24114,0.05349731,0.70724773,13638,431
rollernet218,2,62,46,25867,0.02413774,0.8966651,14341,504
rollernet789,2,62,13,13617,0.04225993,0.18603611,9444,148
rollernet596,2,62,17,15885,0.03798699,0.24883533,10530,199
rollernet196,2,62,51,27006,0.02513146,1.02729726,14557,558
rollernet526,2,62,19,16860,0.046345,0.32348514,10998,219
rollernet88,2,62,114,38345,0.05766654,3.09498096,19906,1171
rollernet911,2,62,11,12229,0.01544118,0.12235618,8410,131
rollernet408,2,62,25,19397,0.04570937,0.40914106,12160,283
rollernet217,2,62,46,25899,0.02414298,0.93206406,14374,505
rollernet330,2,62,31,21388,0.02082443,0.51092434,12784,350
rollernet311,2,62,33,21879,0.05377436,0.56002736,12898,375
rollernet553,2,62,19,16564,0.0542779,0.27991939,10917,212
rollernet737,2,62,14,14076,0.03387904,0.20589995,9555,164
rollernet303,2,62,33,22321,0.02218223,0.58466601,13225,369
rollernet501,2,62,20,17359,0.04471946,0.33617377,11246,234
rollernet758,2,62,14,13867,0.0492959,0.16438031,9544,161
rollernet172,2,62,59,28738,0.05441666,1.15693045,15379,627
rollernet993,2,62,11,11892,0.0359931,0.11023355,8489,128
rollernet511,2,62,20,17154,0.03718734,0.31163764,11046,224
rollernet562,2,62,18,16364,0.01779032,0.28344822,10764,209
rollernet398,2,62,26,19700,0.04524994,0.42764425,12373,292
rollernet609,2,62,17,15637,0.03829217,0.23693132,10343,194
rollernet826,2,62,13,13062,0.03348374,0.18121767,8963,148
rollernet671,2,62,15,14773,0.03728843,0.21317267,9968,180
rollernet223,2,62,45,25424,0.03128576,0.83831072,14019,501
rollernet505,2,62,20,17263,0.04282165,0.34845996,11121,232
rollernet395,2,62,26,19792,0.02271414,0.55568671,12400,293
rollernet357,2,62,28,20564,0.06942368,0.6274457,12575,322
rollernet601,2,62,17,15789,0.03709579,0.23746324,10438,202
rollernet487,2,62,21,17713,0.01933002,0.39110422,11491,245
rollernet915,2,62,11,12172,0.01385927,0.13914752,8321,133
rollernet570,2,62,18,16242,0.01775503,0.27445388,10770,211
rollernet152,2,62,66,30283,0.03596401,2.04291439,15942,704
rollernet778,2,62,13,13683,0.03034663,0.17026734,9469,154
rollernet53,2,62,189,48035,0.12846828,7.13395977,25489,1852
rollernet664,2,62,16,14873,0.06625962,0.26904988,10014,177
rollernet575,2,62,18,16197,0.02001762,0.28895617,10785,214
rollernet30,2,62,333,60919,0.10324574,22.81656337,30949,3057
rollernet336,2,62,30,21185,0.02525973,0.64734316,12724,337
rollernet894,2,62,12,12517,0.01627922,0.17891455,8655,138
rollernet300,2,62,34,22484,0.04391861,0.67289495,13346,375
rollernet392,2,62,26,19771,0.02129722,0.4576726,12317,294
rollernet24,2,62,416,66173,0.16057825,20.88061237,31810,3686
rollernet297,2,62,34,22677,0.02475595,0.62840033,13538,385
rollernet312,2,62,32,21870,0.02242732,0.54275465,12938,360
rollernet772,2,62,13,13693,0.02342725,0.18823075,9454,154
rollernet995,2,62,11,11855,0.01410484,0.13668227,8464,131
rollernet237,2,62,43,25097,0.03159451,0.76561117,14302,468
rollernet318,2,62,32,21964,0.04848886,0.50634432,13242,359
rollernet528,2,62,19,16860,0.02342963,0.27951455,11024,218
rollernet524,2,62,20,16900,0.01816797,0.30153394,10991,220
rollernet889,2,62,12,12644,0.014256,0.14482093,8818,140
rollernet331,2,62,31,21398,0.06488609,0.52043676,12841,342
rollernet215,2,62,47,26024,0.02467871,0.92921948,14309,518
rollernet141,2,62,71,31141,0.07721138,1.52290392,16179,753
rollernet638,2,62,16,15284,0.04256248,0.2267282,10298,183
rollernet364,2,62,28,20583,0.02038312,0.47374153,12745,308
rollernet967,2,62,11,12124,0.02416229,0.11501527,8615,132
rollernet979,2,62,11,12044,0.02237415,0.15422511,8565,129
rollernet166,2,62,61,29143,0.06638479,1.18658161,15508,654
rollernet198,2,62,51,27031,0.0506258,0.93098974,14705,553
rollernet140,2,62,72,31337,0.05396557,1.51757264,16383,767
rollernet400,2,62,25,19641,0.02121449,0.42574334,12368,283
rollernet823,2,62,13,13083,0.0156424,0.17387724,8936,150
rollernet14,2,62,713,79868,0.10828161,37.54577136,34581,5593
rollernet456,2,62,22,18292,0.02152133,0.37136745,11733,252
rollernet736,2,62,14,14075,0.01603031,0.20744562,9544,165
rollernet807,2,62,13,13307,0.0159173,0.20498419,9080,150
rollernet482,2,62,21,17761,0.03939176,0.29442215,11451,238
rollernet441,2,62,23,18627,0.02620077,0.33136797,11848,263
rollernet537,2,62,19,16752,0.02832246,0.27751279,10967,224
rollernet776,2,62,13,13682,0.01650786,0.19146347,9468,152
rollernet554,2,62,19,16529,0.04114079,0.27622604,10896,217
rollernet551,2,62,19,16669,0.04804802,0.27287245,11003,213
rollernet620,2,62,17,15439,0.01626945,0.24532843,10273,194
rollernet137,2,62,73,31487,0.0593729,1.50370336,16303,777
rollernet635,2,62,16,15270,0.01740813,0.24030638,10243,183
rollernet856,2,62,12,13039,0.01734304,0.15450406,9206,147
rollernet644,2,62,16,15131,0.01598001,0.22778273,10144,179
rollernet92,2,62,109,37616,0.08023548,2.82185388,19531,1116
rollernet135,2,62,74,31989,0.05701756,1.78647017,16809,786
rollernet974,2,62,11,12049,0.01560903,0.11391163,8557,132
rollernet465,2,62,22,18164,0.03005052,0.33146262,11699,251
rollernet904,2,62,12,12298,0.01459527,0.14423895,8443,133
rollernet422,2,62,24,19060,0.04273772,0.37462068,12066,272
rollernet32,2,62,312,59501,0.08583093,14.53642583,30634,2897
rollernet399,2,62,26,19671,0.02224398,0.40380168,12360,280
rollernet199,2,62,51,27008,0.06529593,0.9661808,14826,552
rollernet125,2,62,80,32767,0.08009005,1.76739836,16998,836
rollernet827,2,62,13,13014,0.01535034,0.16078353,8918,151
rollernet536,2,62,19,16751,0.01913023,0.28893137,10976,219
rollernet179,2,62,56,27990,0.05020452,1.10046721,14855,602
rollernet305,2,62,33,22131,0.05093837,0.53456354,12985,374
rollernet502,2,62,20,17332,0.04653835,0.31570983,11201,232
rollernet259,2,62,39,24084,0.02511477,0.72301173,13893,432
rollernet616,2,62,17,15560,0.05578852,0.20561171,10343,191
rollernet622,2,62,17,15361,0.04779625,0.23317814,10239,192
rollernet376,2,62,27,20185,0.02254152,0.42887115,12472,298
