File,Gamma,TimeLinkStream,nbSommetsT,nbCover
rollernet845,2,0.0589,744,721
rollernet697,2,0.0938,930,883
rollernet77,2,0.2151,8060,7376
rollernet432,2,0.1214,1488,1397
rollernet922,2,0.0695,682,665
rollernet937,2,0.0637,682,666
rollernet268,2,0.1065,2356,2193
rollernet627,2,0.0868,992,940
rollernet883,2,0.0479,744,723
rollernet798,2,0.0517,806,775
rollernet747,2,0.054,868,829
rollernet110,2,0.1701,5642,5186
rollernet569,2,0.1058,1116,1062
rollernet745,2,0.0876,868,828
rollernet427,2,0.0987,1488,1401
rollernet471,2,0.1092,1364,1288
rollernet960,2,0.0643,682,668
rollernet21,2,0.3686,29512,25855
rollernet778,2,0.0576,806,773
rollernet655,2,0.0569,992,941
rollernet677,2,0.091,930,883
rollernet342,2,0.1064,1860,1736
rollernet371,2,0.112,1674,1570
rollernet554,2,0.0668,1178,1082
rollernet803,2,0.0786,806,775
rollernet149,2,0.1755,4154,3837
rollernet198,2,0.148,3162,2932
rollernet571,2,0.1015,1116,1062
rollernet956,2,0.047,682,667
rollernet223,2,0.1349,2790,2593
rollernet529,2,0.069,1178,1120
rollernet561,2,0.1036,1116,1062
rollernet114,2,0.1869,5456,5015
rollernet907,2,0.0842,682,665
rollernet874,2,0.0737,744,721
rollernet660,2,0.0765,992,938
rollernet792,2,0.0514,806,775
rollernet498,2,0.1009,1302,1221
rollernet339,2,0.112,1860,1741
rollernet815,2,0.0848,806,775
rollernet30,2,0.3675,20646,18440
rollernet994,2,0.0481,682,659
rollernet722,2,0.0738,868,826
rollernet251,2,0.119,2480,2307
rollernet366,2,0.111,1736,1623
rollernet307,2,0.1138,2046,1913
rollernet614,2,0.0996,1054,998
rollernet275,2,0.1202,2294,2137
rollernet678,2,0.054,930,883
rollernet585,2,0.0587,1116,1051
rollernet8,2,0.5908,77376,61535
rollernet742,2,0.0489,868,828
rollernet797,2,0.0487,806,775
rollernet412,2,0.0952,1550,1453
rollernet396,2,0.0888,1612,1512
rollernet580,2,0.082,1116,1056
rollernet283,2,0.1049,2232,2083
rollernet789,2,0.0833,806,775
rollernet622,2,0.07,1054,987
rollernet822,2,0.0451,806,774
rollernet884,2,0.0439,744,722
rollernet748,2,0.0486,868,828
rollernet368,2,0.099,1736,1618
rollernet866,2,0.0456,744,722
rollernet359,2,0.1048,1736,1626
rollernet499,2,0.0609,1240,1178
rollernet500,2,0.09,1240,1178
rollernet897,2,0.0722,744,721
rollernet971,2,0.0606,682,668
rollernet269,2,0.0992,2356,2185
rollernet93,2,0.1864,6696,6134
rollernet857,2,0.0455,744,721
rollernet868,2,0.0446,744,721
rollernet408,2,0.0954,1550,1455
rollernet893,2,0.0706,744,722
rollernet563,2,0.076,1116,1062
rollernet129,2,0.1517,4836,4456
rollernet501,2,0.059,1240,1178
rollernet120,2,0.1402,5208,4782
rollernet834,2,0.0458,744,720
rollernet602,2,0.0902,1054,1000
rollernet643,2,0.0787,992,939
rollernet892,2,0.0439,744,722
rollernet327,2,0.1071,1922,1800
rollernet202,2,0.1534,3100,2872
rollernet744,2,0.0517,868,828
rollernet475,2,0.1043,1364,1239
rollernet955,2,0.0722,682,666
rollernet460,2,0.0942,1364,1290
rollernet517,2,0.1015,1240,1179
rollernet28,2,0.3791,22134,19709
rollernet486,2,0.1878,1302,1235
rollernet466,2,0.0893,1364,1290
rollernet652,2,0.0525,992,940
rollernet818,2,0.0766,806,774
rollernet111,2,0.1873,5580,5137
rollernet795,2,0.1721,806,775
rollernet465,2,0.0888,1364,1290
rollernet116,2,0.1563,5394,4910
rollernet270,2,0.1234,2294,2136
rollernet247,2,0.1319,2542,2366
rollernet483,2,0.101,1302,1235
rollernet783,2,0.0803,806,775
rollernet388,2,0.0974,1612,1513
rollernet161,2,0.1316,3844,3550
rollernet379,2,0.0701,1674,1569
rollernet241,2,0.1136,2604,2422
rollernet152,2,0.1871,4092,3778
rollernet708,2,0.0846,930,880
rollernet703,2,0.0728,930,883
rollernet458,2,0.0822,1364,1292
rollernet993,2,0.0499,682,661
rollernet984,2,0.0509,682,666
rollernet409,2,0.1206,1550,1455
rollernet448,2,0.1012,1426,1346
rollernet758,2,0.0802,868,828
rollernet761,2,0.075,868,826
rollernet225,2,0.1129,2790,2591
rollernet672,2,0.0905,930,882
rollernet651,2,0.0539,992,940
rollernet766,2,0.0502,868,815
rollernet945,2,0.0758,682,667
rollernet973,2,0.0686,682,667
rollernet74,2,0.2172,8370,7651
rollernet352,2,0.119,1798,1680
rollernet196,2,0.1563,3162,2936
rollernet532,2,0.0599,1178,1121
rollernet997,2,0.073,682,638
rollernet877,2,0.0729,744,722
rollernet24,2,0.3548,25792,22814
rollernet878,2,0.1131,744,722
rollernet710,2,0.0852,930,876
rollernet694,2,0.081,930,884
rollernet836,2,0.075,744,720
rollernet976,2,0.0458,682,666
rollernet33,2,0.2971,18786,16839
rollernet20,2,0.5305,30938,27092
rollernet192,2,0.1668,3224,2989
rollernet189,2,0.1521,3286,3050
rollernet35,2,0.298,17732,15899
rollernet623,2,0.104,1054,976
rollernet755,2,0.0757,868,829
rollernet717,2,0.0501,868,826
rollernet75,2,0.1718,8308,7555
rollernet889,2,0.0929,744,722
rollernet1000,2,0.0704,620,608
rollernet4,2,0.8916,154690,111970
rollernet640,2,0.0563,992,939
rollernet586,2,0.0801,1116,1041
rollernet599,2,0.057,1054,1001
rollernet547,2,0.0906,1178,1117
rollernet306,2,0.1005,2046,1913
rollernet220,2,0.1232,2852,2648
rollernet911,2,0.0449,682,666
rollernet140,2,0.1464,4464,4121
rollernet293,2,0.1297,2170,2011
rollernet823,2,0.0797,806,774
rollernet482,2,0.0919,1302,1235
rollernet170,2,0.149,3658,3386
rollernet248,2,0.1253,2542,2362
rollernet488,2,0.1387,1302,1234
rollernet135,2,0.1904,4588,4233
rollernet365,2,0.1201,1736,1623
rollernet330,2,0.112,1922,1796
rollernet690,2,0.09,930,884
rollernet985,2,0.0713,682,665
rollernet560,2,0.0911,1116,1062
rollernet444,2,0.0679,1426,1348
rollernet620,2,0.0905,1054,993
rollernet100,2,0.1949,6200,5696
rollernet995,2,0.0439,682,657
rollernet689,2,0.0756,930,884
rollernet819,2,0.047,806,775
rollernet484,2,0.093,1302,1234
rollernet372,2,0.1047,1674,1570
rollernet649,2,0.0959,992,939
rollernet832,2,0.0773,744,719
rollernet479,2,0.0873,1302,1233
rollernet422,2,0.1047,1488,1402
rollernet641,2,0.0866,992,939
rollernet415,2,0.0684,1550,1441
rollernet572,2,0.0882,1116,1060
rollernet986,2,0.0437,682,665
rollernet457,2,0.0653,1364,1292
rollernet709,2,0.094,930,879
rollernet231,2,0.1191,2728,2530
rollernet26,2,0.3537,23808,21141
rollernet6,2,0.8592,103106,78720
rollernet765,2,0.0473,868,823
rollernet671,2,0.0519,930,882
rollernet88,2,0.201,7068,6477
rollernet935,2,0.0889,682,666
rollernet326,2,0.0958,1922,1799
rollernet611,2,0.0854,1054,999
rollernet638,2,0.0781,992,939
rollernet881,2,0.0455,744,722
rollernet404,2,0.0972,1550,1456
rollernet353,2,0.1007,1798,1682
rollernet527,2,0.0868,1178,1120
rollernet287,2,0.1279,2170,2027
rollernet555,2,0.0584,1116,1062
rollernet424,2,0.1034,1488,1401
rollernet69,2,0.1946,8990,8217
rollernet104,2,0.2221,5952,5467
rollernet294,2,0.1418,2108,1970
rollernet715,2,0.0847,868,825
rollernet811,2,0.0786,806,774
rollernet545,2,0.0851,1178,1118
rollernet987,2,0.0447,682,665
rollernet419,2,0.1033,1488,1402
rollernet584,2,0.0594,1116,1052
rollernet635,2,0.0562,992,940
rollernet428,2,0.0983,1488,1401
rollernet977,2,0.0439,682,666
rollernet144,2,0.145,4340,4004
rollernet490,2,0.0977,1302,1235
rollernet54,2,0.2588,11470,10424
rollernet609,2,0.1042,1054,999
rollernet743,2,0.0879,868,828
rollernet530,2,0.0945,1178,1120
rollernet119,2,0.1668,5208,4795
rollernet489,2,0.0648,1302,1235
rollernet89,2,0.2233,7006,6410
rollernet175,2,0.1594,3596,3276
rollernet82,2,0.2356,7564,6930
rollernet346,2,0.1206,1798,1681
rollernet575,2,0.0844,1116,1058
rollernet453,2,0.0635,1426,1329
rollernet943,2,0.0721,682,666
rollernet616,2,0.0848,1054,997
rollernet909,2,0.0654,682,666
rollernet916,2,0.0646,682,666
rollernet712,2,0.0684,930,862
rollernet673,2,0.0506,930,882
rollernet932,2,0.0425,682,665
rollernet662,2,0.0551,992,936
rollernet556,2,0.0952,1116,1062
rollernet906,2,0.0671,744,704
rollernet941,2,0.0647,682,666
rollernet376,2,0.0978,1674,1570
rollernet59,2,0.2483,10540,9564
rollernet808,2,0.1012,806,775
rollernet130,2,0.1922,4774,4407
rollernet108,2,0.1731,5766,5294
rollernet714,2,0.0979,868,826
rollernet657,2,0.0882,992,940
rollernet300,2,0.1076,2108,1967
rollernet707,2,0.0806,930,880
rollernet591,2,0.0845,1054,1000
rollernet807,2,0.0488,806,775
rollernet624,2,0.0872,992,939
rollernet852,2,0.0751,744,721
rollernet169,2,0.1318,3720,3415
rollernet667,2,0.0551,930,883
rollernet576,2,0.0936,1116,1058
rollernet870,2,0.083,744,721
rollernet779,2,0.0768,806,774
rollernet99,2,0.1989,6262,5753
rollernet199,2,0.1634,3162,2925
rollernet606,2,0.1088,1054,1000
rollernet549,2,0.087,1178,1118
rollernet629,2,0.0556,992,940
rollernet49,2,0.2566,12648,11466
rollernet675,2,0.099,930,883
rollernet895,2,0.0652,744,722
rollernet147,2,0.1623,4216,3894
rollernet598,2,0.0918,1054,1001
rollernet888,2,0.0684,744,722
rollernet266,2,0.1062,2356,2198
rollernet952,2,0.0702,682,667
rollernet356,2,0.0969,1798,1661
rollernet927,2,0.0807,682,665
rollernet183,2,0.1239,3410,3156
rollernet833,2,0.0471,744,720
rollernet846,2,0.0472,744,721
rollernet559,2,0.059,1116,1062
rollernet401,2,0.0994,1550,1456
rollernet958,2,0.044,682,667
rollernet12,2,0.4327,51584,43169
rollernet103,2,0.3078,6014,5524
rollernet774,2,0.05,806,772
rollernet341,2,0.1107,1860,1739
rollernet320,2,0.1201,1984,1852
rollernet699,2,0.0532,930,883
rollernet682,2,0.0546,930,884
rollernet418,2,0.1026,1488,1402
rollernet105,2,0.1647,5952,5422
rollernet405,2,0.1186,1550,1455
rollernet796,2,0.0786,806,775
rollernet301,2,0.1022,2108,1964
rollernet319,2,0.1178,1984,1852
rollernet70,2,0.2492,8866,8098
rollernet329,2,0.13,1922,1798
rollernet394,2,0.1103,1612,1513
rollernet905,2,0.0798,744,712
rollernet244,2,0.1124,2542,2361
rollernet570,2,0.0931,1116,1062
rollernet605,2,0.0566,1054,1000
rollernet661,2,0.0817,992,938
rollernet860,2,0.0759,744,721
rollernet430,2,0.0876,1488,1398
rollernet235,2,0.125,2666,2474
rollernet344,2,0.1107,1860,1687
rollernet81,2,0.2353,7688,7025
rollernet172,2,0.1876,3658,3332
rollernet377,2,0.1293,1674,1570
rollernet647,2,0.0555,992,940
rollernet825,2,0.0485,806,772
rollernet983,2,0.0442,682,666
rollernet775,2,0.0505,806,772
rollernet880,2,0.0819,744,722
rollernet416,2,0.0996,1488,1399
rollernet508,2,0.0618,1240,1180
rollernet728,2,0.0891,868,826
rollernet713,2,0.0818,868,826
rollernet476,2,0.0864,1302,1233
rollernet305,2,0.1154,2046,1913
rollernet240,2,0.1319,2604,2423
rollernet90,2,0.1776,6882,6307
rollernet383,2,0.1247,1674,1554
rollernet967,2,0.0454,682,668
rollernet784,2,0.0494,806,775
rollernet271,2,0.1153,2294,2137
rollernet850,2,0.0887,744,721
rollernet347,2,0.1016,1798,1681
rollernet464,2,0.1066,1364,1290
rollernet552,2,0.0846,1178,1112
rollernet644,2,0.0544,992,939
rollernet663,2,0.0892,992,934
rollernet752,2,0.0807,868,829
rollernet794,2,0.071,806,775
rollernet380,2,0.0937,1674,1569
rollernet336,2,0.1081,1860,1740
rollernet948,2,0.0446,682,667
rollernet425,2,0.1475,1488,1401
rollernet414,2,0.0696,1550,1448
rollernet435,2,0.0986,1426,1346
rollernet518,2,0.0627,1240,1180
rollernet222,2,0.1231,2790,2595
rollernet312,2,0.1072,1984,1856
rollernet621,2,0.0867,1054,990
rollernet214,2,0.1489,2914,2705
rollernet954,2,0.0443,682,666
rollernet426,2,0.0671,1488,1401
rollernet456,2,0.0931,1364,1291
rollernet885,2,0.0457,744,722
rollernet804,2,0.048,806,775
rollernet321,2,0.1054,1984,1845
rollernet249,2,0.1147,2542,2350
rollernet158,2,0.1428,3968,3658
rollernet890,2,0.0756,744,722
rollernet173,2,0.156,3596,3329
rollernet676,2,0.0525,930,883
rollernet454,2,0.1023,1364,1290
rollernet13,2,0.4832,47616,40220
rollernet855,2,0.046,744,721
rollernet238,2,0.1172,2604,2422
rollernet156,2,0.1347,3968,3668
rollernet996,2,0.0413,682,651
rollernet174,2,0.1317,3596,3323
rollernet58,2,0.2502,10726,9714
rollernet115,2,0.2279,5394,4962
rollernet550,2,0.108,1178,1116
rollernet209,2,0.1559,2976,2764
rollernet264,2,0.251,2356,2196
rollernet858,2,0.0481,744,721
rollernet142,2,0.1486,4402,4065
rollernet531,2,0.1072,1178,1121
rollernet839,2,0.0491,744,720
rollernet847,2,0.0488,744,721
rollernet164,2,0.142,3782,3496
rollernet107,2,0.1932,5828,5349
rollernet767,2,0.0767,868,796
rollernet988,2,0.0414,682,665
rollernet78,2,0.1671,7936,7269
rollernet523,2,0.103,1240,1171
rollernet323,2,0.0764,1922,1797
rollernet863,2,0.0737,744,722
rollernet696,2,0.0724,930,883
rollernet497,2,0.0621,1302,1228
rollernet776,2,0.0847,806,773
rollernet437,2,0.0946,1426,1346
rollernet229,2,0.123,2728,2535
rollernet66,2,0.2579,9424,8590
rollernet23,2,0.4551,26908,23771
rollernet924,2,0.1042,682,665
rollernet669,2,0.0786,930,882
rollernet392,2,0.1001,1612,1514
rollernet921,2,0.0451,682,665
rollernet492,2,0.0969,1302,1236
rollernet626,2,0.0784,992,940
rollernet670,2,0.0536,930,882
rollernet534,2,0.0962,1178,1120
rollernet296,2,0.1092,2108,1972
rollernet472,2,0.1052,1364,1287
rollernet335,2,0.1136,1860,1741
rollernet750,2,0.0511,868,828
rollernet512,2,0.0606,1240,1178
rollernet157,2,0.1387,3968,3665
rollernet417,2,0.0674,1488,1401
rollernet297,2,0.1093,2108,1970
rollernet762,2,0.0834,868,826
rollernet494,2,0.0859,1302,1235
rollernet375,2,0.1081,1674,1570
rollernet901,2,0.075,744,720
rollernet828,2,0.0465,806,768
rollernet628,2,0.0543,992,940
rollernet841,2,0.0466,744,721
rollernet243,2,0.1267,2604,2404
rollernet947,2,0.0887,682,667
rollernet360,2,0.1048,1736,1626
rollernet50,2,0.271,12400,11247
rollernet721,2,0.0924,868,826
rollernet666,2,0.0762,930,883
rollernet619,2,0.075,1054,994
rollernet289,2,0.1065,2170,2026
rollernet245,2,0.1182,2542,2365
rollernet191,2,0.1434,3286,3039
rollernet679,2,0.0853,930,883
rollernet813,2,0.0739,806,774
rollernet308,2,0.0943,2046,1912
rollernet447,2,0.0996,1426,1347
rollernet481,2,0.0957,1302,1234
rollernet923,2,0.0673,682,665
rollernet133,2,0.1736,4712,4295
rollernet124,2,0.155,5022,4623
rollernet338,2,0.1125,1860,1741
rollernet263,2,0.1286,2356,2196
rollernet596,2,0.0561,1054,1000
rollernet514,2,0.0881,1240,1178
rollernet357,2,0.098,1736,1625
rollernet659,2,0.0814,992,940
rollernet384,2,0.0946,1612,1510
rollernet345,2,0.1042,1798,1681
rollernet273,2,0.1215,2294,2140
rollernet701,2,0.096,930,883
rollernet972,2,0.0772,682,668
rollernet260,2,0.1104,2418,2253
rollernet18,2,0.3741,34410,29871
rollernet975,2,0.0413,682,666
rollernet773,2,0.047,806,772
rollernet96,2,0.1584,6448,5923
rollernet177,2,0.1397,3534,3268
rollernet14,2,0.5359,44206,37629
rollernet250,2,0.1602,2480,2305
rollernet67,2,0.2414,9238,8435
rollernet724,2,0.0502,868,826
rollernet595,2,0.0919,1054,1000
rollernet325,2,0.101,1922,1799
rollernet856,2,0.0815,744,721
rollernet151,2,0.1315,4154,3819
rollernet645,2,0.0543,992,939
rollernet695,2,0.0911,930,883
rollernet299,2,0.1117,2108,1971
rollernet410,2,0.1047,1550,1456
rollernet520,2,0.0606,1240,1177
rollernet720,2,0.0828,868,826
rollernet213,2,0.1212,2914,2702
rollernet548,2,0.0882,1178,1118
rollernet391,2,0.1016,1612,1514
rollernet634,2,0.0543,992,940
rollernet267,2,0.1143,2356,2196
rollernet55,2,0.2536,11284,10249
rollernet204,2,0.1482,3038,2819
rollernet138,2,0.2065,4526,4176
rollernet525,2,0.1047,1240,1126
rollernet17,2,0.4096,36394,31510
rollernet491,2,0.1279,1302,1235
rollernet304,2,0.1104,2046,1913
rollernet754,2,0.0796,868,829
rollernet217,2,0.1465,2852,2652
rollernet579,2,0.0579,1116,1057
rollernet799,2,0.0795,806,775
rollernet727,2,0.0894,868,826
rollernet284,2,0.1153,2232,2082
rollernet594,2,0.0887,1054,1000
rollernet41,2,0.3034,15128,13668
rollernet654,2,0.1,992,941
rollernet772,2,0.0495,806,772
rollernet11,2,0.4592,56234,46687
rollernet433,2,0.0654,1488,1390
rollernet871,2,0.0464,744,721
rollernet692,2,0.0521,930,884
rollernet805,2,0.0839,806,775
rollernet806,2,0.0722,806,775
rollernet582,2,0.0806,1116,1054
rollernet259,2,0.1146,2418,2254
rollernet768,2,0.0484,806,771
rollernet837,2,0.0453,744,720
rollernet455,2,0.098,1364,1291
rollernet965,2,0.0656,682,668
rollernet423,2,0.0876,1488,1401
rollernet769,2,0.0907,806,771
rollernet411,2,0.099,1550,1454
rollernet536,2,0.0658,1178,1119
rollernet126,2,0.1569,4960,4557
rollernet791,2,0.0512,806,775
rollernet46,2,0.2571,13454,12195
rollernet340,2,0.0794,1860,1740
rollernet493,2,0.1073,1302,1235
rollernet581,2,0.0583,1116,1056
rollernet485,2,0.0965,1302,1235
rollernet407,2,0.0708,1550,1455
rollernet838,2,0.0788,744,720
rollernet122,2,0.1807,5084,4677
rollernet429,2,0.1086,1488,1400
rollernet5,2,0.8251,123752,92213
rollernet551,2,0.0608,1178,1115
rollernet730,2,0.0514,868,825
rollernet944,2,0.0707,682,667
rollernet84,2,0.2065,7378,6761
rollernet234,2,0.1447,2666,2478
rollernet390,2,0.0686,1612,1513
rollernet974,2,0.0699,682,667
rollernet843,2,0.0745,744,721
rollernet185,2,0.1217,3348,3103
rollernet290,2,0.1244,2170,2025
rollernet303,2,0.1329,2046,1914
rollernet785,2,0.0493,806,775
rollernet658,2,0.0537,992,940
rollernet844,2,0.0489,744,721
rollernet381,2,0.105,1674,1568
rollernet869,2,0.0469,744,721
rollernet53,2,0.2714,11718,10636
rollernet782,2,0.0499,806,775
rollernet190,2,0.1263,3286,3047
rollernet187,2,0.1747,3348,3100
rollernet117,2,0.1796,5332,4903
rollernet990,2,0.0439,682,663
rollernet94,2,0.165,6634,6077
rollernet642,2,0.0562,992,939
rollernet632,2,0.0903,992,940
rollernet589,2,0.0825,1054,1000
rollernet182,2,0.1516,3410,3157
rollernet449,2,0.1158,1426,1346
rollernet953,2,0.0444,682,667
rollernet211,2,0.1303,2976,2760
rollernet441,2,0.1137,1426,1347
rollernet155,2,0.1865,4030,3720
rollernet904,2,0.0452,744,716
rollernet420,2,0.1077,1488,1402
rollernet827,2,0.0477,806,771
rollernet875,2,0.0478,744,721
rollernet915,2,0.0453,682,666
rollernet913,2,0.0454,682,666
rollernet477,2,0.0653,1302,1232
rollernet10,2,0.5523,61876,50687
rollernet421,2,0.1446,1488,1403
rollernet160,2,0.1528,3906,3604
rollernet445,2,0.1189,1426,1347
rollernet558,2,0.0591,1116,1062
rollernet406,2,0.1089,1550,1454
rollernet653,2,0.0548,992,941
rollernet963,2,0.0435,682,668
rollernet711,2,0.0516,930,872
rollernet387,2,0.102,1612,1512
rollernet386,2,0.0708,1612,1511
rollernet544,2,0.0881,1178,1118
rollernet282,2,0.1199,2232,2083
rollernet516,2,0.0594,1240,1179
rollernet764,2,0.0814,868,823
rollernet60,2,0.2173,10354,9426
rollernet577,2,0.099,1116,1058
rollernet318,2,0.077,1984,1852
rollernet79,2,0.2091,7874,7203
rollernet51,2,0.2774,12152,11032
rollernet278,2,0.2324,2232,2083
rollernet128,2,0.1538,4836,4454
rollernet829,2,0.047,806,767
rollernet57,2,0.2191,10912,9883
rollernet538,2,0.1308,1178,1118
rollernet503,2,0.0893,1240,1178
rollernet725,2,0.0512,868,826
rollernet735,2,0.0823,868,826
rollernet32,2,0.3455,19344,17336
rollernet143,2,0.2352,4340,4011
rollernet650,2,0.1104,992,940
rollernet625,2,0.093,992,939
rollernet608,2,0.081,1054,999
rollernet285,2,0.1269,2232,2037
rollernet704,2,0.0514,930,882
rollernet118,2,0.1491,5270,4845
rollernet438,2,0.1201,1426,1346
rollernet403,2,0.0969,1550,1456
rollernet574,2,0.0991,1116,1059
rollernet398,2,0.0965,1612,1506
rollernet521,2,0.1058,1240,1175
rollernet101,2,0.192,6138,5642
rollernet131,2,0.168,4774,4395
rollernet473,2,0.1036,1364,1284
rollernet809,2,0.0478,806,775
rollernet683,2,0.0899,930,884
rollernet261,2,0.1128,2418,2250
rollernet719,2,0.0845,868,826
rollernet446,2,0.0898,1426,1347
rollernet612,2,0.0929,1054,999
rollernet950,2,0.0721,682,667
rollernet362,2,0.0995,1736,1626
rollernet197,2,0.1315,3162,2936
rollernet239,2,0.1324,2604,2423
rollernet914,2,0.0762,682,666
rollernet467,2,0.0886,1364,1291
rollernet926,2,0.0428,682,665
rollernet504,2,0.0931,1240,1178
rollernet254,2,0.1133,2480,2305
rollernet970,2,0.0705,682,668
rollernet87,2,0.1872,7130,6539
rollernet39,2,0.3202,15872,14316
rollernet179,2,0.2018,3472,3214
rollernet1001,2,0.0437,620,608
rollernet567,2,0.0885,1116,1062
rollernet311,2,0.1099,2046,1904
rollernet83,2,0.2351,7502,6860
rollernet219,2,0.1858,2852,2650
rollernet630,2,0.0548,992,940
rollernet461,2,0.0968,1364,1290
rollernet739,2,0.074,868,827
rollernet959,2,0.0441,682,668
rollernet787,2,0.0492,806,775
rollernet685,2,0.0527,930,884
rollernet463,2,0.0998,1364,1289
rollernet37,2,0.2884,16740,15070
rollernet19,2,0.4635,32612,28408
rollernet73,2,0.2864,8494,7770
rollernet146,2,0.2252,4278,3947
rollernet656,2,0.1003,992,941
rollernet165,2,0.1313,3782,3493
rollernet793,2,0.0541,806,775
rollernet236,2,0.1234,2666,2472
rollernet698,2,0.0573,930,883
rollernet313,2,0.1161,1984,1855
rollernet734,2,0.0994,868,826
rollernet162,2,0.1416,3844,3551
rollernet899,2,0.048,744,720
rollernet966,2,0.0464,682,668
rollernet687,2,0.0564,930,884
rollernet583,2,0.1055,1116,1054
rollernet814,2,0.0875,806,775
rollernet867,2,0.0768,744,721
rollernet876,2,0.0773,744,721
rollernet835,2,0.0734,744,719
rollernet637,2,0.0826,992,939
rollernet496,2,0.109,1302,1232
rollernet564,2,0.095,1116,1062
rollernet781,2,0.0524,806,775
rollernet648,2,0.0566,992,940
rollernet316,2,0.1206,1984,1855
rollernet97,2,0.1958,6386,5861
rollernet218,2,0.1587,2852,2651
rollernet148,2,0.1683,4216,3896
rollernet726,2,0.0543,868,826
rollernet949,2,0.0462,682,667
rollernet751,2,0.0886,868,828
rollernet363,2,0.1071,1736,1625
rollernet607,2,0.1121,1054,1000
rollernet193,2,0.1353,3224,2993
rollernet47,2,0.297,13206,11972
rollernet540,2,0.1383,1178,1118
rollernet40,2,0.2982,15500,13982
rollernet873,2,0.1114,744,721
rollernet302,2,0.1079,2108,1951
rollernet817,2,0.0848,806,774
rollernet684,2,0.0865,930,884
rollernet617,2,0.0828,1054,996
rollernet109,2,0.17,5704,5240
rollernet539,2,0.067,1178,1118
rollernet938,2,0.0766,682,666
rollernet800,2,0.0816,806,775
rollernet262,2,0.116,2418,2242
rollernet992,2,0.078,682,662
rollernet615,2,0.0807,1054,998
rollernet969,2,0.0696,682,668
rollernet439,2,0.087,1426,1348
rollernet113,2,0.1601,5518,5068
rollernet44,2,0.2963,14074,12738
rollernet322,2,0.0764,1922,1797
rollernet141,2,0.1795,4402,4066
rollernet991,2,0.0861,682,663
rollernet86,2,0.2026,7254,6600
rollernet478,2,0.1171,1302,1233
rollernet729,2,0.137,868,825
rollernet63,2,0.2357,9858,8982
rollernet402,2,0.1303,1550,1456
rollernet178,2,0.1569,3534,3250
rollernet399,2,0.1186,1612,1464
rollernet887,2,0.054,744,722
rollernet400,2,0.0735,1550,1457
rollernet194,2,0.1377,3224,2989
rollernet495,2,0.0666,1302,1233
rollernet610,2,0.0945,1054,999
rollernet64,2,0.2371,9672,8832
rollernet716,2,0.1244,868,825
rollernet132,2,0.1943,4712,4347
rollernet553,2,0.2807,1178,1108
rollernet25,2,0.331,24800,21941
rollernet442,2,0.1233,1426,1347
rollernet450,2,0.1155,1426,1344
rollernet176,2,0.1675,3534,3271
rollernet592,2,0.1108,1054,1000
rollernet639,2,0.0865,992,939
rollernet746,2,0.0522,868,828
rollernet370,2,0.1235,1674,1570
rollernet930,2,0.0776,682,665
rollernet565,2,0.0847,1116,1062
rollernet314,2,0.1297,1984,1854
rollernet543,2,0.0623,1178,1118
rollernet603,2,0.0957,1054,1000
rollernet942,2,0.077,682,666
rollernet462,2,0.0926,1364,1291
rollernet920,2,0.0507,682,665
rollernet780,2,0.0531,806,774
rollernet76,2,0.2245,8184,7480
rollernet71,2,0.2422,8742,7989
rollernet824,2,0.1009,806,773
rollernet72,2,0.2125,8618,7880
rollernet397,2,0.1242,1612,1511
rollernet946,2,0.0505,682,667
rollernet961,2,0.0466,682,668
rollernet42,2,0.2828,14756,13320
rollernet440,2,0.1182,1426,1347
rollernet233,2,0.1366,2666,2479
rollernet22,2,0.4056,28148,24790
rollernet849,2,0.0544,744,721
rollernet597,2,0.0609,1054,1001
rollernet842,2,0.0875,744,721
rollernet533,2,0.0873,1178,1121
rollernet522,2,0.0644,1240,1174
rollernet34,2,0.3552,18228,16363
rollernet474,2,0.1523,1364,1280
rollernet216,2,0.1526,2914,2702
rollernet52,2,0.2939,11904,10816
rollernet882,2,0.1152,744,722
rollernet688,2,0.0916,930,884
rollernet957,2,0.075,682,667
rollernet757,2,0.0849,868,829
rollernet910,2,0.0789,682,666
rollernet361,2,0.1024,1736,1625
rollernet588,2,0.1059,1054,1000
rollernet542,2,0.0668,1178,1117
rollernet509,2,0.1039,1240,1180
rollernet668,2,0.088,930,882
rollernet468,2,0.1255,1364,1291
rollernet790,2,0.0931,806,775
rollernet919,2,0.0763,682,665
rollernet918,2,0.076,682,666
rollernet85,2,0.2154,7316,6701
rollernet933,2,0.0465,682,665
rollernet277,2,0.1801,2294,2103
rollernet351,2,0.0771,1798,1681
rollernet830,2,0.1012,806,761
rollernet348,2,0.0965,1798,1680
rollernet587,2,0.1001,1054,1000
rollernet693,2,0.0641,930,884
rollernet364,2,0.1723,1736,1625
rollernet469,2,0.0941,1364,1290
rollernet43,2,0.2818,14446,13028
rollernet188,2,0.1836,3348,3086
rollernet436,2,0.1192,1426,1346
rollernet816,2,0.0784,806,775
rollernet378,2,0.0768,1674,1570
rollernet528,2,0.0993,1178,1120
rollernet385,2,0.0762,1612,1510
rollernet203,2,0.1425,3100,2868
rollernet286,2,0.1332,2170,2029
rollernet526,2,0.0932,1178,1120
rollernet749,2,0.0876,868,828
rollernet281,2,0.1226,2232,2084
rollernet786,2,0.1161,806,775
rollernet274,2,0.1228,2294,2140
rollernet298,2,0.1834,2108,1970
rollernet601,2,0.102,1054,1000
rollernet68,2,0.2297,9114,8327
rollernet633,2,0.1094,992,940
rollernet354,2,0.0943,1798,1679
rollernet771,2,0.0857,806,772
rollernet810,2,0.0724,806,775
rollernet252,2,0.1056,2480,2305
rollernet593,2,0.098,1054,1000
rollernet802,2,0.0532,806,775
rollernet600,2,0.0586,1054,1000
rollernet16,2,0.4021,38688,33349
rollernet917,2,0.049,682,666
rollernet62,2,0.2728,9982,9108
rollernet195,2,0.1557,3224,2988
rollernet513,2,0.2523,1240,1178
rollernet861,2,0.0484,744,722
rollernet184,2,0.1325,3410,3153
rollernet257,2,0.1331,2418,2253
rollernet541,2,0.1032,1178,1117
rollernet998,2,0.0551,620,608
rollernet980,2,0.0757,682,666
rollernet106,2,0.1681,5890,5398
rollernet763,2,0.0583,868,825
rollernet759,2,0.053,868,828
rollernet210,2,0.1283,2976,2764
rollernet166,2,0.1367,3782,3486
rollernet665,2,0.0592,992,889
rollernet506,2,0.0632,1240,1179
rollernet674,2,0.0907,930,882
rollernet137,2,0.1793,4526,4179
rollernet700,2,0.0979,930,883
rollernet740,2,0.0864,868,828
rollernet480,2,0.0681,1302,1234
rollernet123,2,0.1612,5084,4668
rollernet369,2,0.1317,1736,1609
rollernet982,2,0.0512,682,666
rollernet358,2,0.0764,1736,1625
rollernet733,2,0.0851,868,826
rollernet723,2,0.0817,868,826
rollernet65,2,0.1955,9548,8718
rollernet255,2,0.1253,2480,2303
rollernet999,2,0.0757,620,608
rollernet125,2,0.1712,4960,4567
rollernet48,2,0.2893,12896,11692
rollernet664,2,0.0586,992,926
rollernet317,2,0.1097,1984,1854
rollernet295,2,0.1267,2108,1971
rollernet562,2,0.0654,1116,1062
rollernet964,2,0.0858,682,668
rollernet934,2,0.076,682,666
rollernet732,2,0.0844,868,826
rollernet801,2,0.0797,806,775
rollernet221,2,0.1216,2852,2644
rollernet95,2,0.2278,6572,5985
rollernet864,2,0.0544,744,722
rollernet631,2,0.0576,992,940
rollernet350,2,0.1121,1798,1679
rollernet613,2,0.0799,1054,998
rollernet272,2,0.1206,2294,2138
rollernet859,2,0.0884,744,721
rollernet38,2,0.269,16306,14701
rollernet452,2,0.1245,1426,1341
rollernet186,2,0.1522,3348,3098
rollernet894,2,0.0538,744,722
rollernet738,2,0.0919,868,827
rollernet431,2,0.099,1488,1401
rollernet989,2,0.0514,682,664
rollernet134,2,0.1628,4650,4292
rollernet1002,2,0.094,620,608
rollernet557,2,0.1321,1116,1062
rollernet636,2,0.0564,992,939
rollernet45,2,0.2613,13764,12451
rollernet265,2,0.1668,2356,2196
rollernet80,2,0.2085,7750,7101
rollernet929,2,0.0443,682,665
rollernet98,2,0.2068,6324,5806
rollernet389,2,0.1521,1612,1512
rollernet820,2,0.0542,806,775
rollernet756,2,0.0907,868,829
rollernet519,2,0.0949,1240,1179
rollernet395,2,0.1084,1612,1514
rollernet573,2,0.098,1116,1059
rollernet102,2,0.1804,6076,5581
rollernet328,2,0.1448,1922,1799
rollernet393,2,0.1112,1612,1514
rollernet315,2,0.1232,1984,1855
rollernet310,2,0.1179,2046,1909
rollernet891,2,0.049,744,722
rollernet200,2,0.1304,3100,2874
rollernet702,2,0.0966,930,883
rollernet92,2,0.2225,6758,6190
rollernet237,2,0.1746,2666,2469
rollernet215,2,0.149,2914,2705
rollernet535,2,0.1209,1178,1119
rollernet777,2,0.0929,806,773
rollernet900,2,0.0707,744,719
rollernet36,2,0.3184,17236,15478
rollernet343,2,0.1314,1860,1733
rollernet349,2,0.1099,1798,1679
rollernet753,2,0.0905,868,829
rollernet227,2,0.1238,2728,2535
rollernet853,2,0.0885,744,721
rollernet902,2,0.0716,744,719
rollernet154,2,0.1716,4030,3721
rollernet736,2,0.1096,868,826
rollernet205,2,0.1311,3038,2819
rollernet459,2,0.1057,1364,1290
rollernet568,2,0.1168,1116,1062
rollernet939,2,0.0879,682,666
rollernet770,2,0.0811,806,771
rollernet56,2,0.2477,11098,10080
rollernet61,2,0.3064,10168,9263
rollernet886,2,0.112,744,722
rollernet374,2,0.111,1674,1570
rollernet821,2,0.0962,806,774
rollernet908,2,0.0728,682,665
rollernet15,2,0.4776,41292,35330
rollernet681,2,0.1298,930,884
rollernet898,2,0.0864,744,721
rollernet181,2,0.175,3472,3207
rollernet121,2,0.1828,5146,4739
rollernet706,2,0.0595,930,883
rollernet7,2,0.6387,88412,68954
rollernet862,2,0.0538,744,722
rollernet566,2,0.0624,1116,1062
rollernet139,2,0.1569,4464,4125
rollernet29,2,0.347,21390,19054
rollernet691,2,0.1296,930,884
rollernet848,2,0.0791,744,721
rollernet292,2,0.1119,2170,2021
rollernet546,2,0.095,1178,1118
rollernet879,2,0.0494,744,722
rollernet159,2,0.1452,3906,3607
rollernet741,2,0.088,868,828
rollernet9,2,0.6701,68758,55552
rollernet208,2,0.1089,2976,2760
rollernet333,2,0.1192,1860,1740
rollernet201,2,0.1473,3100,2873
rollernet928,2,0.0891,682,665
rollernet978,2,0.0716,682,666
rollernet788,2,0.0822,806,775
rollernet502,2,0.0676,1240,1178
rollernet27,2,0.3862,22940,20412
rollernet903,2,0.0509,744,716
rollernet279,2,0.1183,2232,2083
rollernet331,2,0.0821,1922,1793
rollernet505,2,0.0875,1240,1179
rollernet168,2,0.1455,3720,3440
rollernet334,2,0.1211,1860,1740
rollernet256,2,0.1378,2418,2252
rollernet337,2,0.1247,1860,1739
rollernet242,2,0.1426,2604,2418
rollernet253,2,0.1538,2480,2303
rollernet470,2,0.1238,1364,1289
rollernet831,2,0.0565,806,739
rollernet367,2,0.0806,1736,1622
rollernet226,2,0.1327,2790,2587
rollernet854,2,0.0835,744,721
rollernet686,2,0.0581,930,884
rollernet112,2,0.1703,5580,5111
rollernet737,2,0.0586,868,827
rollernet951,2,0.0475,682,667
rollernet731,2,0.0805,868,826
rollernet228,2,0.1232,2728,2534
rollernet3,2,1.0814,206212,144108
rollernet127,2,0.1304,4898,4513
rollernet31,2,0.3475,19964,17873
rollernet180,2,0.1922,3472,3213
rollernet246,2,0.2213,2542,2366
rollernet153,2,0.1886,4092,3774
rollernet925,2,0.0916,682,665
rollernet280,2,0.1198,2232,2083
rollernet578,2,0.1223,1116,1058
rollernet487,2,0.0905,1302,1235
rollernet212,2,0.2886,2976,2744
rollernet979,2,0.0869,682,666
rollernet230,2,0.1271,2728,2534
rollernet604,2,0.1091,1054,1000
rollernet851,2,0.052,744,721
rollernet968,2,0.0463,682,668
rollernet207,2,0.1424,3038,2810
rollernet443,2,0.1277,1426,1347
rollernet524,2,0.0998,1240,1167
rollernet515,2,0.1109,1240,1178
rollernet872,2,0.0832,744,721
rollernet145,2,0.1784,4278,3951
rollernet324,2,0.1454,1922,1798
rollernet981,2,0.0523,682,666
rollernet451,2,0.113,1426,1344
rollernet355,2,0.1096,1798,1675
rollernet962,2,0.0955,682,668
rollernet936,2,0.0774,682,666
rollernet718,2,0.0854,868,826
rollernet413,2,0.1008,1550,1452
rollernet382,2,0.1151,1674,1563
rollernet171,2,0.1525,3658,3380
rollernet760,2,0.1519,868,828
rollernet896,2,0.0775,744,721
rollernet618,2,0.0912,1054,995
rollernet288,2,0.0864,2170,2028
rollernet646,2,0.0853,992,939
rollernet590,2,0.0586,1054,1000
rollernet840,2,0.1271,744,720
rollernet705,2,0.0848,930,882
rollernet537,2,0.0878,1178,1118
rollernet507,2,0.0646,1240,1179
rollernet91,2,0.2309,6820,6253
rollernet826,2,0.1044,806,772
rollernet434,2,0.075,1426,1347
rollernet206,2,0.1339,3038,2813
rollernet931,2,0.0814,682,665
rollernet224,2,0.1151,2790,2593
rollernet309,2,0.1102,2046,1910
rollernet258,2,0.1289,2418,2253
rollernet940,2,0.0823,682,666
rollernet680,2,0.0789,930,883
rollernet865,2,0.0501,744,722
rollernet232,2,0.1289,2728,2485
rollernet136,2,0.1638,4588,4230
rollernet163,2,0.1727,3844,3548
rollernet812,2,0.1034,806,774
rollernet373,2,0.1101,1674,1570
rollernet511,2,0.1034,1240,1179
rollernet167,2,0.1312,3720,3442
rollernet510,2,0.0689,1240,1180
rollernet332,2,0.1165,1922,1783
rollernet291,2,0.1288,2170,2023
rollernet150,2,0.1562,4154,3833
rollernet276,2,0.1284,2294,2133
rollernet912,2,0.0829,682,666