File,Gamma,TimeLinkStream,nbSommetsT,nbCover
enron2300000,2,0.0216,6450,2747
enron7590000,2,0.0271,1950,1066
enron5640000,2,0.015,2700,1370
enron1600000,2,0.0254,9300,3657
enron690000,2,0.0359,21450,6674
enron7870000,2,0.0315,1950,1071
enron6390000,2,0.0193,2400,1226
enron70000,2,0.0798,210600,19211
enron5210000,2,0.0204,2850,1453
enron5980000,2,0.0158,2550,1304
enron1190000,2,0.03,12450,4519
enron1760000,2,0.0283,8400,3403
enron9310000,2,0.0173,1650,919
enron9300000,2,0.0128,1650,918
enron1480000,2,0.0263,10050,3864
enron9680000,2,0.0161,1650,880
enron7340000,2,0.014,2100,1106
enron7060000,2,0.0149,2100,1153
enron1280000,2,0.0275,11550,4274
enron2070000,2,0.023,7200,2988
enron9580000,2,0.0168,1650,928
enron3240000,2,0.0278,4650,2103
enron4170000,2,0.0182,3600,1716
enron9220000,2,0.013,1650,920
enron6890000,2,0.0233,2250,1161
enron2370000,2,0.0222,6300,2715
enron3080000,2,0.0203,4800,2195
enron7300000,2,0.0147,2100,1112
enron9760000,2,0.0128,1650,864
enron4730000,2,0.0166,3150,1580
enron4490000,2,0.027,3300,1633
enron3070000,2,0.0199,4950,2209
enron8970000,2,0.0133,1650,919
enron1690000,2,0.0339,8850,3511
enron4390000,2,0.0182,3450,1653
enron9650000,2,0.0127,1650,887
enron9010000,2,0.013,1650,919
enron5790000,2,0.0158,2550,1312
enron9740000,2,0.0128,1650,871
enron580000,2,0.0465,25500,7465
enron9810000,2,0.013,1650,864
enron3170000,2,0.0296,4800,2168
enron1130000,2,0.0292,13050,4718
enron6180000,2,0.0201,2400,1290
enron1680000,2,0.0252,8850,3494
enron6500000,2,0.0305,2400,1227
enron2550000,2,0.0212,5850,2529
enron8170000,2,0.014,1950,1015
enron2260000,2,0.0342,6600,2824
enron5360000,2,0.0167,2850,1444
enron1380000,2,0.0276,10800,4062
enron7180000,2,0.0148,2100,1159
enron8910000,2,0.0135,1800,929
enron7560000,2,0.0147,1950,1064
enron4360000,2,0.0178,3450,1658
enron1520000,2,0.0264,9750,3820
enron3710000,2,0.0355,4050,1915
enron6850000,2,0.0152,2250,1161
enron5940000,2,0.0159,2550,1307
enron8300000,2,0.0257,1800,1000
enron2850000,2,0.0202,5250,2329
enron9850000,2,0.0135,1500,851
enron4330000,2,0.0183,3450,1697
enron920000,2,0.032,16050,5438
enron8070000,2,0.018,1950,1018
enron4600000,2,0.0172,3300,1574
enron4530000,2,0.0171,3300,1633
enron4850000,2,0.017,3150,1515
enron5280000,2,0.0159,2850,1454
enron6020000,2,0.016,2550,1304
enron4160000,2,0.0183,3600,1718
enron5310000,2,0.0171,2850,1457
enron1540000,2,0.0262,9600,3722
enron5760000,2,0.032,2700,1354
enron2110000,2,0.0237,7050,2958
enron6090000,2,0.0138,2550,1294
enron500000,2,0.0396,29550,8176
enron8030000,2,0.0314,1950,1028
enron410000,2,0.0418,36000,9114
enron8290000,2,0.0149,1800,998
enron2210000,2,0.0233,6750,2871
enron7460000,2,0.0148,2100,1084
enron1800000,2,0.0247,8250,3350
enron5720000,2,0.0198,2700,1354
enron2200000,2,0.023,6750,2862
enron2150000,2,0.0237,6900,2931
enron9510000,2,0.0173,1650,925
enron6730000,2,0.0147,2250,1169
enron2430000,2,0.0217,6150,2647
enron4080000,2,0.0187,3750,1780
enron6240000,2,0.0159,2400,1235
enron7700000,2,0.0143,1950,1058
enron4700000,2,0.0276,3150,1579
enron10000,2,0.0992,1474200,28150
enron4810000,2,0.0152,3150,1559
enron8320000,2,0.014,1800,998
enron5740000,2,0.0157,2700,1354
enron3930000,2,0.0179,3900,1848
enron9160000,2,0.0138,1650,916
enron2610000,2,0.0222,5700,2519
enron400000,2,0.0415,36900,9252
enron6410000,2,0.0199,2400,1224
enron8240000,2,0.0142,1800,1006
enron5660000,2,0.0164,2700,1366
enron4560000,2,0.0177,3300,1624
enron10000000,2,0.0124,1500,852
enron9260000,2,0.0134,1650,917
enron8460000,2,0.0139,1800,999
enron8550000,2,0.0139,1800,987
enron7550000,2,0.0141,2100,1078
enron8900000,2,0.0141,1800,929
enron1500000,2,0.0379,9900,3807
enron9960000,2,0.0161,1500,854
enron9340000,2,0.0126,1650,933
enron7160000,2,0.0266,2100,1163
enron5430000,2,0.0166,2850,1398
enron4960000,2,0.0174,3000,1513
enron6480000,2,0.0142,2400,1227
enron2080000,2,0.0244,7200,2986
enron2220000,2,0.0267,6750,2880
enron9320000,2,0.0125,1650,931
enron7850000,2,0.0137,1950,1071
enron7510000,2,0.0148,2100,1078
enron1470000,2,0.0374,10050,3895
enron7860000,2,0.0174,1950,1074
enron3490000,2,0.0187,4350,1978
enron2320000,2,0.0216,6450,2732
enron1420000,2,0.026,10500,3978
enron1850000,2,0.0258,8100,3256
enron6880000,2,0.0151,2250,1159
enron1030000,2,0.0415,14400,5066
enron3580000,2,0.0231,4200,1970
enron4460000,2,0.0294,3450,1653
enron8150000,2,0.0137,1950,1013
enron7310000,2,0.0144,2100,1109
enron4120000,2,0.0176,3600,1775
enron1870000,2,0.0247,7950,3252
enron1970000,2,0.0249,7500,3114
enron8660000,2,0.0174,1800,985
enron4630000,2,0.0168,3300,1574
enron3790000,2,0.0189,3900,1840
enron2350000,2,0.0229,6300,2712
enron9560000,2,0.0134,1650,928
enron640000,2,0.0472,23100,6983
enron5100000,2,0.0172,3000,1463
enron8470000,2,0.0143,1800,1000
enron8840000,2,0.0138,1800,940
enron5060000,2,0.0169,3000,1497
enron300000,2,0.0564,49200,10754
enron3140000,2,0.0359,4800,2164
enron7800000,2,0.0145,1950,1072
enron5340000,2,0.0172,2850,1435
enron150000,2,0.0638,98400,14547
enron2600000,2,0.0235,5700,2531
enron9590000,2,0.0132,1650,928
enron3950000,2,0.0289,3750,1797
enron8020000,2,0.0144,1950,1027
enron8650000,2,0.0133,1800,988
enron8220000,2,0.0136,1800,1008
enron8530000,2,0.0144,1800,994
enron1740000,2,0.0246,8550,3421
enron4440000,2,0.034,3450,1656
enron5230000,2,0.0159,2850,1450
enron3850000,2,0.0184,3900,1838
enron5290000,2,0.0293,2850,1455
enron8760000,2,0.0129,1800,939
enron5420000,2,0.0171,2850,1401
enron5970000,2,0.0152,2550,1304
enron2630000,2,0.0211,5700,2486
enron8040000,2,0.0139,1950,1027
enron2060000,2,0.0248,7200,3049
enron7950000,2,0.0138,1950,1023
enron5350000,2,0.0163,2850,1441
enron8380000,2,0.0138,1800,999
enron1560000,2,0.0264,9450,3721
enron5170000,2,0.0198,3000,1450
enron2360000,2,0.034,6300,2714
enron3810000,2,0.0182,3900,1838
enron3630000,2,0.0194,4200,1919
enron2650000,2,0.021,5700,2474
enron2810000,2,0.0206,5250,2370
enron8430000,2,0.0144,1800,999
enron4900000,2,0.0176,3150,1509
enron5920000,2,0.0156,2550,1308
enron2900000,2,0.0317,5100,2300
enron8210000,2,0.0135,1800,1011
enron9100000,2,0.0127,1650,914
enron8770000,2,0.0133,1800,939
enron340000,2,0.0424,43500,10141
enron5450000,2,0.0167,2850,1384
enron650000,2,0.0363,22800,6893
enron4940000,2,0.0173,3000,1510
enron7280000,2,0.0145,2100,1110
enron2820000,2,0.0316,5250,2359
enron990000,2,0.0308,15000,5156
enron9370000,2,0.0284,1650,937
enron330000,2,0.0437,44700,10251
enron5850000,2,0.0191,2550,1313
enron7050000,2,0.0155,2100,1152
enron9550000,2,0.026,1650,930
enron420000,2,0.0413,35100,9065
enron2040000,2,0.0239,7350,3044
enron290000,2,0.0646,50850,10921
enron8850000,2,0.0166,1800,938
enron1980000,2,0.024,7500,3091
enron8500000,2,0.0179,1800,996
enron2980000,2,0.0215,4950,2286
enron7020000,2,0.0158,2100,1151
enron7360000,2,0.0143,2100,1103
enron9240000,2,0.0134,1650,916
enron1100000,2,0.039,13500,4776
enron5150000,2,0.0195,3000,1451
enron7450000,2,0.0256,2100,1086
enron6560000,2,0.0148,2250,1221
enron3720000,2,0.019,4050,1910
enron1200000,2,0.0407,12300,4515
enron1490000,2,0.027,9900,3851
enron540000,2,0.042,27300,7844
enron1080000,2,0.0331,13650,4866
enron4870000,2,0.018,3150,1514
enron760000,2,0.0338,19500,6239
enron6650000,2,0.0185,2250,1223
enron3270000,2,0.0193,4650,2106
enron5510000,2,0.0172,2700,1379
enron6110000,2,0.0156,2550,1288
enron8630000,2,0.0142,1800,987
enron1360000,2,0.0268,10950,4123
enron8000000,2,0.0263,1950,1021
enron7250000,2,0.0143,2100,1121
enron3230000,2,0.0187,4650,2110
enron2590000,2,0.0312,5700,2537
enron510000,2,0.0376,28950,8022
enron6520000,2,0.0188,2400,1227
enron240000,2,0.0636,61500,12006
enron4950000,2,0.0152,3000,1511
enron7190000,2,0.0161,2100,1158
enron9490000,2,0.0129,1650,926
enron8340000,2,0.0138,1800,998
enron5200000,2,0.0164,2850,1461
enron7170000,2,0.0142,2100,1161
enron6860000,2,0.0151,2250,1162
enron3330000,2,0.0196,4500,2104
enron3900000,2,0.0186,3900,1846
enron4400000,2,0.0178,3450,1654
enron9290000,2,0.0133,1650,918
enron910000,2,0.0314,16200,5494
enron5600000,2,0.019,2700,1372
enron9820000,2,0.0133,1650,863
enron3020000,2,0.0206,4950,2234
enron6580000,2,0.0157,2250,1216
enron9840000,2,0.0236,1500,851
enron7100000,2,0.0145,2100,1154
enron4920000,2,0.0166,3000,1500
enron6550000,2,0.0151,2400,1222
enron2840000,2,0.021,5250,2328
enron9190000,2,0.0132,1650,918
enron6130000,2,0.0157,2550,1288
enron9890000,2,0.0133,1500,853
enron2030000,2,0.0232,7350,3027
enron2700000,2,0.0247,5550,2468
enron2310000,2,0.0226,6450,2723
enron8690000,2,0.0136,1800,949
enron6900000,2,0.0268,2250,1161
enron810000,2,0.0326,18300,5940
enron1460000,2,0.0452,10200,3925
enron9150000,2,0.0172,1650,915
enron2090000,2,0.0225,7200,2959
enron4880000,2,0.0207,3150,1510
enron4200000,2,0.0183,3600,1713
enron8920000,2,0.0251,1800,927
enron8140000,2,0.0138,1950,1013
enron7650000,2,0.014,1950,1061
enron6260000,2,0.0149,2400,1234
enron1170000,2,0.0408,12600,4633
enron4190000,2,0.0213,3600,1714
enron3340000,2,0.031,4500,2069
enron6370000,2,0.0157,2400,1233
enron5520000,2,0.0168,2700,1376
enron6340000,2,0.0248,2400,1228
enron3460000,2,0.0202,4350,2030
enron6980000,2,0.015,2250,1151
enron2160000,2,0.035,6900,2908
enron7750000,2,0.0176,1950,1062
enron6060000,2,0.0161,2550,1298
enron2940000,2,0.0315,5100,2293
enron6870000,2,0.0154,2250,1160
enron8640000,2,0.0144,1800,990
enron4110000,2,0.0299,3600,1775
enron9130000,2,0.0132,1650,915
enron6960000,2,0.0154,2250,1161
enron7880000,2,0.0146,1950,1035
enron1910000,2,0.0351,7800,3200
enron1020000,2,0.0316,14550,5046
enron1710000,2,0.0277,8700,3467
enron2270000,2,0.0323,6600,2797
enron2720000,2,0.0372,5550,2416
enron6990000,2,0.0153,2250,1152
enron930000,2,0.0456,15900,5422
enron9750000,2,0.0282,1650,867
enron9900000,2,0.0142,1500,852
enron5700000,2,0.0163,2700,1349
enron9600000,2,0.0136,1650,928
enron8610000,2,0.014,1800,986
enron5220000,2,0.0275,2850,1452
enron4280000,2,0.0174,3450,1704
enron3880000,2,0.0184,3900,1835
enron1260000,2,0.0415,11700,4354
enron2130000,2,0.0276,7050,2909
enron9040000,2,0.0149,1650,919
enron4070000,2,0.0179,3750,1780
enron9070000,2,0.0139,1650,909
enron3980000,2,0.0288,3750,1788
enron2100000,2,0.0234,7050,2964
enron2140000,2,0.0244,6900,2923
enron970000,2,0.0347,15300,5229
enron9120000,2,0.03,1650,915
enron840000,2,0.0324,17550,5818
enron6940000,2,0.0305,2250,1161
enron130000,2,0.0541,113400,15253
enron4860000,2,0.022,3150,1515
enron2970000,2,0.0305,5100,2283
enron1150000,2,0.0303,12900,4642
enron8730000,2,0.0286,1800,935
enron3060000,2,0.0202,4950,2206
enron370000,2,0.0575,39900,9627
enron4300000,2,0.022,3450,1709
enron8360000,2,0.0138,1800,997
enron9090000,2,0.0131,1650,914
enron4270000,2,0.0404,3600,1704
enron3690000,2,0.0299,4050,1914
enron5010000,2,0.0179,3000,1519
enron170000,2,0.0683,86850,13752
enron2690000,2,0.0421,5550,2463
enron7070000,2,0.0148,2100,1156
enron1550000,2,0.0264,9600,3715
enron1570000,2,0.0296,9450,3697
enron210000,2,0.0708,70200,12577
enron7710000,2,0.0364,1950,1060
enron5820000,2,0.0164,2550,1299
enron6200000,2,0.0158,2400,1249
enron7640000,2,0.0146,1950,1061
enron9700000,2,0.0131,1650,875
enron7470000,2,0.0142,2100,1084
enron7740000,2,0.0148,1950,1063
enron8890000,2,0.0143,1800,927
enron6190000,2,0.0155,2400,1252
enron1120000,2,0.0291,13200,4725
enron4620000,2,0.0327,3300,1570
enron8010000,2,0.0136,1950,1022
enron5930000,2,0.0153,2550,1308
enron8930000,2,0.0132,1800,928
enron1240000,2,0.028,12000,4402
enron120000,2,0.0684,122850,15740
enron450000,2,0.0452,32850,8704
enron3990000,2,0.0194,3750,1788
enron980000,2,0.0311,15150,5214
enron8830000,2,0.0165,1800,939
enron6320000,2,0.0147,2400,1235
enron2870000,2,0.0208,5250,2333
enron7790000,2,0.0146,1950,1072
enron3610000,2,0.0195,4200,1974
enron5500000,2,0.0159,2700,1377
enron620000,2,0.0364,23850,7143
enron7500000,2,0.0325,2100,1079
enron6780000,2,0.0152,2250,1168
enron7490000,2,0.0141,2100,1082
enron9000000,2,0.0126,1650,920
enron4020000,2,0.0185,3750,1794
enron7030000,2,0.015,2100,1155
enron3500000,2,0.0191,4350,1978
enron6790000,2,0.0146,2250,1167
enron5330000,2,0.0168,2850,1450
enron7290000,2,0.0151,2100,1112
enron3800000,2,0.0293,3900,1840
enron3730000,2,0.0189,4050,1899
enron8050000,2,0.0145,1950,1018
enron5950000,2,0.0274,2550,1306
enron2960000,2,0.0208,5100,2284
enron7520000,2,0.014,2100,1078
enron7040000,2,0.0148,2100,1154
enron6600000,2,0.0164,2250,1218
enron6220000,2,0.0151,2400,1236
enron7110000,2,0.0147,2100,1153
enron8450000,2,0.024,1800,999
enron8410000,2,0.0136,1800,999
enron5470000,2,0.0164,2700,1378
enron9780000,2,0.013,1650,864
enron80000,2,0.0693,184350,18419
enron2790000,2,0.0258,5400,2407
enron8600000,2,0.0245,1800,988
enron8160000,2,0.0137,1950,1013
enron7930000,2,0.0137,1950,1026
enron7350000,2,0.0146,2100,1105
enron8540000,2,0.0221,1800,989
enron2460000,2,0.0211,6000,2625
enron5250000,2,0.0161,2850,1454
enron9660000,2,0.0128,1650,887
enron2670000,2,0.0205,5550,2461
enron4650000,2,0.0168,3300,1573
enron2760000,2,0.0203,5400,2398
enron2510000,2,0.0212,6000,2613
enron7530000,2,0.0239,2100,1081
enron4990000,2,0.0165,3000,1519
enron4760000,2,0.0166,3150,1574
enron9140000,2,0.0127,1650,915
enron310000,2,0.042,47700,10604
enron50000,2,0.0692,294900,20651
enron720000,2,0.0599,20550,6452
enron730000,2,0.0577,20250,6358
enron9990000,2,0.0167,1500,853
enron5730000,2,0.017,2700,1356
enron3410000,2,0.0279,4350,2033
enron3920000,2,0.0186,3900,1847
enron9030000,2,0.0132,1650,921
enron1340000,2,0.0354,11100,4133
enron7680000,2,0.0175,1950,1058
enron2990000,2,0.0315,4950,2241
enron8820000,2,0.0141,1800,939
enron8440000,2,0.0135,1800,998
enron2120000,2,0.0229,7050,2948
enron6100000,2,0.0153,2550,1289
enron7080000,2,0.0189,2100,1155
enron7000000,2,0.0151,2250,1152
enron5650000,2,0.016,2700,1369
enron900000,2,0.0315,16500,5519
enron3300000,2,0.0243,4500,2093
enron7230000,2,0.0155,2100,1121
enron5240000,2,0.0166,2850,1455
enron5120000,2,0.0164,3000,1454
enron9050000,2,0.0132,1650,918
enron1900000,2,0.0241,7800,3199
enron5050000,2,0.0201,3000,1499
enron960000,2,0.0311,15450,5298
enron2480000,2,0.0227,6000,2605
enron9540000,2,0.0135,1650,930
enron9450000,2,0.0234,1650,932
enron5110000,2,0.0164,3000,1465
enron6400000,2,0.0155,2400,1224
enron5770000,2,0.0161,2700,1348
enron9520000,2,0.0132,1650,928
enron4840000,2,0.0167,3150,1517
enron20000,2,0.0845,737100,24753
enron8310000,2,0.0152,1800,1001
enron9530000,2,0.0132,1650,929
enron8420000,2,0.0386,1800,1000
enron1880000,2,0.0283,7950,3258
enron6540000,2,0.0156,2400,1222
enron7620000,2,0.0259,1950,1059
enron6310000,2,0.0155,2400,1235
enron3210000,2,0.0206,4650,2122
enron200000,2,0.0646,73800,12892
enron5040000,2,0.0219,3000,1505
enron5080000,2,0.017,3000,1500
enron3750000,2,0.0193,4050,1898
enron2930000,2,0.0198,5100,2287
enron5160000,2,0.0179,3000,1451
enron6270000,2,0.0294,2400,1230
enron4250000,2,0.0182,3600,1714
enron520000,2,0.0397,28350,7947
enron4410000,2,0.0217,3450,1656
enron5610000,2,0.0177,2700,1371
enron6680000,2,0.0158,2250,1189
enron4010000,2,0.0194,3750,1794
enron600000,2,0.0556,24600,7318
enron3680000,2,0.0222,4050,1921
enron3280000,2,0.0316,4500,2099
enron110000,2,0.0784,134100,16158
enron2740000,2,0.0453,5400,2404
enron9940000,2,0.0144,1500,849
enron9500000,2,0.0137,1650,925
enron9640000,2,0.014,1650,888
enron1390000,2,0.039,10650,4053
enron1330000,2,0.0285,11100,4203
enron6440000,2,0.0157,2400,1229
enron3550000,2,0.0197,4200,1956
enron5780000,2,0.0159,2700,1313
enron5440000,2,0.0173,2850,1387
enron4040000,2,0.0191,3750,1787
enron7720000,2,0.0155,1950,1062
enron1270000,2,0.029,11700,4346
enron2050000,2,0.0241,7200,3044
enron4590000,2,0.0202,3300,1577
enron2680000,2,0.0208,5550,2472
enron7730000,2,0.0259,1950,1063
enron1770000,2,0.0242,8400,3376
enron7580000,2,0.0131,1950,1064
enron9410000,2,0.0124,1650,932
enron3970000,2,0.0175,3750,1777
enron7830000,2,0.0129,1950,1070
enron8750000,2,0.0124,1800,938
enron4690000,2,0.0162,3150,1585
enron5300000,2,0.0159,2850,1457
enron7390000,2,0.0157,2100,1094
enron8940000,2,0.0228,1650,922
enron6920000,2,0.0145,2250,1161
enron5750000,2,0.0156,2700,1354
enron3540000,2,0.0188,4200,1969
enron280000,2,0.0457,52650,11124
enron9080000,2,0.0149,1650,908
enron9800000,2,0.0131,1650,866
enron9350000,2,0.0139,1650,935
enron5030000,2,0.0178,3000,1512
enron220000,2,0.0493,67050,12302
enron2180000,2,0.0239,6900,2871
enron7610000,2,0.0191,1950,1059
enron2800000,2,0.0222,5400,2369
enron8090000,2,0.0142,1950,1017
enron7890000,2,0.0148,1950,1038
enron5380000,2,0.0173,2850,1441
enron8990000,2,0.0135,1650,920
enron2440000,2,0.0355,6150,2637
enron3480000,2,0.02,4350,1993
enron9620000,2,0.0139,1650,927
enron9480000,2,0.0146,1650,931
enron890000,2,0.0328,16650,5557
enron800000,2,0.0506,18450,5976
enron6040000,2,0.0158,2550,1301
enron9360000,2,0.0245,1650,936
enron9210000,2,0.0141,1650,920
enron5870000,2,0.0167,2550,1317
enron6490000,2,0.016,2400,1227
enron7990000,2,0.0264,1950,1023
enron470000,2,0.041,31500,8474
enron6150000,2,0.0164,2400,1282
enron6820000,2,0.0149,2250,1159
enron7320000,2,0.0144,2100,1108
enron7260000,2,0.0149,2100,1114
enron3510000,2,0.0196,4200,1970
enron630000,2,0.0524,23400,7065
enron6710000,2,0.0193,2250,1176
enron8230000,2,0.0148,1800,1008
enron1960000,2,0.0246,7650,3161
enron9180000,2,0.0169,1650,918
enron3600000,2,0.0194,4200,1981
enron5890000,2,0.0161,2550,1315
enron8800000,2,0.0139,1800,937
enron7980000,2,0.0146,1950,1023
enron2880000,2,0.0303,5250,2341
enron4790000,2,0.0175,3150,1563
enron6000000,2,0.0164,2550,1301
enron7140000,2,0.0157,2100,1157
enron7330000,2,0.0145,2100,1109
enron8200000,2,0.0142,1800,1012
enron2730000,2,0.0338,5400,2405
enron8190000,2,0.0147,1800,1010
enron230000,2,0.0675,64200,12199
enron1410000,2,0.0285,10500,4032
enron4610000,2,0.0213,3300,1575
enron7540000,2,0.0144,2100,1078
enron7400000,2,0.0257,2100,1095
enron9270000,2,0.0141,1650,919
enron6840000,2,0.0151,2250,1157
enron350000,2,0.0593,42150,9993
enron180000,2,0.0797,81900,13508
enron6720000,2,0.0194,2250,1174
enron6300000,2,0.0149,2400,1233
enron8580000,2,0.0137,1800,988
enron2660000,2,0.0346,5550,2470
enron6290000,2,0.0154,2400,1232
enron390000,2,0.0586,37800,9447
enron2570000,2,0.0267,5850,2533
enron5390000,2,0.0173,2850,1438
enron9920000,2,0.0135,1500,849
enron2910000,2,0.021,5100,2294
enron160000,2,0.0528,92250,14096
enron4800000,2,0.0218,3150,1562
enron440000,2,0.0557,33600,8796
enron6450000,2,0.0188,2400,1234
enron3090000,2,0.0322,4800,2216
enron7210000,2,0.0155,2100,1161
enron8700000,2,0.0137,1800,949
enron750000,2,0.0479,19800,6278
enron5570000,2,0.0209,2700,1374
enron1950000,2,0.0345,7650,3141
enron5410000,2,0.0202,2850,1439
enron40000,2,0.0783,368550,21470
enron9420000,2,0.0175,1650,933
enron2470000,2,0.0223,6000,2640
enron4510000,2,0.0184,3300,1632
enron1440000,2,0.0276,10350,3954
enron7480000,2,0.0192,2100,1081
enron2770000,2,0.0218,5400,2401
enron3840000,2,0.0332,3900,1842
enron8280000,2,0.0143,1800,998
enron7010000,2,0.0159,2250,1155
enron8780000,2,0.0146,1800,937
enron3040000,2,0.0306,4950,2229
enron7150000,2,0.0153,2100,1161
enron5090000,2,0.0165,3000,1504
enron3560000,2,0.0307,4200,1959
enron2280000,2,0.0241,6600,2801
enron8520000,2,0.0144,1800,995
enron1110000,2,0.0311,13350,4802
enron7900000,2,0.0176,1950,1038
enron9730000,2,0.0145,1650,873
enron4640000,2,0.0179,3300,1578
enron3820000,2,0.0198,3900,1838
enron7910000,2,0.028,1950,1038
enron3420000,2,0.0198,4350,2023
enron2000000,2,0.0247,7500,3082
enron6630000,2,0.0192,2250,1220
enron7410000,2,0.0156,2100,1095
enron9970000,2,0.0136,1500,853
enron3310000,2,0.0343,4500,2098
enron2560000,2,0.0225,5850,2525
enron4500000,2,0.0186,3300,1628
enron9670000,2,0.0138,1650,879
enron320000,2,0.0464,46200,10419
enron1220000,2,0.0296,12150,4467
enron7960000,2,0.0289,1950,1024
enron5490000,2,0.0165,2700,1376
enron9610000,2,0.0142,1650,927
enron8480000,2,0.0144,1800,999
enron3450000,2,0.02,4350,2038
enron5540000,2,0.0163,2700,1372
enron740000,2,0.0503,19950,6334
enron5180000,2,0.0172,2850,1458
enron5830000,2,0.0165,2550,1315
enron9380000,2,0.0138,1650,936
enron4970000,2,0.0176,3000,1510
enron6800000,2,0.0152,2250,1166
enron1310000,2,0.0288,11400,4245
enron90000,2,0.0825,163800,17732
enron1650000,2,0.0305,9000,3517
enron6760000,2,0.0189,2250,1167
enron1180000,2,0.04,12600,4555
enron5960000,2,0.0197,2550,1310
enron7380000,2,0.0262,2100,1094
enron9690000,2,0.0133,1650,878
enron9710000,2,0.0131,1650,873
enron8110000,2,0.0144,1950,1015
enron6230000,2,0.0282,2400,1241
enron4090000,2,0.019,3750,1785
enron8810000,2,0.0143,1800,939
enron4740000,2,0.0178,3150,1584
enron680000,2,0.0361,21750,6708
enron940000,2,0.0532,15750,5393
enron1450000,2,0.0314,10200,3898
enron5070000,2,0.0201,3000,1497
enron7970000,2,0.0144,1950,1026
enron2420000,2,0.0352,6150,2644
enron6950000,2,0.0149,2250,1162
enron8590000,2,0.014,1800,988
enron6590000,2,0.015,2250,1215
enron6570000,2,0.0163,2250,1217
enron7130000,2,0.0169,2100,1155
enron1070000,2,0.0303,13800,4889
enron8560000,2,0.0178,1800,987
enron8400000,2,0.0143,1800,999
enron4320000,2,0.0216,3450,1704
enron4770000,2,0.017,3150,1572
enron4980000,2,0.0182,3000,1517
enron5620000,2,0.0169,2700,1373
enron3220000,2,0.0205,4650,2128
enron4780000,2,0.0177,3150,1560
enron1890000,2,0.0395,7800,3190
enron380000,2,0.0473,38850,9584
enron9950000,2,0.0179,1500,852
enron7760000,2,0.0148,1950,1057
enron860000,2,0.0429,17250,5691
enron1230000,2,0.0509,12000,4407
enron100000,2,0.0872,147450,16900
enron5590000,2,0.0216,2700,1368
enron4420000,2,0.0188,3450,1659
enron8490000,2,0.0136,1800,998
enron8130000,2,0.0143,1950,1015
enron8790000,2,0.0145,1800,937
enron4350000,2,0.0188,3450,1663
enron3440000,2,0.0203,4350,2032
enron610000,2,0.0487,24300,7233
enron6350000,2,0.0194,2400,1230
enron5400000,2,0.018,2850,1444
enron3050000,2,0.0204,4950,2223
enron6120000,2,0.0315,2550,1287
enron660000,2,0.0375,22350,6836
enron6830000,2,0.0189,2250,1157
enron5690000,2,0.0158,2700,1347
enron1530000,2,0.0269,9750,3736
enron2520000,2,0.021,5850,2570
enron2330000,2,0.0242,6450,2748
enron1290000,2,0.0291,11550,4293
enron2540000,2,0.0259,5850,2562
enron8510000,2,0.0148,1800,995
enron5630000,2,0.0168,2700,1371
enron1000000,2,0.0453,14850,5114
enron4720000,2,0.0185,3150,1579
enron360000,2,0.0576,40950,9805
enron2640000,2,0.0473,5700,2477
enron6080000,2,0.0168,2550,1296
enron2410000,2,0.0237,6150,2655
enron190000,2,0.0619,77700,13203
enron1830000,2,0.0295,8100,3305
enron7630000,2,0.0183,1950,1060
enron8060000,2,0.0152,1950,1019
enron1320000,2,0.0282,11250,4194
enron4520000,2,0.0314,3300,1635
enron2710000,2,0.0211,5550,2426
enron5190000,2,0.0174,2850,1462
enron2530000,2,0.0225,5850,2557
enron8880000,2,0.014,1800,928
enron7440000,2,0.0153,2100,1090
enron6690000,2,0.0253,2250,1189
enron4290000,2,0.0181,3450,1707
enron1580000,2,0.0262,9450,3671
enron4240000,2,0.022,3600,1723
enron8120000,2,0.0138,1950,1015
enron2620000,2,0.0216,5700,2519
enron2860000,2,0.0581,5250,2332
enron5810000,2,0.0161,2550,1305
enron480000,2,0.0504,30750,8357
enron570000,2,0.0595,25950,7570
enron4150000,2,0.0226,3600,1725
enron2580000,2,0.0222,5850,2535
enron560000,2,0.0566,26400,7601
enron3620000,2,0.0228,4200,1932
enron9630000,2,0.0134,1650,890
enron270000,2,0.0488,54600,11387
enron6470000,2,0.0207,2400,1236
enron4030000,2,0.0182,3750,1789
enron6250000,2,0.0281,2400,1234
enron1840000,2,0.0252,8100,3296
enron1820000,2,0.0283,8100,3319
enron770000,2,0.0642,19200,6148
enron2500000,2,0.0263,6000,2597
enron3640000,2,0.0191,4050,1923
enron5680000,2,0.0283,2700,1351
enron140000,2,0.0545,105300,14772
enron2230000,2,0.0268,6750,2835
enron4670000,2,0.0174,3300,1580
enron9430000,2,0.0171,1650,933
enron3150000,2,0.0209,4800,2162
enron1400000,2,0.0278,10650,4005
enron9790000,2,0.0164,1650,864
enron1670000,2,0.0375,8850,3536
enron8270000,2,0.0138,1800,1000
enron5670000,2,0.0158,2700,1352
enron1040000,2,0.0401,14250,5006
enron710000,2,0.0527,20850,6548
enron7270000,2,0.0181,2100,1112
enron250000,2,0.0591,59100,11797
enron4180000,2,0.0389,3600,1711
enron2450000,2,0.0226,6150,2623
enron9980000,2,0.0138,1500,853
enron1630000,2,0.036,9150,3616
enron2390000,2,0.0266,6300,2705
enron4100000,2,0.0297,3600,1774
enron1810000,2,0.0258,8250,3301
enron8330000,2,0.018,1800,998
enron1090000,2,0.0301,13650,4833
enron8960000,2,0.0148,1650,922
enron2190000,2,0.0242,6750,2867
enron1060000,2,0.0329,13950,4943
enron1700000,2,0.0289,8700,3479
enron1720000,2,0.0463,8700,3449
enron2490000,2,0.0257,6000,2610
enron550000,2,0.0534,26850,7657
enron8980000,2,0.0178,1650,919
enron3890000,2,0.0277,3900,1847
enron3250000,2,0.02,4650,2106
enron5460000,2,0.0165,2700,1375
enron9250000,2,0.0229,1650,917
enron7820000,2,0.0142,1950,1071
enron1930000,2,0.0246,7650,3152
enron6280000,2,0.0191,2400,1231
enron1210000,2,0.0287,12300,4468
enron3910000,2,0.0341,3900,1846
enron5910000,2,0.0156,2550,1309
enron3100000,2,0.0204,4800,2175
enron4470000,2,0.0293,3300,1642
enron4910000,2,0.0168,3150,1513
enron6050000,2,0.0157,2550,1295
enron3430000,2,0.03,4350,2035
enron9390000,2,0.0138,1650,934
enron6700000,2,0.0156,2250,1180
enron1160000,2,0.0401,12750,4622
enron1050000,2,0.0408,14100,4959
enron6170000,2,0.0202,2400,1289
enron850000,2,0.0323,17400,5702
enron30000,2,0.071,491400,22801
enron8250000,2,0.0459,1800,999
enron6640000,2,0.0162,2250,1224
enron9910000,2,0.0137,1500,852
enron1510000,2,0.0397,9900,3830
enron2170000,2,0.0269,6900,2876
enron4570000,2,0.017,3300,1595
enron2950000,2,0.021,5100,2287
enron4380000,2,0.0178,3450,1656
enron5550000,2,0.027,2700,1371
enron820000,2,0.0336,18000,5880
enron1940000,2,0.0399,7650,3111
enron2020000,2,0.0273,7350,3021
enron5130000,2,0.02,3000,1448
enron2340000,2,0.021,6300,2744
enron3760000,2,0.0191,4050,1895
enron4680000,2,0.018,3150,1580
enron8680000,2,0.0134,1800,948
enron6530000,2,0.0158,2400,1224
enron6930000,2,0.0248,2250,1158
enron9400000,2,0.0135,1650,932
enron8570000,2,0.0147,1800,987
enron3030000,2,0.0207,4950,2233
enron5560000,2,0.0163,2700,1374
enron7600000,2,0.0143,1950,1063
enron6460000,2,0.0158,2400,1233
enron9470000,2,0.0137,1650,931
enron7940000,2,0.0152,1950,1021
enron2830000,2,0.0215,5250,2355
enron8670000,2,0.025,1800,947
enron2250000,2,0.024,6600,2810
enron4140000,2,0.017,3600,1728
enron8710000,2,0.0232,1800,941
enron4000000,2,0.019,3750,1786
enron3200000,2,0.0203,4650,2151
enron3860000,2,0.0191,3900,1845
enron5020000,2,0.0173,3000,1514
enron6970000,2,0.0154,2250,1158
enron1860000,2,0.0348,7950,3249
enron3830000,2,0.023,3900,1846
enron9570000,2,0.0264,1650,928
enron2240000,2,0.023,6600,2813
enron6030000,2,0.0161,2550,1303
enron8370000,2,0.0245,1800,998
enron3190000,2,0.0203,4650,2163
enron1750000,2,0.0245,8550,3403
enron9460000,2,0.0173,1650,931
enron4710000,2,0.0175,3150,1582
enron9720000,2,0.0136,1650,873
enron7570000,2,0.0252,1950,1064
enron3530000,2,0.0191,4200,1977
enron490000,2,0.0393,30150,8270
enron2380000,2,0.022,6300,2698
enron8350000,2,0.0258,1800,999
enron5800000,2,0.0153,2550,1316
enron950000,2,0.0314,15600,5330
enron4370000,2,0.0206,3450,1656
enron4750000,2,0.0185,3150,1575
enron6140000,2,0.0303,2550,1289
enron1990000,2,0.0243,7500,3087
enron670000,2,0.0522,22050,6774
enron7780000,2,0.0177,1950,1070
enron7420000,2,0.0145,2100,1094
enron1920000,2,0.0245,7800,3215
enron4450000,2,0.0211,3450,1657
enron3660000,2,0.0329,4050,1918
enron6380000,2,0.0171,2400,1230
enron5320000,2,0.0168,2850,1453
enron9870000,2,0.013,1500,852
enron1590000,2,0.0264,9300,3656
enron6740000,2,0.0186,2250,1171
enron5260000,2,0.028,2850,1455
enron9110000,2,0.0134,1650,915
enron4820000,2,0.0168,3150,1522
enron7120000,2,0.0157,2100,1151
enron7200000,2,0.0153,2100,1161
enron9330000,2,0.0132,1650,934
enron4430000,2,0.0184,3450,1654
enron880000,2,0.0456,16800,5638
enron3160000,2,0.0286,4800,2177
enron4310000,2,0.019,3450,1708
enron7690000,2,0.0147,1950,1057
enron5880000,2,0.0168,2550,1316
enron3290000,2,0.03,4500,2093
enron5860000,2,0.0159,2550,1316
enron4220000,2,0.0246,3600,1703
enron7660000,2,0.014,1950,1061
enron3390000,2,0.0193,4350,2039
enron3110000,2,0.0201,4800,2172
enron8870000,2,0.0132,1800,928
enron5370000,2,0.0164,2850,1443
enron1140000,2,0.0296,13050,4702
enron6010000,2,0.0168,2550,1304
enron6330000,2,0.0154,2400,1227
enron2890000,2,0.0324,5250,2302
enron3590000,2,0.0199,4200,1979
enron5140000,2,0.0163,3000,1448
enron700000,2,0.0452,21150,6551
enron830000,2,0.0538,17850,5856
enron3260000,2,0.0241,4650,2114
enron6160000,2,0.0259,2400,1284
enron5270000,2,0.0161,2850,1457
enron7370000,2,0.0137,2100,1100
enron8100000,2,0.0138,1950,1018
enron3520000,2,0.0195,4200,1972
enron9280000,2,0.0133,1650,919
enron4890000,2,0.0164,3150,1507
enron460000,2,0.0388,32100,8581
enron6430000,2,0.0199,2400,1230
enron4230000,2,0.0175,3600,1703
enron2780000,2,0.0212,5400,2412
enron7840000,2,0.0146,1950,1071
enron3130000,2,0.0198,4800,2159
enron1730000,2,0.0252,8550,3468
enron3700000,2,0.0188,4050,1914
enron7920000,2,0.0139,1950,1030
enron7810000,2,0.0232,1950,1073
enron9020000,2,0.0141,1650,918
enron6070000,2,0.0165,2550,1296
enron6770000,2,0.0157,2250,1167
enron9880000,2,0.0242,1500,852
enron1620000,2,0.0264,9150,3627
enron1790000,2,0.0434,8250,3350
enron4060000,2,0.0222,3750,1786
enron7220000,2,0.0147,2100,1151
enron8620000,2,0.0246,1800,987
enron9230000,2,0.0137,1650,918
enron3670000,2,0.0194,4050,1920
enron8390000,2,0.0143,1800,998
enron870000,2,0.0328,16950,5689
enron3380000,2,0.0207,4500,2037
enron9200000,2,0.0139,1650,917
enron1370000,2,0.0276,10800,4100
enron6360000,2,0.0188,2400,1232
enron3370000,2,0.0199,4500,2027
enron2400000,2,0.0232,6150,2687
enron6670000,2,0.0171,2250,1192
enron3010000,2,0.0203,4950,2238
enron1010000,2,0.0438,14700,5056
enron1640000,2,0.0295,9000,3549
enron6750000,2,0.029,2250,1169
enron5900000,2,0.0156,2550,1313
enron7430000,2,0.0145,2100,1094
enron5580000,2,0.0257,2700,1372
enron5840000,2,0.0156,2550,1320
enron9440000,2,0.0136,1650,933
enron3940000,2,0.0196,3750,1803
enron3870000,2,0.0184,3900,1843
enron6910000,2,0.0153,2250,1159
enron4340000,2,0.0174,3450,1663
enron4260000,2,0.0178,3600,1710
enron2920000,2,0.0211,5100,2313
enron3770000,2,0.0316,4050,1853
enron9860000,2,0.0134,1500,852
enron3780000,2,0.019,3900,1843
enron3180000,2,0.0209,4650,2166
enron3350000,2,0.0207,4500,2054
enron1610000,2,0.0263,9300,3618
enron8080000,2,0.0176,1950,1017
enron2010000,2,0.0254,7350,3088
enron4830000,2,0.0288,3150,1521
enron1300000,2,0.0287,11400,4246
enron2290000,2,0.0593,6450,2776
enron260000,2,0.0469,56700,11516
enron3470000,2,0.0236,4350,1992
enron3570000,2,0.0306,4200,1963
enron4580000,2,0.0174,3300,1592
enron60000,2,0.0762,245700,19960
enron3000000,2,0.024,4950,2243
enron4050000,2,0.0188,3750,1788
enron8180000,2,0.0153,1950,1015
enron8740000,2,0.0134,1800,936
enron5480000,2,0.016,2700,1380
enron5530000,2,0.0158,2700,1377
enron7240000,2,0.0148,2100,1121
enron5000000,2,0.0174,3000,1515
enron3960000,2,0.0184,3750,1778
enron7770000,2,0.0146,1950,1071
enron530000,2,0.0389,27900,7895
enron4930000,2,0.0176,3000,1507
enron1350000,2,0.0285,10950,4159
enron3740000,2,0.0227,4050,1898
enron1780000,2,0.0256,8400,3355
enron4660000,2,0.022,3300,1579
enron6420000,2,0.0153,2400,1232
enron7090000,2,0.0144,2100,1154
enron9930000,2,0.0129,1500,848
enron5710000,2,0.016,2700,1350
enron7670000,2,0.0136,1950,1058
enron1250000,2,0.0392,11850,4367
enron9060000,2,0.014,1650,918
enron790000,2,0.0451,18750,6048
enron9830000,2,0.0126,1500,858
enron3320000,2,0.0191,4500,2101
enron4480000,2,0.0171,3300,1639
enron430000,2,0.0399,34350,8910
enron8860000,2,0.0124,1800,932
enron3120000,2,0.0191,4800,2169
enron590000,2,0.036,25050,7347
enron6510000,2,0.0303,2400,1226
enron780000,2,0.0312,18900,6134
enron3400000,2,0.023,4350,2034
enron1430000,2,0.027,10350,3934
enron8260000,2,0.0283,1800,1000
enron6660000,2,0.0154,2250,1230
enron6810000,2,0.0154,2250,1162
enron2750000,2,0.0323,5400,2404
enron8720000,2,0.0142,1800,940
enron1660000,2,0.0254,9000,3564
enron8950000,2,0.0168,1650,922
enron6210000,2,0.016,2400,1246
enron5990000,2,0.0139,2550,1300
enron9770000,2,0.013,1650,863
enron4540000,2,0.0176,3300,1628
enron4210000,2,0.0181,3600,1707
enron9170000,2,0.0132,1650,919
enron4550000,2,0.0251,3300,1633
enron6610000,2,0.0151,2250,1224
enron3360000,2,0.0191,4500,2034
enron3650000,2,0.0294,4050,1922
enron6620000,2,0.0156,2250,1218
enron4130000,2,0.0178,3600,1727
