File,Gamma,TimeLinkStream,nbSommetsT,nbCover
test1407,2,0.1161,172720,27863
test0675,2,0.0898,99176,21659
test0950,2,0.1237,118572,31326
test0267,2,0.2812,269541,65711
test1470,2,0.1218,188534,23049
test0156,2,0.1064,176180,27357
test0577,2,0.0563,102921,19777
test0403,2,0.0992,193456,26200
test0496,2,0.1703,85670,27929
test0783,2,0.1064,186563,24278
test0777,2,0.1146,213744,29075
test0001,2,0.0915,98022,20293
test0113,2,0.1846,256878,38108
test1469,2,0.0877,41208,13006
test1300,2,0.0829,72200,19289
test1424,2,0.1295,107379,29379
test0347,2,0.1197,95626,20613
test1170,2,0.0999,71492,16139
test0358,2,0.087,88417,18183
test1490,2,0.1146,200152,28609
test0897,2,0.1025,95568,20431
test0436,2,0.0752,217170,26849
test0092,2,0.0551,166953,19401
test0372,2,0.1773,155262,33284
test1381,2,0.1019,104302,18298
test1216,2,0.0704,60242,14814
test1007,2,0.1224,63840,23281
test0911,2,0.1834,173883,32750
test0333,2,0.0937,86300,18980
test0351,2,0.135,227936,35518
test0513,2,0.1296,235174,30471
test0939,2,0.115,111777,26992
test1323,2,0.2672,250393,58787
test0319,2,0.0885,123324,14035
test0869,2,0.1716,225000,40441
test1098,2,0.2958,215180,56118
test0678,2,0.1185,137072,29631
test0511,2,0.1443,67496,26884
test1363,2,0.061,55212,16861
test0107,2,0.0579,35696,7324
test1088,2,0.0783,73800,13623
test0951,2,0.1693,80250,31203
test1244,2,0.1276,122264,32133
test0718,2,0.0847,95540,17730
test0471,2,0.2117,230755,54330
test1366,2,0.0459,99100,13842
test1369,2,0.0895,85625,17126
test0723,2,0.0731,144000,26580
test0357,2,0.1752,152100,43528
test0963,2,0.0572,67210,18177
test0322,2,0.0718,133232,14311
test0719,2,0.2347,286528,65515
test1075,2,0.2202,211456,42926
test0826,2,0.0618,56295,8320
test1421,2,0.0905,146520,27125
test0587,2,0.0661,111886,13973
test0773,2,0.0828,86802,20680
test0689,2,0.1929,269839,42889
test0753,2,0.065,159858,21114
test0683,2,0.1592,232584,33531
test0043,2,0.091,146853,21641
test1275,2,0.1202,112085,22665
test0791,2,0.0916,64635,15679
test1277,2,0.1196,218784,31831
test1451,2,0.1229,235848,30798
test0609,2,0.0729,94482,16431
test1362,2,0.1015,66080,20919
test1411,2,0.1276,81250,26555
test0179,2,0.0628,34850,9665
test0755,2,0.0356,48355,9249
test0091,2,0.0794,67625,15106
test0864,2,0.1728,168072,46316
test0983,2,0.0677,127182,20582
test0321,2,0.1537,204160,31350
test1215,2,0.1356,129775,26632
test1312,2,0.133,172128,29073
test1349,2,0.1208,181293,28932
test1336,2,0.1027,163618,26726
test0404,2,0.0823,75429,18402
test0028,2,0.0404,94953,12594
test0145,2,0.0414,128568,14225
test0867,2,0.1534,151248,41477
test0500,2,0.0882,175336,19842
test1022,2,0.1462,244348,39860
test1205,2,0.0821,48789,11953
test0234,2,0.1262,185640,30757
test0616,2,0.0805,155610,16363
test0061,2,0.0622,152061,23130
test0475,2,0.2049,248064,51678
test0038,2,0.2654,200745,30755
test0340,2,0.1082,127246,20878
test1157,2,0.0898,78912,18891
test0457,2,0.1416,180740,32653
test0419,2,0.0799,31755,9180
test1019,2,0.0745,96448,18592
test1437,2,0.1148,125552,23334
test0120,2,0.0431,133233,14825
test0612,2,0.096,141812,22777
test0727,2,0.1291,192022,32727
test1191,2,0.1049,159772,22175
test0158,2,0.1198,211266,28509
test0129,2,0.1431,154354,30027
test1058,2,0.0534,61182,15904
test0995,2,0.0907,166782,23181
test0136,2,0.1228,234807,33019
test1030,2,0.041,140958,15105
test0825,2,0.0431,132572,14182
test1026,2,0.0261,33915,6531
test0707,2,0.1468,147936,41249
test0886,2,0.071,34944,10170
test1457,2,0.1092,86372,22318
test0012,2,0.0904,75646,19491
test0881,2,0.077,119440,19081
test0464,2,0.1527,116760,37449
test0976,2,0.044,98976,13563
test1458,2,0.0685,38214,12567
test1163,2,0.0865,112798,22477
test1080,2,0.0622,84728,10779
test0441,2,0.127,193720,40254
test1338,2,0.0282,58644,8531
test1485,2,0.1205,133200,28636
test1498,2,0.1303,77028,26262
test1326,2,0.0839,183039,19461
test0514,2,0.162,119732,38767
test0551,2,0.2143,237281,48894
test1479,2,0.0956,67332,17556
test0794,2,0.073,132007,26374
test0194,2,0.0635,139150,20482
test1197,2,0.1695,221835,41149
test1006,2,0.1369,232883,32064
test0052,2,0.068,61152,9053
test0355,2,0.0639,39900,11379
test0729,2,0.0254,35235,6515
test0149,2,0.0906,135355,22293
test0695,2,0.1364,76728,26783
test0368,2,0.0765,79488,12382
test0068,2,0.251,267750,64670
test1445,2,0.2902,213300,52719
test0232,2,0.08,52477,10491
test1357,2,0.0761,125820,19593
test1245,2,0.1204,154623,33825
test0159,2,0.1348,252349,33971
test0584,2,0.1028,130104,26878
test1079,2,0.1143,123738,23594
test0190,2,0.1076,125622,22771
test1382,2,0.2371,244956,53807
test1440,2,0.1292,105716,25458
test0200,2,0.0879,144796,18733
test0427,2,0.1031,145638,26494
test0290,2,0.123,178398,31968
test1165,2,0.1176,200406,28819
test0630,2,0.1579,131740,38258
test0343,2,0.1072,71232,19235
test0045,2,0.1312,130530,31784
test0253,2,0.096,86591,17681
test0708,2,0.0741,90144,12736
test0883,2,0.0965,73902,20248
test0979,2,0.1289,94996,29104
test1298,2,0.0311,82458,8992
test0473,2,0.0957,69864,21911
test1083,2,0.2155,112644,37425
test0021,2,0.0882,149366,17763
test1401,2,0.1497,224928,36307
test0183,2,0.0515,57040,12771
test0199,2,0.1466,175956,40801
test0338,2,0.095,47000,13455
test0921,2,0.2463,259420,60881
test1071,2,0.2279,108599,31114
test0040,2,0.2164,150192,42121
test1468,2,0.143,137916,30015
test1447,2,0.0977,113135,20090
test1331,2,0.1768,217299,39813
test0792,2,0.1064,209160,23472
test0855,2,0.1359,173978,37383
test0420,2,0.0338,39771,9519
test0597,2,0.1098,208500,28929
test1389,2,0.0845,79326,14990
test0221,2,0.1011,117867,23840
test0123,2,0.0517,137016,17167
test0788,2,0.0625,38760,10182
test1434,2,0.0858,203202,22222
test0866,2,0.1025,72616,20733
test1015,2,0.1215,197485,28962
test0336,2,0.1454,214135,38520
test1260,2,0.2796,278565,65638
test0991,2,0.1387,183708,32539
test0923,2,0.1446,252830,33123
test0534,2,0.0847,84168,15649
test0812,2,0.1024,53053,15171
test0093,2,0.127,89156,26894
test0082,2,0.2398,116250,40041
test1181,2,0.1737,142158,39225
test0562,2,0.0904,33652,7383
test0293,2,0.081,80340,19300
test0274,2,0.1443,95900,31255
test1321,2,0.1527,207408,40267
test0181,2,0.1595,197392,34903
test0316,2,0.1191,188454,31209
test0004,2,0.0327,51336,8778
test0371,2,0.0944,131527,22064
test0086,2,0.0487,116448,16272
test1198,2,0.1229,99000,30022
test1230,2,0.2683,189362,53890
test0505,2,0.0482,112000,14780
test0287,2,0.1211,202800,34864
test1408,2,0.1011,151242,26288
test0499,2,0.104,66240,13864
test0399,2,0.0331,64328,9365
test0721,2,0.0675,79502,17886
test0008,2,0.0623,68100,11650
test0080,2,0.0534,187248,19589
test0651,2,0.1413,139700,36702
test0996,2,0.0728,84537,11831
test1261,2,0.2093,128587,41207
test0089,2,0.1774,246225,38812
test0961,2,0.1086,95872,18722
test1410,2,0.0712,59724,13070
test1420,2,0.0531,37720,7082
test1166,2,0.0396,44642,9527
test1475,2,0.1484,271005,41808
test0023,2,0.1923,194472,35141
test0912,2,0.1513,123000,28177
test1303,2,0.0896,188956,19939
test0335,2,0.0428,135630,14193
test0099,2,0.1372,105190,33269
test0463,2,0.0273,50800,7290
test1172,2,0.0476,102144,16418
test0465,2,0.0257,43280,6582
test0805,2,0.0434,118620,14156
test0332,2,0.1473,147048,39029
test0763,2,0.1489,217120,42479
test0230,2,0.1287,226550,28459
test0999,2,0.1336,58362,22855
test1012,2,0.2013,109848,36080
test0035,2,0.064,79884,9195
test0774,2,0.1139,220997,32187
test0517,2,0.1059,56043,18629
test0520,2,0.04,118184,13354
test1460,2,0.1207,135952,31255
test0177,2,0.0644,55707,10182
test1035,2,0.0667,45738,14026
test1161,2,0.0365,37664,10200
test0880,2,0.0642,205485,22593
test0434,2,0.0547,112509,11230
test0863,2,0.1469,170742,30752
test0544,2,0.1021,168480,27266
test0046,2,0.1349,87920,29429
test0118,2,0.1693,213698,29693
test1184,2,0.0888,157534,22795
test0235,2,0.2405,234234,57666
test1126,2,0.069,175775,26431
test0423,2,0.0925,154698,22739
test1473,2,0.1015,187266,26568
test0076,2,0.2544,257320,59330
test0468,2,0.1409,64935,20253
test0412,2,0.2683,68640,26801
test1036,2,0.1303,188160,34572
test1040,2,0.0631,73656,16637
test0735,2,0.1618,133444,27699
test0331,2,0.0257,50960,7232
test0041,2,0.0589,116052,17763
test0312,2,0.0633,56135,10675
test1222,2,0.1699,250270,39189
test0326,2,0.1556,188187,35686
test0975,2,0.056,160034,19845
test0497,2,0.0705,143379,16985
test0116,2,0.073,161664,26812
test0429,2,0.1265,131274,28120
test0056,2,0.1113,64452,21626
test0988,2,0.191,135664,33511
test0701,2,0.096,47570,13834
test0827,2,0.0949,88642,19567
test0222,2,0.0643,67608,11865
test1084,2,0.1417,266741,40402
test0622,2,0.1312,125976,30651
test0832,2,0.173,195582,37138
test1265,2,0.0819,105183,13027
test0411,2,0.0644,78795,13203
test0100,2,0.0755,120486,22287
test1167,2,0.1341,158766,30221
test1069,2,0.075,114855,14855
test0380,2,0.0685,101430,23260
test0426,2,0.1534,136206,25521
test0178,2,0.0358,99120,11452
test0946,2,0.0402,104835,13249
test0193,2,0.0987,99435,22757
test0323,2,0.1238,173299,27651
test1122,2,0.2532,151548,47246
test0307,2,0.2847,198585,49570
test1414,2,0.2305,118833,39376
test1067,2,0.0368,95976,11399
test0610,2,0.0911,140990,21657
test0798,2,0.1165,92092,21732
test0098,2,0.1014,150567,25032
test0527,2,0.1649,105492,37927
test0967,2,0.1646,200644,35106
test1476,2,0.0937,52535,14916
test0740,2,0.097,87216,20996
test1493,2,0.1476,209841,42491
test0453,2,0.1413,191475,36662
test0140,2,0.1503,144530,32774
test1154,2,0.188,168960,38809
test0057,2,0.0431,70301,14487
test0236,2,0.0798,61388,16579
test0483,2,0.0235,31242,6061
test1435,2,0.0958,99957,22583
test1121,2,0.1102,120414,25123
test0394,2,0.0955,187557,22005
test0747,2,0.052,89994,16123
test0559,2,0.2079,163872,47478
test0765,2,0.1472,92880,25959
test1107,2,0.108,81396,22499
test1038,2,0.2072,252857,50279
test0679,2,0.3494,268128,64273
test1158,2,0.1283,57125,20819
test0103,2,0.1408,264270,38271
test0804,2,0.207,160089,41569
test0730,2,0.0459,40185,12703
test0062,2,0.1038,88770,23362
test0202,2,0.0422,75447,11538
test0550,2,0.2232,214038,53545
test0390,2,0.0931,42230,13385
test0413,2,0.0359,145600,12424
test0781,2,0.1101,70725,21483
test0396,2,0.0947,115380,21791
test1436,2,0.0923,170568,26041
test0684,2,0.0555,82720,8535
test1074,2,0.1282,224406,35634
test0184,2,0.1512,263836,39557
test0538,2,0.0839,99800,14955
test0986,2,0.0743,68448,17431
test0430,2,0.1596,195720,37250
test1002,2,0.1145,154800,30952
test1236,2,0.0385,93510,12290
test0628,2,0.0543,88830,19115
test0935,2,0.1245,164844,35808
test0657,2,0.1047,92358,19482
test0088,2,0.1404,153065,36668
test0821,2,0.1175,117007,20716
test0890,2,0.0454,142380,15689
test0078,2,0.0429,36582,11685
test1390,2,0.0657,101463,13401
test0572,2,0.2093,201214,52283
test1444,2,0.0328,115440,10613
test0786,2,0.1762,83028,28800
test0903,2,0.1438,125500,34333
test0288,2,0.1326,185925,34717
test0913,2,0.255,262849,57201
test0598,2,0.1185,88192,14907
test0965,2,0.0327,86022,10078
test1214,2,0.1435,146276,33646
test1188,2,0.1176,184077,24842
test1207,2,0.214,173299,46928
test0318,2,0.1237,213000,27115
test0250,2,0.1287,136136,25948
test0437,2,0.0532,108575,16956
test0487,2,0.1316,179745,36495
test0944,2,0.2674,223650,59772
test0442,2,0.1772,147400,40112
test1322,2,0.3564,281610,67386
test0590,2,0.0359,57132,9670
test1017,2,0.0781,131920,16582
test1425,2,0.0608,138936,13543
test1396,2,0.0807,97114,16693
test1240,2,0.1006,161796,26091
test0405,2,0.2038,146072,37065
test1255,2,0.0955,103140,18195
test0579,2,0.0351,38178,8198
test0139,2,0.0763,222372,27152
test0320,2,0.134,163185,35862
test0857,2,0.0818,146802,25443
test1334,2,0.0433,151532,15357
test0670,2,0.0449,48208,12959
test0522,2,0.0699,40242,10485
test1285,2,0.0577,55971,11361
test0785,2,0.0939,160204,23497
test0167,2,0.1215,231312,30124
test1229,2,0.2472,212006,54268
test0510,2,0.1276,49220,14627
test1091,2,0.0394,40950,8828
test1409,2,0.057,55902,13242
test1112,2,0.0849,60883,12263
test1208,2,0.1116,147114,29158
test1284,2,0.225,196836,48913
test0264,2,0.0505,91624,14476
test0943,2,0.2463,164640,49219
test0302,2,0.1682,208569,42739
test0364,2,0.2004,197472,32121
test0733,2,0.1093,106176,17425
test0646,2,0.0729,124068,25874
test0652,2,0.065,60348,18607
test0507,2,0.0535,33930,6750
test0561,2,0.0879,159488,25892
test0254,2,0.1104,193370,25471
test0925,2,0.1483,127702,36665
test0073,2,0.0929,80958,13468
test0031,2,0.1344,171640,30187
test0959,2,0.0919,141066,19255
test0289,2,0.0581,174636,20270
test0452,2,0.0842,102240,17664
test1186,2,0.0846,59059,14677
test1057,2,0.1247,223020,33105
test0271,2,0.0764,40848,10472
test0627,2,0.0667,135999,14137
test0566,2,0.0873,59920,17884
test1033,2,0.1025,89987,23063
test1243,2,0.0944,160160,21409
test0305,2,0.1666,276948,43934
test0960,2,0.0903,127548,16860
test1351,2,0.1016,139048,25283
test0263,2,0.1439,89216,28902
test0942,2,0.2013,183717,35335
test0861,2,0.0896,128952,17543
test0716,2,0.1089,141600,25976
test1028,2,0.0857,158004,17545
test1386,2,0.0644,56448,13553
test0506,2,0.1533,202044,38462
test1042,2,0.1523,177708,37594
test1196,2,0.1825,92827,32483
test0284,2,0.1036,53064,14338
test1432,2,0.1194,169680,32169
test0400,2,0.1191,115034,27579
test1345,2,0.1282,124127,25222
test0593,2,0.1588,224534,32499
test1442,2,0.1662,182784,43479
test1246,2,0.0748,62468,9985
test0605,2,0.0962,167602,28326
test0166,2,0.0807,111861,18823
test0344,2,0.1531,202800,42135
test0353,2,0.1467,58800,24204
test1136,2,0.1323,196044,27678
test0458,2,0.1302,71550,25538
test0169,2,0.0762,180420,29560
test0285,2,0.1496,208604,42521
test0032,2,0.2339,126576,39965
test1491,2,0.0705,58200,18468
test0795,2,0.0561,158281,21315
test0560,2,0.1905,222600,38715
test1319,2,0.2294,157872,43234
test0876,2,0.2608,180708,52559
test0104,2,0.1846,102018,35131
test0325,2,0.0872,66132,12115
test1399,2,0.0881,63945,18573
test1335,2,0.1216,105270,24265
test0552,2,0.072,113004,12544
test0373,2,0.1107,229395,32085
test1160,2,0.1517,154224,37403
test0607,2,0.1179,179946,26201
test0053,2,0.0705,92790,12197
test0700,2,0.2332,237744,59550
test1462,2,0.0376,44036,8934
test1286,2,0.0345,80214,10263
test0395,2,0.1187,117595,25678
test0039,2,0.1777,242325,35608
test0617,2,0.1202,153598,23831
test0558,2,0.0698,57371,11356
test1183,2,0.1544,181860,33635
test0910,2,0.0918,152478,21387
test0958,2,0.1113,186620,28635
test0051,2,0.2193,229698,51130
test0746,2,0.2399,168777,44509
test1356,2,0.1078,69660,12987
test0213,2,0.1217,227584,32958
test1494,2,0.2281,200880,48418
test0084,2,0.1085,91884,17289
test1192,2,0.1218,170500,31657
test0608,2,0.1397,207072,34497
test0629,2,0.1034,143888,27370
test0480,2,0.1129,212402,26542
test0563,2,0.0887,164690,25230
test0639,2,0.0708,58813,10856
test0251,2,0.0709,115235,14406
test0363,2,0.0541,61824,9812
test0122,2,0.1026,165888,27334
test1346,2,0.0412,142035,14506
test0844,2,0.1183,144640,31546
test1110,2,0.1855,184212,40476
test0853,2,0.1109,122850,22709
test1471,2,0.1289,223139,31417
test0132,2,0.0997,142380,21026
test0902,2,0.1055,174464,28658
test0130,2,0.1067,80370,19543
test1177,2,0.0661,89165,10578
test1478,2,0.0706,103584,17805
test0125,2,0.0945,133224,28789
test0878,2,0.152,145934,37764
test1268,2,0.0474,87465,16324
test0922,2,0.0757,118244,17018
test0143,2,0.1389,207984,39774
test1417,2,0.14,162019,31103
test0680,2,0.0978,167997,25456
test0565,2,0.1784,234755,36742
test1296,2,0.0773,58158,12871
test0146,2,0.0893,163560,23460
test0806,2,0.0707,144854,16751
test0469,2,0.0952,161852,26340
test1082,2,0.0431,112884,14342
test0283,2,0.1931,122180,38150
test1293,2,0.0721,115010,23517
test0819,2,0.0562,76234,18698
test0138,2,0.1989,103824,36162
test1367,2,0.0445,71896,14685
test0229,2,0.0451,68850,14851
test1223,2,0.1018,148896,28252
test1237,2,0.1588,86394,26064
test0133,2,0.1009,122112,21875
test0728,2,0.0785,84016,18187
test1142,2,0.1299,197608,32290
test1276,2,0.1464,159645,30679
test1308,2,0.2072,184950,48827
test0787,2,0.0537,95796,15972
test1247,2,0.1428,199172,41033
test0667,2,0.1233,212768,28752
test0311,2,0.1957,254976,55792
test0060,2,0.1366,61488,21800
test1264,2,0.1036,119574,20402
test0547,2,0.12,76440,19092
test1085,2,0.1072,119890,23667
test0278,2,0.1713,126477,40762
test0998,2,0.2032,106860,33047
test0604,2,0.1229,169520,32348
test0829,2,0.0468,158776,16023
test0384,2,0.0722,106272,16730
test0244,2,0.0756,88399,15663
test1120,2,0.103,88220,22728
test0748,2,0.1517,164160,37081
test0948,2,0.1208,166875,25161
test1130,2,0.226,131254,41113
test0516,2,0.1141,57800,15004
test0626,2,0.0752,168077,18791
test0698,2,0.0426,73526,11828
test0392,2,0.0946,70231,16424
test0850,2,0.0658,168646,25375
test0705,2,0.0707,92106,14401
test0540,2,0.034,83249,10653
test0142,2,0.0364,44000,8929
test0330,2,0.1475,221260,36200
test0241,2,0.1767,111186,36057
test0090,2,0.257,200554,54537
test0016,2,0.1385,81008,24205
test0115,2,0.1003,96120,16340
test0676,2,0.1667,165132,28944
test0508,2,0.0391,42944,10919
test0888,2,0.0642,51294,10135
test0433,2,0.0636,48048,11187
test0575,2,0.0836,58104,17878
test1064,2,0.1422,72864,28298
test1252,2,0.1345,191415,31922
test0502,2,0.1198,197847,29622
test0301,2,0.034,57057,8686
test0634,2,0.0641,77319,13070
test0797,2,0.0503,88298,14496
test0047,2,0.0421,127336,14525
test1332,2,0.0786,140630,16744
test0009,2,0.087,185436,23750
test1068,2,0.0666,131186,14280
test0141,2,0.0889,50556,13643
test0020,2,0.0536,54611,15678
test1063,2,0.0775,156604,17656
test0751,2,0.1799,236070,51875
test0858,2,0.1416,208159,31137
test1200,2,0.092,76602,18644
test0460,2,0.0778,42720,11685
test0633,2,0.096,158850,26959
test1310,2,0.0942,110280,19097
test0658,2,0.1493,61950,26188
test0802,2,0.1525,158242,38894
test0635,2,0.1299,79206,16555
test0216,2,0.101,170607,21729
test1173,2,0.0599,111644,18513
test1464,2,0.1569,103649,29379
test0388,2,0.0362,53544,9326
test0968,2,0.1128,87000,22263
test0260,2,0.0992,80693,18816
test1400,2,0.183,222186,42497
test1137,2,0.0684,66696,9650
test0613,2,0.1531,141840,34884
test0793,2,0.0811,38458,9857
test0769,2,0.0932,98070,22098
test1189,2,0.0942,138975,19202
test1144,2,0.0296,37710,7204
test0624,2,0.061,165206,15947
test1393,2,0.175,186758,48981
test0329,2,0.0418,151300,14304
test1412,2,0.1281,60918,24616
test0833,2,0.0675,73010,10746
test1104,2,0.1563,193315,38006
test0387,2,0.1004,90516,16791
test0111,2,0.1519,93862,33718
test1027,2,0.1994,113920,32578
test1066,2,0.2352,98100,37009
test0186,2,0.1806,216832,43819
test0182,2,0.1282,173670,31189
test0556,2,0.1378,194535,30354
test0217,2,0.2477,214800,40998
test0214,2,0.0444,56932,13998
test0295,2,0.0518,84456,14562
test0631,2,0.094,209475,23940
test1329,2,0.0308,84078,9454
test0987,2,0.1557,151368,42525
test0542,2,0.0665,99200,10509
test0228,2,0.0616,129800,13673
test0379,2,0.0641,83232,12407
test1179,2,0.0767,121334,26483
test1248,2,0.1342,120758,31752
test1339,2,0.1843,146556,34717
test1292,2,0.1383,216348,33478
test0006,2,0.1256,127421,29259
test0887,2,0.0658,54782,8985
test0778,2,0.0719,124362,14926
test0621,2,0.1717,93436,32785
test1011,2,0.0968,127995,20904
test0920,2,0.2006,163416,42392
test0152,2,0.1827,281870,41606
test0207,2,0.1035,78988,20162
test0382,2,0.1531,152944,37774
test0349,2,0.1041,78948,20148
test1111,2,0.1219,100688,27543
test1049,2,0.2219,272223,46534
test0443,2,0.1828,162893,43147
test0189,2,0.0472,72734,15872
test0892,2,0.1358,144279,34137
test0486,2,0.0492,42528,13487
test1190,2,0.1081,195932,26715
test1257,2,0.0979,98125,18328
test0257,2,0.1135,172482,30200
test0673,2,0.1409,108336,25628
test0523,2,0.1286,112000,26780
test0662,2,0.1024,177684,21041
test0964,2,0.1102,69561,15626
test1045,2,0.0769,121541,16847
test0724,2,0.1396,93102,18174
test0924,2,0.0517,116790,16104
test1365,2,0.051,50692,11897
test0438,2,0.0805,59904,15529
test0529,2,0.2803,251065,65569
test0837,2,0.1676,268657,37654
test1333,2,0.1167,179648,24523
test0564,2,0.0578,41688,14849
test0385,2,0.1857,153543,37844
test1376,2,0.1637,131271,37015
test0711,2,0.0304,62937,9055
test1124,2,0.2409,255760,63666
test0237,2,0.0872,131838,14350
test0977,2,0.0676,173419,23039
test0317,2,0.0931,110390,23146
test0548,2,0.2086,229743,47633
test0885,2,0.1137,162225,21108
test0546,2,0.0524,63638,15992
test1340,2,0.2217,252252,54685
test1046,2,0.2059,136998,34771
test1320,2,0.124,120445,28151
test0553,2,0.0676,81144,10990
test0807,2,0.1658,177021,38717
test0596,2,0.1847,152308,33506
test0242,2,0.091,150756,17448
test0696,2,0.1358,195156,31762
test0198,2,0.1795,198102,31556
test0398,2,0.1295,135493,24723
test0872,2,0.1806,246935,33192
test0346,2,0.2997,235040,50587
test0185,2,0.1047,79856,14837
test0219,2,0.0669,94160,11413
test1138,2,0.1656,121961,34791
test1171,2,0.1517,185745,35584
test0674,2,0.2259,287679,40938
test0383,2,0.2047,247792,51595
test0065,2,0.0531,43672,13526
test0058,2,0.1973,222208,46103
test0895,2,0.0709,142830,22711
test1289,2,0.0517,112216,18847
test0209,2,0.0947,120480,22354
test0066,2,0.1229,146880,29431
test1062,2,0.0361,53760,9376
test1227,2,0.1121,218202,30050
test1378,2,0.1,163200,24745
test0839,2,0.104,104520,21780
test0906,2,0.1251,153780,25553
test0110,2,0.0443,47410,10494
test0984,2,0.1297,202884,38535
test1431,2,0.1546,269662,39829
test0187,2,0.1159,98366,20639
test0208,2,0.0696,82147,12011
test0461,2,0.0976,171666,28188
test1211,2,0.0987,126026,22647
test0640,2,0.1755,182227,32192
test1359,2,0.1004,150800,21723
test0421,2,0.2178,217214,49934
test1225,2,0.3742,281400,69631
test0456,2,0.0421,58176,11413
test1449,2,0.037,121196,12298
test0168,2,0.1132,126360,29206
test1256,2,0.2064,123039,38983
test1337,2,0.1095,44486,16639
test1178,2,0.2112,167314,44032
test0402,2,0.0366,80754,11303
test0094,2,0.1276,209389,35833
test1182,2,0.1254,109470,28624
test0279,2,0.1564,183024,40742
test0304,2,0.1105,86764,21084
test1053,2,0.096,104904,21126
test0240,2,0.1739,132888,41323
test1009,2,0.099,155085,20554
test0081,2,0.2126,231360,46963
test0745,2,0.1618,65604,24387
test0085,2,0.1124,146556,20250
test0350,2,0.0502,111177,15620
test1258,2,0.106,213226,26804
test0528,2,0.1903,231231,36948
test1266,2,0.0715,64155,10511
test0555,2,0.0845,100985,20846
test1353,2,0.0838,40716,13354
test0070,2,0.1001,179334,25263
test0873,2,0.147,83790,29205
test0163,2,0.0706,38640,9820
test0375,2,0.081,104784,17793
test0455,2,0.1667,180830,46058
test0811,2,0.1307,115026,27871
test0865,2,0.044,134212,14659
test1089,2,0.0872,79674,19339
test0446,2,0.1046,55573,18293
test0599,2,0.0691,194028,23043
test0583,2,0.1993,180504,45988
test1016,2,0.1068,106700,22600
test0054,2,0.2014,194925,39636
test1443,2,0.2329,197340,48515
test1341,2,0.1438,146740,28277
test0990,2,0.1175,92295,23363
test0845,2,0.0554,132916,17873
test0974,2,0.1787,254332,38727
test0606,2,0.2634,269169,61851
test1031,2,0.1199,98298,19608
test0059,2,0.0341,95533,10671
test0780,2,0.1403,146944,38642
test0007,2,0.0961,199100,20562
test0192,2,0.0368,120622,12268
test1168,2,0.2221,224406,53810
test0900,2,0.1124,146080,22999
test0739,2,0.0484,157170,15946
test0799,2,0.1027,52780,18785
test1380,2,0.0419,147475,14454
test0592,2,0.0938,144522,20827
test0704,2,0.0348,85455,10983
test0992,2,0.0456,76500,12983
test0859,2,0.101,202400,23445
test0482,2,0.1384,177744,31815
test0238,2,0.0766,34749,5879
test0854,2,0.0998,132614,22231
test1234,2,0.1044,127059,22104
test1203,2,0.0996,67689,19218
test1419,2,0.0429,50244,10578
test0014,2,0.1029,147436,23333
test1131,2,0.1859,226892,48076
test0985,2,0.0457,130386,14608
test0594,2,0.0541,86128,14919
test1251,2,0.1804,150164,37435
test0956,2,0.1283,171654,29690
test0299,2,0.0423,140094,14451
test0808,2,0.1209,100614,28570
test0882,2,0.1907,131690,36149
test1350,2,0.1667,137224,37822
test0424,2,0.1168,128986,22328
test1422,2,0.1089,107100,23217
test1281,2,0.2257,152880,44964
test0954,2,0.1429,109710,23174
test1288,2,0.244,200880,51015
test0952,2,0.2594,200107,39183
test0928,2,0.0621,152790,20792
test0664,2,0.0855,71295,18379
test0220,2,0.0935,53841,14185
test0485,2,0.152,220952,37490
test1314,2,0.1582,233883,44072
test0298,2,0.0949,86219,14702
test0537,2,0.1552,137256,37783
test1297,2,0.258,238854,56705
test1398,2,0.2187,194324,32967
test0409,2,0.1502,257004,34414
test1155,2,0.0818,161585,15104
test1283,2,0.1,85656,18964
test1081,2,0.0933,57831,17570
test0936,2,0.0358,41309,8443
test0225,2,0.056,77976,14869
test0025,2,0.0899,104194,17877
test0578,2,0.0435,143616,14965
test0655,2,0.0993,63920,16404
test0341,2,0.1198,176439,30876
test0255,2,0.138,173010,32069
test0899,2,0.1072,201909,22824
test0722,2,0.1332,199260,33070
test1132,2,0.0611,159495,20871
test0101,2,0.0587,32004,8647
test0934,2,0.0755,75810,15374
test0079,2,0.0679,120602,24462
test0359,2,0.0899,58380,15652
test0771,2,0.0947,60990,18629
test0277,2,0.127,146853,31401
test0477,2,0.1107,80896,19270
test0286,2,0.1591,177388,39230
test1372,2,0.1478,223512,33496
test0904,2,0.1241,72787,19015
test0973,2,0.1378,77077,24440
test0002,2,0.0956,82200,13517
test0533,2,0.1039,85690,22074
test0549,2,0.2323,254892,57477
test0815,2,0.1901,232996,48503
test0732,2,0.216,166680,38700
test0361,2,0.1276,60048,23708
test1371,2,0.1189,93228,21899
test0661,2,0.1122,163944,24213
test1021,2,0.1219,183885,26242
test0389,2,0.0515,61677,15817
test0574,2,0.2,145590,41567
test0069,2,0.1231,59640,16097
test1206,2,0.1753,129779,38939
test0625,2,0.0941,76636,14791
test0918,2,0.1676,173070,45915
test0654,2,0.1375,97128,26506
test1483,2,0.1214,149643,23301
test0172,2,0.1161,63345,20932
test0813,2,0.1547,213264,36218
test0131,2,0.1495,124587,34928
test0416,2,0.112,53603,17774
test0535,2,0.2323,135888,42357
test0071,2,0.0301,63504,8186
test0474,2,0.1133,147945,29438
test0117,2,0.1276,145464,24872
test1352,2,0.1211,234960,29774
test0893,2,0.0581,50025,7954
test0144,2,0.0863,76200,19640
test0585,2,0.2227,217830,52164
test1209,2,0.2205,181000,40016
test0055,2,0.107,53067,15102
test0227,2,0.0752,102858,12590
test0197,2,0.0901,50786,14184
test0352,2,0.1321,89604,27869
test1271,2,0.1703,114513,24931
test0281,2,0.0461,158865,15771
test1105,2,0.0683,57630,10822
test0201,2,0.1267,246220,35429
test0824,2,0.1097,200010,24466
test0898,2,0.0962,110790,20360
test0836,2,0.1241,99876,27915
test0170,2,0.14,240240,35740
test1217,2,0.1274,70739,23038
test0571,2,0.1102,128016,23378
test0840,2,0.0681,37600,10097
test1311,2,0.0662,44109,10788
test0466,2,0.0871,201159,21561
test1377,2,0.1382,187919,38141
test1497,2,0.065,152337,24854
test1004,2,0.071,122210,24736
test0692,2,0.1559,213360,30296
test0749,2,0.1003,157675,24669
test0947,2,0.1258,166188,27784
test1344,2,0.2102,270864,40280
test1226,2,0.092,68240,14088
test1106,2,0.1487,194735,35486
test0174,2,0.1351,140958,23073
test0432,2,0.0505,103927,15556
test0493,2,0.1122,204106,26422
test0545,2,0.0999,95647,22732
test0246,2,0.0792,39783,10976
test1055,2,0.1037,132714,27388
test0175,2,0.2159,141912,42713
test1429,2,0.0785,85764,10275
test0048,2,0.0853,170324,21317
test0530,2,0.0474,105821,14210
test0790,2,0.054,75924,14613
test1115,2,0.0565,62333,8773
test1018,2,0.113,106140,22682
test0377,2,0.0838,115344,16107
test0173,2,0.0472,67490,15503
test1383,2,0.0927,47838,14291
test1328,2,0.112,132804,26470
test1193,2,0.0611,120102,19428
test0852,2,0.0753,78498,17707
test0203,2,0.0538,138768,17647
test0042,2,0.1288,233082,33048
test1159,2,0.0373,42570,8793
test1250,2,0.147,132660,38460
test0407,2,0.1896,54230,22841
test0415,2,0.1518,200332,41103
test0050,2,0.2589,223792,53592
test1070,2,0.1147,156120,23331
test0083,2,0.0699,55620,10416
test1175,2,0.0806,98280,17457
test0714,2,0.0974,89964,22631
test0782,2,0.1051,87210,21438
test0096,2,0.0455,145268,14927
test0764,2,0.085,65281,17131
test0681,2,0.1349,76782,26364
test0064,2,0.2442,255825,56508
test0137,2,0.0364,40866,8781
test0153,2,0.1245,229616,31960
test0816,2,0.1065,57920,12246
test0847,2,0.0885,80496,17118
test1272,2,0.1053,65320,19828
test0015,2,0.0473,83420,15932
test1427,2,0.0986,71155,17459
test1452,2,0.1416,73645,27416
test1364,2,0.0451,117663,15146
test0154,2,0.0935,152040,24333
test1109,2,0.1212,159516,25812
test0568,2,0.1648,112800,35495
test0645,2,0.0972,44020,12002
test0269,2,0.0316,33304,7234
test1370,2,0.1764,286955,41247
test0265,2,0.1776,143987,39326
test0580,2,0.0759,32554,8677
test0849,2,0.1118,82800,20786
test0759,2,0.2444,260568,60013
test1139,2,0.2414,136776,40350
test1162,2,0.1467,122220,26416
test0360,2,0.0426,97920,12868
test0842,2,0.2489,137094,28581
test1187,2,0.1419,208514,32194
test0697,2,0.2162,192820,45079
test0933,2,0.2599,219912,47579
test0663,2,0.0349,42687,8673
test1218,2,0.0763,84224,17429
test0927,2,0.1183,202796,27927
test0300,2,0.1227,191915,29700
test0856,2,0.248,198268,53762
test1056,2,0.0975,139730,15082
test0937,2,0.0479,150009,16537
test1037,2,0.0543,57974,15617
test0810,2,0.1828,261812,41244
test1318,2,0.1424,220176,33723
test1148,2,0.0802,121077,14878
test1263,2,0.1072,135177,22120
test1232,2,0.1474,214480,39550
test0796,2,0.2711,268131,59612
test1174,2,0.1045,187860,21291
test1043,2,0.0354,55874,9640
test1039,2,0.1932,166383,42395
test1477,2,0.047,54238,14138
test0356,2,0.0446,110580,13928
test1228,2,0.2192,181596,49595
test1238,2,0.2072,190281,39233
test0490,2,0.2053,125240,33557
test0029,2,0.1014,107820,20583
test0768,2,0.0426,74028,11584
test0134,2,0.1105,169248,27973
test0211,2,0.1297,176586,33921
test0619,2,0.1297,227250,30572
test1342,2,0.0908,100855,16881
test0929,2,0.1018,182280,23292
test0776,2,0.1237,74000,20026
test0275,2,0.1438,183655,36664
test1306,2,0.0364,61288,9725
test0003,2,0.1347,256770,36973
test0451,2,0.0421,85002,12689
test0342,2,0.0575,68562,14993
test0914,2,0.0985,61238,16066
test0164,2,0.1886,132080,37089
test0539,2,0.1219,172998,25823
test1212,2,0.0346,106738,11788
test1152,2,0.0651,184698,18088
test0524,2,0.0473,112308,15016
test0102,2,0.0701,57268,11244
test1061,2,0.0628,135828,13310
test1102,2,0.0881,197610,23602
test0476,2,0.0941,133056,23745
test0339,2,0.128,176748,33300
test0931,2,0.0969,70305,19384
test0121,2,0.0707,76892,11752
test0573,2,0.0566,77448,9632
test0835,2,0.1338,118430,33753
test1387,2,0.1446,183080,37446
test0644,2,0.141,207693,33502
test0252,2,0.102,75874,15974
test1325,2,0.1127,198628,29961
test0381,2,0.0346,108564,11809
test0147,2,0.0494,140640,16407
test0328,2,0.0715,150120,15883
test1127,2,0.0716,88653,17299
test0862,2,0.1364,91520,30826
test0273,2,0.0553,164835,19090
test0752,2,0.0791,36750,11753
test0308,2,0.1131,130384,30885
test0541,2,0.0875,58900,15795
test0909,2,0.0562,65424,9485
test0889,2,0.0925,75372,17534
test0691,2,0.1009,72705,17094
test1418,2,0.0971,81191,17154
test0581,2,0.1773,279565,41906
test1224,2,0.1164,69084,19494
test1100,2,0.0415,103140,12655
test1492,2,0.1167,228984,28446
test0980,2,0.1318,117546,25565
test0067,2,0.2002,210330,42887
test0653,2,0.031,59013,8849
test0049,2,0.215,212809,55103
test0449,2,0.0574,64944,16767
test1488,2,0.1764,72216,25400
test0393,2,0.0354,108560,11235
test0519,2,0.1499,163280,39824
test0809,2,0.4474,194256,51421
test0531,2,0.1121,187143,22201
test1140,2,0.1032,120176,18371
test1280,2,0.1431,170500,30051
test0671,2,0.0927,167713,16330
test1220,2,0.1973,123110,33426
test0525,2,0.2758,155312,43803
test1235,2,0.1781,80250,30926
test1150,2,0.2393,151514,42906
test0762,2,0.2997,254332,55478
test0033,2,0.2601,149750,35940
test1423,2,0.1122,73332,13631
test0611,2,0.1319,141848,24915
test1267,2,0.2361,195052,45081
test1095,2,0.0655,74300,18361
test1291,2,0.1055,58315,18225
test0582,2,0.0471,113119,13482
test0114,2,0.0469,61300,10892
test1041,2,0.1054,71750,16048
test0938,2,0.0468,60630,14121
test1348,2,0.0594,189150,20630
test0526,2,0.0541,32960,6150
test0470,2,0.1168,180342,28554
test0126,2,0.1714,185640,35860
test0444,2,0.2372,227875,46372
test0957,2,0.0533,179907,16927
test0196,2,0.0826,130572,15790
test0266,2,0.1204,232656,31644
test0366,2,0.1509,65709,26974
test1295,2,0.0337,43432,7999
test1199,2,0.2624,241650,64496
test1480,2,0.1469,148835,29699
test0345,2,0.2454,162702,43139
test1463,2,0.1705,202860,36360
test0659,2,0.0402,65367,12734
test1044,2,0.0719,137344,22336
test0569,2,0.1972,132580,40609
test0717,2,0.1048,47082,11817
test1221,2,0.114,190320,27128
test0720,2,0.1525,189608,32809
test1008,2,0.1903,149710,31039
test1402,2,0.1321,236929,28904
test0306,2,0.1096,142354,20129
test0498,2,0.1152,174370,23099
test0668,2,0.0667,101322,17820
test0742,2,0.176,97240,15302
test1101,2,0.0543,56387,13019
test0823,2,0.2643,251008,59527
test0874,2,0.1834,166362,39597
test0669,2,0.0865,87814,11625
test0294,2,0.0337,55335,8694
test0741,2,0.0343,52288,8792
test1060,2,0.074,155878,21897
test0994,2,0.067,103550,21060
test0971,2,0.0679,65268,9404
test0989,2,0.2128,90150,32846
test1213,2,0.1332,171360,30915
test1169,2,0.1496,220966,32148
test1287,2,0.1323,116607,24329
test1416,2,0.0505,76923,13612
test1302,2,0.0267,29050,5372
test0503,2,0.2005,241914,56430
test0908,2,0.1221,127715,21472
test1453,2,0.0529,175994,17496
test0800,2,0.0814,85526,15468
test0682,2,0.0612,30640,8638
test0693,2,0.284,153960,34795
test1406,2,0.0384,74790,10898
test0218,2,0.0562,75036,14136
test0374,2,0.2032,241962,39477
test1472,2,0.0659,48678,15859
test0479,2,0.0921,97965,14750
test0822,2,0.0917,114120,20377
test0801,2,0.118,92880,22802
test1093,2,0.251,177086,49087
test0738,2,0.0856,104834,11982
test1262,2,0.201,194922,39207
test0955,2,0.1125,154800,25100
test0879,2,0.0732,111680,11298
test0515,2,0.1012,45430,15379
test0969,2,0.2771,220800,55295
test1358,2,0.1214,202304,24616
test0685,2,0.0695,66400,8786
test0501,2,0.0896,143864,16623
test1273,2,0.0891,107072,17333
test0709,2,0.1729,98700,35503
test0649,2,0.0989,82908,18663
test0276,2,0.037,61470,9514
test0767,2,0.1296,210012,31118
test0282,2,0.2159,236670,39691
test0930,2,0.0606,65160,14343
test0966,2,0.0684,75952,10512
test0191,2,0.0972,159192,24788
test1482,2,0.1634,111860,34613
test0518,2,0.2408,172235,41573
test1141,2,0.1539,89232,22270
test1076,2,0.1342,195834,29295
test1090,2,0.1956,77720,26692
test1459,2,0.1098,147576,19040
test0982,2,0.061,106057,17831
test0941,2,0.0746,124355,12954
test0779,2,0.0773,49714,10375
test0494,2,0.166,181552,37071
test0870,2,0.1497,202440,27566
test0272,2,0.1148,154200,28351
test0712,2,0.0402,60912,10234
test1269,2,0.1433,124992,32304
test0926,2,0.1622,225044,33785
test0259,2,0.1378,166016,27004
test1147,2,0.2175,142870,35347
test1024,2,0.0883,43380,7962
test1143,2,0.1838,190216,39783
test0454,2,0.262,247680,55181
test0491,2,0.0822,135927,27652
test1481,2,0.114,191632,24437
test0536,2,0.0524,109304,15802
test0953,2,0.0961,188461,23472
test1446,2,0.1013,52836,16529
test1455,2,0.0661,93900,20868
test1241,2,0.1165,170625,31542
test0195,2,0.1187,168623,23963
test1379,2,0.1224,67925,17861
test0595,2,0.1229,138798,28646
test0656,2,0.3034,216672,60934
test1441,2,0.1356,161190,26256
test1355,2,0.1195,96656,24155
test1315,2,0.1246,173631,28526
test1065,2,0.1023,91504,16751
test0243,2,0.0481,53550,10749
test0841,2,0.0416,64014,10063
test0848,2,0.1404,192022,30291
test0151,2,0.2149,226680,43316
test1304,2,0.0567,80730,15367
test0896,2,0.1176,146349,29059
test0754,2,0.1955,257106,38492
test0268,2,0.2003,174616,31270
test0440,2,0.0677,53701,8506
test0766,2,0.0635,126055,12784
test1123,2,0.1443,257530,35474
test1330,2,0.1119,138240,22020
test0224,2,0.0734,147516,20797
test0677,2,0.0836,71346,17008
test0860,2,0.2682,260260,59256
test0993,2,0.3064,132352,24571
test0249,2,0.1633,208010,39482
test0223,2,0.0525,50490,14178
test1448,2,0.136,149058,29959
test0618,2,0.0416,91581,12400
test0620,2,0.0573,69147,14398
test0204,2,0.0597,64614,9422
test0557,2,0.2202,237992,53377
test0521,2,0.2627,206546,42921
test0310,2,0.1199,45548,16844
test0378,2,0.0375,49761,9206
test1231,2,0.0392,133824,12899
test1050,2,0.1493,87987,31797
test0171,2,0.1497,111888,23741
test0830,2,0.2341,170314,43897
test0337,2,0.1783,161840,29138
test0715,2,0.1533,112250,31879
test0034,2,0.122,49288,17356
test1001,2,0.2688,215058,56988
test0109,2,0.1944,177215,38289
test0410,2,0.0654,97650,21594
test0297,2,0.1157,111771,23015
test0602,2,0.1511,251030,35770
test1474,2,0.0396,44710,10619
test1023,2,0.037,47223,10549
test1025,2,0.1739,187868,46320
test1279,2,0.1705,231954,37220
test1438,2,0.0753,100895,11470
test0760,2,0.0466,78596,12444
test0737,2,0.1119,102828,18994
test1259,2,0.0739,147013,22596
test1020,2,0.099,149408,21324
test1317,2,0.2353,146402,42661
test0095,2,0.1645,50895,20475
test0072,2,0.2107,195201,42435
test1347,2,0.1727,222762,36127
test0128,2,0.0498,54060,11471
test1495,2,0.1145,138303,22630
test0348,2,0.1618,205686,40995
test0391,2,0.1102,135344,21689
test0309,2,0.1534,149435,37138
test1201,2,0.1165,70864,18462
test0757,2,0.0787,56943,12438
test1014,2,0.1153,193256,26482
test1194,2,0.0948,119733,17792
test1133,2,0.1828,164400,39674
test0256,2,0.0476,104760,14041
test0736,2,0.2345,191619,49574
test0206,2,0.1591,95250,28666
test0044,2,0.1994,167634,45328
test0589,2,0.3093,186600,52468
test0772,2,0.3267,192654,50549
test0324,2,0.1869,127856,32760
test1254,2,0.1231,173116,23998
test0891,2,0.086,48150,13210
test0245,2,0.0854,70422,17017
test0660,2,0.1496,117453,26500
test1072,2,0.1932,202764,43196
test0074,2,0.1102,74260,16664
test0077,2,0.0752,50932,11142
test1151,2,0.1471,109120,29672
test0834,2,0.2252,138096,36254
test0916,2,0.1223,59118,20157
test0591,2,0.0956,98736,17836
test0636,2,0.1471,167315,34292
test0013,2,0.0968,101361,17643
test0188,2,0.2472,260168,56893
test0614,2,0.1525,77175,19374
test1114,2,0.1505,61548,22690
test1290,2,0.1437,84600,24163
test1354,2,0.1262,154618,29175
test0492,2,0.0735,101552,11615
test0205,2,0.0708,61280,12951
test0450,2,0.0605,31390,9346
test0180,2,0.0853,166098,16715
test0017,2,0.0738,129920,20396
test1051,2,0.13,235791,31208
test0907,2,0.1562,118551,31974
test1195,2,0.1505,78474,25886
test1029,2,0.0878,77100,11997
test0949,2,0.2147,140560,41502
test1385,2,0.1904,150974,27699
test0713,2,0.1003,72600,16831
test0011,2,0.0957,67830,19528
test1086,2,0.0417,41623,9302
test1128,2,0.1473,187974,42512
test0157,2,0.0958,95004,16828
test1210,2,0.1134,218270,26568
test1487,2,0.1227,159700,30610
test0215,2,0.1197,91611,24315
test0105,2,0.152,174096,36126
test1113,2,0.2066,94563,30345
test1005,2,0.0804,63036,11914
test0648,2,0.1028,151008,28403
test0422,2,0.1249,133027,25911
test1073,2,0.0983,54880,14913
test0425,2,0.1831,120064,33686
test1430,2,0.1385,97920,22738
test0641,2,0.1604,214920,39917
test1489,2,0.1888,244000,47348
test0603,2,0.2165,193802,37753
test0231,2,0.1015,74088,15651
test0744,2,0.0481,75281,15394
test1156,2,0.1166,103152,28299
test1375,2,0.0769,56805,11545
test1394,2,0.0665,151452,23378
test0905,2,0.0924,112320,18901
test0970,2,0.1495,84513,31415
test1253,2,0.0947,83447,18151
test0638,2,0.1882,195024,47757
test0239,2,0.1482,103847,27005
test0688,2,0.1106,56373,14326
test1239,2,0.0938,100011,16785
test1305,2,0.145,179171,29437
test0315,2,0.0769,167130,27406
test0233,2,0.0482,89952,14283
test0367,2,0.0992,199020,22360
test0030,2,0.2696,267900,67039
test0643,2,0.2154,175693,43809
test0417,2,0.2555,124509,37641
test1145,2,0.0436,165004,14958
test0666,2,0.0569,83440,14459
test0161,2,0.1827,162632,36565
test0877,2,0.1269,196434,30830
test0354,2,0.0513,102690,15447
test1278,2,0.1126,114840,28860
test0690,2,0.1779,161462,40919
test0601,2,0.2918,106288,35437
test0489,2,0.1053,111274,17193
test0313,2,0.0689,106312,21971
test1047,2,0.1067,144846,21805
test1099,2,0.1708,122262,31121
test0262,2,0.0827,71345,11348
test0106,2,0.1133,120119,28427
test0665,2,0.1092,148070,25818
test0124,2,0.1644,255088,40076
test0165,2,0.1471,116172,32669
test1185,2,0.105,117288,17269
test1360,2,0.1913,176182,29494
test1270,2,0.0252,40590,6484
test0642,2,0.0657,195464,23148
test0650,2,0.0765,163375,23929
test0962,2,0.1481,212454,39274
test0063,2,0.1523,122240,32131
test0401,2,0.0746,54513,12703
test1450,2,0.0948,74214,17806
test1153,2,0.0916,46866,15570
test1103,2,0.1153,45212,18274
test0212,2,0.159,116889,36245
test0884,2,0.1074,164472,26451
test1461,2,0.0621,104878,10709
test1003,2,0.0811,107525,20103
test0615,2,0.1591,219126,43505
test0291,2,0.1279,129438,27115
test0706,2,0.228,69869,19535
test1307,2,0.1555,250470,37042
test0567,2,0.1498,192855,29508
test0036,2,0.0893,182454,20108
test0750,2,0.1224,88101,24517
test0828,2,0.1322,149372,28929
test1078,2,0.1826,56118,22007
test1327,2,0.0507,111328,14953
test1048,2,0.1363,160080,34076
test0818,2,0.1116,160488,20479
test1094,2,0.1247,104048,24323
test1125,2,0.0999,81098,16032
test1087,2,0.1211,103896,22132
test1233,2,0.0471,119171,14062
test1484,2,0.0968,38948,13267
test0919,2,0.223,243460,41838
test1391,2,0.0615,59500,16132
test0647,2,0.0967,58734,13021
test1428,2,0.0689,183976,20653
test0686,2,0.1039,123411,24838
test1467,2,0.1056,124520,22939
test0509,2,0.1678,127813,36991
test1316,2,0.2427,201724,36847
test0459,2,0.2938,182325,51029
test1117,2,0.0448,130761,14169
test0699,2,0.1006,60690,16911
test0148,2,0.1067,144288,28672
test0386,2,0.2479,176952,47872
test0743,2,0.2003,231880,49278
test1313,2,0.1938,205674,42435
test0803,2,0.0372,106080,10504
test1134,2,0.0513,77250,12276
test1384,2,0.046,100000,14860
test0248,2,0.0907,136500,17432
test0431,2,0.0564,59976,15899
test1299,2,0.1456,211554,33492
test0532,2,0.1861,120984,38768
test0097,2,0.2137,170510,37466
test0334,2,0.1318,246016,31697
test0362,2,0.1691,188682,43226
test0435,2,0.2186,182880,32711
test0784,2,0.2095,115551,17928
test0314,2,0.194,227370,50314
test1180,2,0.1548,115313,30093
test1034,2,0.1299,119464,28076
test1486,2,0.0444,119970,13117
test0484,2,0.1679,273350,37965
test0226,2,0.1412,228735,27143
test0370,2,0.0439,127932,14403
test1465,2,0.1257,202143,30016
test0439,2,0.2575,184611,52206
test0495,2,0.2955,162800,48924
test1301,2,0.1004,105109,12944
test0462,2,0.1317,53040,20909
test0445,2,0.0893,161920,25698
test0127,2,0.1657,97680,30250
test1052,2,0.0728,142830,21674
test0448,2,0.1071,136896,25711
test0901,2,0.1019,120038,21613
test1415,2,0.2223,235382,44656
test0406,2,0.0463,71832,13834
test0831,2,0.1438,184520,30593
test0488,2,0.1103,78848,17829
test0981,2,0.1223,92170,19164
test0820,2,0.1822,110448,35901
test0027,2,0.117,99302,17991
test0775,2,0.1076,100760,24651
test1403,2,0.0414,94963,11498
test0397,2,0.1422,158440,27497
test0162,2,0.1531,127600,30736
test0734,2,0.0399,86944,11114
test1343,2,0.0489,157975,15198
test1000,2,0.0368,58432,9229
test1092,2,0.0702,173250,20027
test1054,2,0.1346,161332,33231
test1426,2,0.1776,192348,42044
test0838,2,0.1897,124743,33308
test1392,2,0.0494,147987,16182
test0447,2,0.1093,43616,16827
test1439,2,0.1783,164182,29523
test1219,2,0.2096,201480,35433
test0026,2,0.235,143136,41841
test0418,2,0.1333,146672,24362
test1395,2,0.0531,41208,12991
test0150,2,0.1193,103024,22494
test0894,2,0.1132,60878,19848
test0702,2,0.1036,196248,22049
test0726,2,0.119,136407,26383
test0917,2,0.223,96560,33105
test0087,2,0.0345,71988,9733
test1433,2,0.196,162925,41775
test0428,2,0.177,131186,37513
test1242,2,0.107,124778,21381
test0997,2,0.1233,173500,25265
test0972,2,0.165,131524,36543
test0875,2,0.0892,127555,15750
test0327,2,0.1357,115560,30677
test0871,2,0.1071,162336,27313
test0365,2,0.1183,217854,29124
test0369,2,0.1495,150450,35216
test1096,2,0.089,97782,19023
test0945,2,0.0963,40656,15256
test0022,2,0.077,145582,14358
test1496,2,0.1442,194445,33305
test0761,2,0.0825,169955,18129
test1404,2,0.1478,162666,39404
test1309,2,0.1435,193479,33233
test0637,2,0.0836,64624,13375
test0846,2,0.0884,198744,21527
test0770,2,0.0817,56005,12845
test1108,2,0.1619,147201,27071
test1324,2,0.0463,95680,14829
test1176,2,0.1099,219650,29659
test0481,2,0.1834,127428,34106
test0814,2,0.0763,149322,14547
test0155,2,0.0954,130438,25903
test0632,2,0.1852,156279,35530
test0005,2,0.199,217449,39932
test1294,2,0.085,166066,15301
test0915,2,0.079,111104,16939
test1456,2,0.0953,81862,15416
test0504,2,0.2248,213426,51816
test0261,2,0.1523,156816,34567
test0978,2,0.06,131022,21881
test0414,2,0.1788,107325,33848
test1149,2,0.1215,86867,21670
test0119,2,0.1644,190476,31483
test0731,2,0.2175,236192,48279
test0296,2,0.0411,37584,11023
test0376,2,0.0954,50786,14180
test0758,2,0.1045,72720,22840
test0258,2,0.1814,257543,41400
test0019,2,0.2741,233856,59895
test1274,2,0.1792,222156,45299
test0018,2,0.0869,66177,14051
test0303,2,0.0984,115411,22058
test1388,2,0.1082,195536,28359
test1361,2,0.0564,130728,18401
test0176,2,0.1275,142058,29675
test1118,2,0.0985,115140,17650
test1135,2,0.0419,38502,10608
test0292,2,0.1292,154562,32542
test0600,2,0.1423,201662,39648
test1129,2,0.0914,62934,11663
test0467,2,0.0872,97818,19082
test0843,2,0.1335,157232,25984
test0554,2,0.096,53466,15063
test0280,2,0.0353,43520,10170
test0160,2,0.0824,98640,19204
test1097,2,0.0984,190365,24436
test0687,2,0.0869,94962,16303
test0037,2,0.0869,65010,12643
test1059,2,0.0902,120682,21548
test0851,2,0.1157,116740,21802
test0512,2,0.0402,157360,13693
test0010,2,0.0959,96822,22078
test0112,2,0.143,145632,31958
test0756,2,0.0715,79348,10024
test0588,2,0.1181,121930,25307
test1374,2,0.0938,107764,19086
test0108,2,0.029,51958,7477
test0135,2,0.1207,176456,29242
test1413,2,0.2306,210399,47068
test0710,2,0.1048,51425,13460
test1116,2,0.1279,87345,28712
test0694,2,0.115,149058,26517
test0586,2,0.0986,190512,22687
test0576,2,0.0535,124800,19717
test1373,2,0.1154,49680,20329
test0024,2,0.1697,245850,41462
test0478,2,0.1457,195664,37731
test1466,2,0.1431,117733,31887
test1405,2,0.1111,117909,23351
test0932,2,0.1142,132100,27428
test0270,2,0.1073,172304,26877
test1013,2,0.1214,140868,23055
test0210,2,0.0544,43260,14628
test1397,2,0.1065,71485,18444
test1454,2,0.0635,32562,9047
test0672,2,0.1847,198702,44218
test0472,2,0.1469,205920,33090
test0868,2,0.0918,162996,17765
test1146,2,0.097,155057,23603
test0543,2,0.1619,129600,26391
test1249,2,0.2184,211426,46305
test0570,2,0.1576,249162,35504
test1077,2,0.0899,147117,14738
test0247,2,0.032,43384,8002
test1119,2,0.0854,196245,22779
test1202,2,0.12,222456,32114
test0075,2,0.0575,85550,15300
test0725,2,0.0865,138886,19908
test1204,2,0.0344,31836,9068
test1032,2,0.1482,273000,40906
test1164,2,0.1494,86858,28986
test0817,2,0.2534,200705,51957
test0703,2,0.1584,98304,30355
test1368,2,0.1585,86856,29156
test1282,2,0.0643,193949,21549
test0408,2,0.0837,61642,14152
test0623,2,0.1507,222186,43475
test0940,2,0.1383,117370,30712
test1010,2,0.127,160826,29169
test0789,2,0.0324,47170,8035
test1499,2,0.0994,128086,23617