File,Gamma,TimeLinkStream,nbSommetsT,nbCover
test1407,2,0.1093,1360,1360
test0675,2,0.0224,832,832
test0950,2,0.08,1426,1426
test0267,2,0.0574,1078,1078
test1470,2,0.0982,1600,1600
test0156,2,0.1064,2185,2185
test0577,2,0.0214,864,864
test0403,2,0.0277,1215,1215
test0496,2,0.0244,588,588
test0783,2,0.1093,2375,2375
test0777,2,0.0282,1245,1245
test0001,2,0.1077,1554,1554
test0113,2,0.1185,2300,2300
test1469,2,0.1237,1891,1891
test1300,2,0.1199,1950,1950
test1424,2,0.0918,1364,1364
test0347,2,0.0896,1716,1716
test1170,2,0.1194,1716,1716
test0358,2,0.0203,1001,1001
test1490,2,0.1295,1920,1920
test0897,2,0.1303,1815,1815
test0436,2,0.073,1463,1463
test0092,2,0.064,1342,1342
test0372,2,0.0304,816,816
test1381,2,0.1026,1632,1632
test1216,2,0.1032,1550,1550
test1007,2,0.1268,2010,2010
test0911,2,0.1097,1462,1462
test0333,2,0.1084,2132,2132
test0351,2,0.0173,900,900
test0513,2,0.0785,1320,1320
test0939,2,0.1019,1560,1560
test1323,2,0.1223,1798,1798
test0319,2,0.0277,954,954
test0869,2,0.1208,1800,1800
test1098,2,0.1034,1440,1440
test0678,2,0.1269,2001,2001
test0511,2,0.1313,1715,1715
test1363,2,0.1082,1476,1476
test0107,2,0.0218,1079,1079
test1088,2,0.0924,1472,1472
test0951,2,0.12,1656,1656
test1244,2,0.119,1518,1518
test0718,2,0.0105,680,680
test0471,2,0.0845,1584,1584
test1366,2,0.1635,1665,1665
test1369,2,0.1212,1632,1632
test0723,2,0.0673,1081,1081
test0357,2,0.0185,1008,1008
test0963,2,0.1079,1728,1728
test0322,2,0.0261,1190,1190
test0719,2,0.0282,858,858
test1075,2,0.094,1360,1360
test0826,2,0.0549,1596,1596
test1421,2,0.1195,1715,1715
test0587,2,0.0732,1080,1080
test0773,2,0.0579,1494,1494
test0689,2,0.0303,1088,1088
test0753,2,0.0474,880,880
test0683,2,0.0419,1349,1349
test0043,2,0.017,656,656
test1275,2,0.1077,1548,1548
test0791,2,0.0484,1577,1577
test1277,2,0.0988,1408,1408
test1451,2,0.1309,1596,1596
test0609,2,0.0741,1548,1548
test1362,2,0.1152,1782,1782
test1411,2,0.1217,1564,1564
test0179,2,0.024,975,975
test0755,2,0.0635,1558,1558
test0091,2,0.0265,836,836
test0864,2,0.1046,1505,1505
test0983,2,0.1142,1800,1800
test0321,2,0.0429,910,910
test1215,2,0.0975,1485,1485
test1312,2,0.1049,1419,1419
test1349,2,0.0992,1380,1380
test1336,2,0.11,1476,1476
test0404,2,0.0685,1725,1725
test0028,2,0.0485,1274,1274
test0145,2,0.0988,1794,1794
test0867,2,0.127,1734,1734
test0500,2,0.1007,1875,1875
test1022,2,0.1138,1632,1632
test1205,2,0.122,1617,1617
test0234,2,0.0434,1476,1476
test0616,2,0.0967,1728,1728
test0061,2,0.0563,1290,1290
test0475,2,0.0717,1452,1452
test0038,2,0.0859,1794,1794
test0340,2,0.1235,2392,2392
test1157,2,0.1242,1736,1736
test0457,2,0.1164,2000,2000
test0419,2,0.1293,1860,1860
test1019,2,0.1226,1950,1950
test1437,2,0.1231,1564,1564
test0120,2,0.0094,492,492
test0612,2,0.0827,1776,1776
test0727,2,0.0405,1349,1349
test1191,2,0.1087,1770,1770
test0158,2,0.1226,1734,1734
test0129,2,0.1204,1700,1700
test1058,2,0.1101,1536,1536
test0995,2,0.123,1620,1620
test0136,2,0.1206,2262,2262
test1030,2,0.1332,1856,1856
test0825,2,0.0121,780,780
test1026,2,0.0814,1344,1344
test0707,2,0.1051,2002,2002
test0886,2,0.106,1590,1590
test1457,2,0.1153,1760,1760
test0012,2,0.0768,1215,1215
test0881,2,0.1207,1554,1554
test0464,2,0.0766,1364,1364
test0976,2,0.0974,1590,1590
test1458,2,0.1257,1950,1950
test1163,2,0.135,1980,1980
test1080,2,0.124,1683,1683
test0441,2,0.1045,1900,1900
test1338,2,0.1163,1575,1575
test1485,2,0.1617,1767,1767
test1498,2,0.14,1560,1560
test1326,2,0.1302,1665,1665
test0514,2,0.1198,2184,2184
test0551,2,0.0163,756,756
test1479,2,0.0834,1364,1364
test0794,2,0.114,1998,1998
test0194,2,0.0806,1554,1554
test1197,2,0.094,1400,1400
test1006,2,0.1008,1505,1505
test0052,2,0.0344,968,968
test0355,2,0.0678,1748,1748
test0729,2,0.1089,1917,1917
test0149,2,0.0188,765,765
test0695,2,0.0917,2064,2064
test0368,2,0.0607,1122,1122
test0068,2,0.0867,1980,1980
test1445,2,0.1167,1520,1520
test0232,2,0.1062,2184,2184
test1357,2,0.1299,1485,1485
test1245,2,0.1155,1740,1740
test0159,2,0.0345,1170,1170
test0584,2,0.0748,1738,1738
test1079,2,0.0849,1230,1230
test0190,2,0.0486,945,945
test1382,2,0.0781,1271,1271
test1440,2,0.0947,1350,1350
test0200,2,0.0538,1204,1204
test0427,2,0.0395,1176,1176
test0290,2,0.0339,1152,1152
test1165,2,0.1078,1564,1564
test0630,2,0.0969,1911,1911
test0343,2,0.0433,1183,1183
test0045,2,0.0313,1335,1335
test0253,2,0.0571,1200,1200
test0708,2,0.0513,1245,1245
test0883,2,0.1127,1610,1610
test0979,2,0.0986,1333,1333
test1298,2,0.0928,1410,1410
test0473,2,0.0458,1320,1320
test1083,2,0.1203,1802,1802
test0021,2,0.0585,954,954
test1401,2,0.0769,1260,1260
test0183,2,0.0474,1170,1170
test0199,2,0.0553,1881,1881
test0338,2,0.0973,1764,1764
test0921,2,0.1046,1612,1612
test1071,2,0.1067,1590,1590
test0040,2,0.0965,1596,1596
test1468,2,0.0935,1333,1333
test1447,2,0.1188,1680,1680
test1331,2,0.0621,1240,1240
test0792,2,0.0535,1260,1260
test0855,2,0.0911,1470,1470
test0420,2,0.0932,1600,1600
test0597,2,0.0777,1425,1425
test1389,2,0.1175,1610,1610
test0221,2,0.0231,896,896
test0123,2,0.0427,1210,1210
test0788,2,0.1181,2288,2288
test1434,2,0.1296,1584,1584
test0866,2,0.1053,1612,1612
test1015,2,0.1119,1612,1612
test0336,2,0.0085,570,570
test1260,2,0.1166,1628,1628
test0991,2,0.1075,1564,1564
test0923,2,0.1053,1617,1617
test0534,2,0.0519,1248,1248
test0812,2,0.047,1480,1480
test0093,2,0.0849,1785,1785
test0082,2,0.0606,1920,1920
test1181,2,0.095,1408,1408
test0562,2,0.0876,1656,1656
test0293,2,0.0139,814,814
test0274,2,0.0912,2002,2002
test1321,2,0.1214,1829,1829
test0181,2,0.0139,744,744
test0316,2,0.02,825,825
test0004,2,0.0424,1598,1598
test0371,2,0.0952,1728,1728
test0086,2,0.0311,1335,1335
test1198,2,0.1343,1656,1656
test1230,2,0.1027,1320,1320
test0505,2,0.0125,820,820
test0287,2,0.0293,920,920
test1408,2,0.1085,1564,1564
test0499,2,0.0884,1525,1525
test0399,2,0.0666,1566,1566
test0721,2,0.1391,2375,2375
test0008,2,0.0197,882,882
test0080,2,0.0168,990,990
test0651,2,0.0847,1840,1840
test0996,2,0.0967,1650,1650
test1261,2,0.1409,1830,1830
test0089,2,0.0479,1520,1520
test0961,2,0.1125,1890,1890
test1410,2,0.1074,1470,1470
test1420,2,0.0969,1530,1530
test1166,2,0.1038,1419,1419
test1475,2,0.1211,1768,1768
test0023,2,0.1333,1950,1950
test0912,2,0.1117,1504,1504
test1303,2,0.1177,1564,1564
test0335,2,0.1169,1564,1564
test0099,2,0.0964,1525,1525
test0463,2,0.0138,814,814
test1172,2,0.0894,1440,1440
test0465,2,0.0826,1564,1564
test0805,2,0.0487,912,912
test0332,2,0.0169,806,806
test0763,2,0.0278,798,798
test0230,2,0.0785,1430,1430
test0999,2,0.092,1470,1470
test1012,2,0.0928,1470,1470
test0035,2,0.0115,588,588
test0774,2,0.0271,936,936
test0517,2,0.0272,1056,1056
test0520,2,0.0596,1265,1265
test1460,2,0.1219,1734,1734
test0177,2,0.1175,1696,1696
test1035,2,0.1044,1650,1650
test1161,2,0.108,1584,1584
test0880,2,0.1494,1749,1749
test0434,2,0.0353,1292,1292
test0863,2,0.0706,1344,1344
test0544,2,0.0649,1134,1134
test0046,2,0.0413,1092,1092
test0118,2,0.0377,1296,1296
test1184,2,0.107,1530,1530
test0235,2,0.1173,1551,1551
test1126,2,0.1096,1643,1643
test0423,2,0.0992,1550,1550
test1473,2,0.1248,1890,1890
test0076,2,0.0947,1628,1628
test0468,2,0.0109,627,627
test0412,2,0.0212,765,765
test1036,2,0.1039,1705,1705
test1040,2,0.1156,1760,1760
test0735,2,0.058,1900,1900
test0331,2,0.0306,1184,1184
test0041,2,0.0292,1008,1008
test0312,2,0.0342,697,697
test1222,2,0.1172,1520,1520
test0326,2,0.1082,2136,2136
test0975,2,0.1104,1664,1664
test0497,2,0.1416,1932,1932
test0116,2,0.0271,855,855
test0429,2,0.0175,720,720
test0056,2,0.0536,1215,1215
test0988,2,0.1241,1802,1802
test0701,2,0.0464,1520,1520
test0827,2,0.0625,1806,1806
test0222,2,0.112,1800,1800
test1084,2,0.1023,1581,1581
test0622,2,0.075,1729,1729
test0832,2,0.0614,1738,1738
test1265,2,0.1123,1683,1683
test0411,2,0.052,1125,1125
test0100,2,0.0299,900,900
test1167,2,0.1126,1664,1664
test1069,2,0.0998,1333,1333
test0380,2,0.015,900,900
test0426,2,0.1128,2001,2001
test0178,2,0.0385,825,825
test0946,2,0.1065,1530,1530
test0193,2,0.0292,1037,1037
test0323,2,0.0159,754,754
test1122,2,0.1164,1666,1666
test0307,2,0.0267,1300,1300
test1414,2,0.1134,1683,1683
test1067,2,0.1211,1890,1890
test0610,2,0.0418,767,767
test0798,2,0.0461,1127,1127
test0098,2,0.0189,897,897
test0527,2,0.0459,903,903
test0967,2,0.1057,1505,1505
test1476,2,0.1226,2010,2010
test0740,2,0.0258,836,836
test1493,2,0.1008,1705,1705
test0453,2,0.0989,1472,1472
test0140,2,0.0599,1092,1092
test1154,2,0.1115,1645,1645
test0057,2,0.0766,1360,1360
test0236,2,0.0337,720,720
test0483,2,0.0346,1050,1050
test1435,2,0.0973,1419,1419
test1121,2,0.0677,1344,1344
test0394,2,0.0622,1632,1632
test0747,2,0.0342,765,765
test0559,2,0.1051,1829,1829
test0765,2,0.0271,1155,1155
test1107,2,0.0895,1364,1364
test1038,2,0.1464,1700,1700
test0679,2,0.123,2106,2106
test1158,2,0.1092,1568,1568
test0103,2,0.1199,1856,1856
test0804,2,0.0364,1071,1071
test0730,2,0.0707,1786,1786
test0062,2,0.1006,2134,2134
test0202,2,0.0428,1340,1340
test0550,2,0.026,1080,1080
test0390,2,0.0454,1260,1260
test0413,2,0.0218,1152,1152
test0781,2,0.0685,1440,1440
test0396,2,0.0573,1296,1296
test1436,2,0.1118,1980,1980
test0684,2,0.0579,1316,1316
test1074,2,0.1107,1598,1598
test0184,2,0.1067,1856,1856
test0538,2,0.0088,528,528
test0986,2,0.1053,1548,1548
test0430,2,0.0316,1280,1280
test1002,2,0.0803,1290,1290
test1236,2,0.1091,1830,1830
test0628,2,0.0458,1386,1386
test0935,2,0.1087,1540,1540
test0657,2,0.0176,858,858
test0088,2,0.0332,1036,1036
test0821,2,0.0126,830,830
test0890,2,0.1078,2010,2010
test0078,2,0.0213,1152,1152
test1390,2,0.1125,1692,1692
test0572,2,0.0977,2037,2037
test1444,2,0.0908,1320,1320
test0786,2,0.095,1775,1775
test0903,2,0.0868,1260,1260
test0288,2,0.0576,1386,1386
test0913,2,0.0829,1280,1280
test0598,2,0.0532,1152,1152
test0965,2,0.0999,1485,1485
test1214,2,0.1089,1452,1452
test1188,2,0.1134,1530,1530
test1207,2,0.1234,1920,1920
test0318,2,0.0514,882,882
test0250,2,0.0124,598,598
test0437,2,0.0612,1386,1386
test0487,2,0.0272,1140,1140
test0944,2,0.1067,1860,1860
test0442,2,0.0793,1780,1780
test1322,2,0.1217,1596,1596
test0590,2,0.0189,949,949
test1017,2,0.0659,1230,1230
test1425,2,0.1121,1680,1680
test1396,2,0.1055,1440,1440
test1240,2,0.1156,1705,1705
test0405,2,0.025,1120,1120
test1255,2,0.0913,1620,1620
test0579,2,0.0509,1020,1020
test0139,2,0.08,1738,1738
test0320,2,0.149,1815,1815
test0857,2,0.1018,1500,1500
test1334,2,0.12,1632,1632
test0670,2,0.0347,1292,1292
test0522,2,0.0272,954,954
test1285,2,0.1345,1922,1922
test0785,2,0.0161,728,728
test0167,2,0.0337,900,900
test1229,2,0.1045,1540,1540
test0510,2,0.0145,672,672
test1091,2,0.083,1353,1353
test1409,2,0.1016,1680,1680
test1112,2,0.0961,1457,1457
test1208,2,0.093,1364,1364
test1284,2,0.1273,1922,1922
test0264,2,0.0896,1326,1326
test0943,2,0.1123,1664,1664
test0302,2,0.1318,2128,2128
test0364,2,0.106,1650,1650
test0733,2,0.0867,1305,1305
test0646,2,0.0134,870,870
test0652,2,0.0697,1326,1326
test0507,2,0.0838,1450,1450
test0561,2,0.0766,1518,1518
test0254,2,0.0434,1200,1200
test0925,2,0.0757,1200,1200
test0073,2,0.0394,1081,1081
test0031,2,0.0277,1288,1288
test0959,2,0.0884,1530,1530
test0289,2,0.0726,1600,1600
test0452,2,0.0855,1958,1958
test1186,2,0.1003,1643,1643
test1057,2,0.1181,1517,1517
test0271,2,0.08,1764,1764
test0627,2,0.1088,1904,1904
test0566,2,0.0853,1694,1694
test1033,2,0.1118,1551,1551
test1243,2,0.1031,1353,1353
test0305,2,0.0144,847,847
test0960,2,0.0984,1600,1600
test1351,2,0.1105,1400,1400
test0263,2,0.0256,836,836
test0942,2,0.1159,1734,1734
test0861,2,0.1013,1530,1530
test0716,2,0.0211,1040,1040
test1028,2,0.1298,1620,1620
test1386,2,0.1204,1476,1476
test0506,2,0.0908,1848,1848
test1042,2,0.1288,2010,2010
test1196,2,0.0911,1280,1280
test0284,2,0.0506,1782,1782
test1432,2,0.0844,1200,1200
test0400,2,0.1454,2184,2184
test1345,2,0.1263,1620,1620
test0000,2,0.1984,1456,1456
test0593,2,0.0623,1335,1335
test1442,2,0.1135,1517,1517
test1246,2,0.0942,1395,1395
test0605,2,0.0318,1264,1264
test0166,2,0.0306,1358,1358
test0344,2,0.1132,2016,2016
test0353,2,0.0156,754,754
test1136,2,0.0969,1705,1705
test0458,2,0.034,588,588
test0169,2,0.0657,1995,1995
test0285,2,0.0591,1056,1056
test0032,2,0.0742,1450,1450
test1491,2,0.1027,1485,1485
test0795,2,0.1233,1645,1645
test0560,2,0.1017,1944,1944
test1319,2,0.1203,1620,1620
test0876,2,0.1094,1705,1705
test0104,2,0.0102,540,540
test0325,2,0.014,814,814
test1399,2,0.1056,1716,1716
test1335,2,0.1504,1656,1656
test0552,2,0.1103,2050,2050
test0373,2,0.0416,1387,1387
test1160,2,0.089,1386,1386
test0607,2,0.028,972,972
test0053,2,0.0648,1242,1242
test0700,2,0.0135,781,781
test1462,2,0.0994,1770,1770
test1286,2,0.0951,1408,1408
test0395,2,0.0904,1479,1479
test0039,2,0.033,1312,1312
test0617,2,0.0376,1092,1092
test0558,2,0.0215,1066,1066
test1183,2,0.1138,1692,1692
test0910,2,0.1077,1519,1519
test0958,2,0.1142,1496,1496
test0051,2,0.032,902,902
test0746,2,0.0321,1034,1034
test1356,2,0.0942,1560,1560
test0213,2,0.0378,1520,1520
test1494,2,0.1225,1848,1848
test0084,2,0.02,988,988
test1192,2,0.114,1980,1980
test0608,2,0.0889,1260,1260
test0629,2,0.1077,1400,1400
test0480,2,0.1111,1496,1496
test0563,2,0.125,2376,2376
test0639,2,0.0906,1288,1288
test0251,2,0.0582,1312,1312
test0363,2,0.0625,1150,1150
test0122,2,0.0139,870,870
test1346,2,0.1171,1980,1980
test0844,2,0.0221,848,848
test1110,2,0.0759,1519,1519
test0853,2,0.0974,1395,1395
test1471,2,0.119,1980,1980
test0132,2,0.1251,1760,1760
test0902,2,0.129,2010,2010
test0130,2,0.0733,1444,1444
test1177,2,0.1245,1922,1922
test1478,2,0.1222,1548,1548
test0125,2,0.086,1564,1564
test0878,2,0.119,1728,1728
test1268,2,0.1156,1400,1400
test0922,2,0.1073,1457,1457
test0143,2,0.0484,1674,1674
test1417,2,0.112,1710,1710
test0680,2,0.0786,1364,1364
test0565,2,0.1155,1645,1645
test1296,2,0.145,1750,1750
test0146,2,0.0763,1176,1176
test0806,2,0.1015,2116,2116
test0469,2,0.0509,900,900
test1082,2,0.1168,1860,1860
test0283,2,0.0178,1034,1034
test1293,2,0.1113,1480,1480
test0819,2,0.0177,1023,1023
test0138,2,0.0184,1078,1078
test1367,2,0.1135,1591,1591
test0229,2,0.0115,585,585
test1223,2,0.1267,2040,2040
test1237,2,0.1303,1558,1558
test0133,2,0.0991,1944,1944
test0728,2,0.0978,1944,1944
test1142,2,0.1125,1728,1728
test1276,2,0.1588,1980,1980
test1308,2,0.1042,1320,1320
test0787,2,0.0319,1098,1098
test1247,2,0.0845,1410,1410
test0667,2,0.0291,1120,1120
test0311,2,0.021,840,840
test0060,2,0.0288,880,880
test1264,2,0.1148,1680,1680
test0547,2,0.0754,1782,1782
test1085,2,0.0931,1488,1488
test0278,2,0.0866,1656,1656
test0998,2,0.1003,1472,1472
test0604,2,0.0864,1650,1650
test0829,2,0.0789,1247,1247
test0384,2,0.0159,714,714
test0244,2,0.0285,1037,1037
test1120,2,0.0863,1280,1280
test0748,2,0.0457,1072,1072
test0948,2,0.1082,1860,1860
test1130,2,0.1454,1860,1860
test0516,2,0.0518,1554,1554
test0626,2,0.0166,968,968
test0698,2,0.0486,989,989
test0392,2,0.0848,1995,1995
test0850,2,0.0273,840,840
test0705,2,0.0369,989,989
test0540,2,0.1364,1560,1560
test0142,2,0.1118,1975,1975
test0330,2,0.0972,1974,1974
test0241,2,0.0545,1232,1232
test0090,2,0.0224,792,792
test0016,2,0.0728,1595,1595
test0115,2,0.0806,1512,1512
test0676,2,0.1188,1692,1692
test0508,2,0.0492,1728,1728
test0888,2,0.0975,1386,1386
test0433,2,0.0435,1406,1406
test0575,2,0.0149,869,869
test1064,2,0.1149,1750,1750
test1252,2,0.0714,1353,1353
test0502,2,0.0968,1794,1794
test0301,2,0.091,1775,1775
test0634,2,0.0089,600,600
test0797,2,0.0097,583,583
test0047,2,0.0712,1896,1896
test1332,2,0.0985,1620,1620
test0009,2,0.0997,2200,2200
test1068,2,0.097,1408,1408
test0141,2,0.0093,561,561
test0020,2,0.0749,1380,1380
test1063,2,0.1188,1920,1920
test0751,2,0.1204,1610,1610
test0858,2,0.1104,1584,1584
test1200,2,0.1226,1560,1560
test0460,2,0.0836,1782,1782
test0633,2,0.116,2392,2392
test1310,2,0.0672,1380,1380
test0658,2,0.0956,1560,1560
test0802,2,0.0161,946,946
test0635,2,0.1157,2214,2214
test0216,2,0.114,1705,1705
test1173,2,0.1087,1564,1564
test1464,2,0.1604,1591,1591
test0388,2,0.0984,1804,1804
test0968,2,0.1037,1568,1568
test0260,2,0.0338,616,616
test1400,2,0.1036,1496,1496
test1137,2,0.1217,1830,1830
test0613,2,0.1082,1536,1536
test0793,2,0.0919,1840,1840
test0769,2,0.0102,690,690
test1189,2,0.1096,1554,1554
test1144,2,0.0904,1410,1410
test0624,2,0.0304,1080,1080
test1393,2,0.1176,1692,1692
test0329,2,0.0592,1008,1008
test1412,2,0.1041,1705,1705
test0833,2,0.0864,1725,1725
test1104,2,0.1121,1540,1540
test0387,2,0.0853,1820,1820
test0111,2,0.0489,1152,1152
test1027,2,0.1113,1980,1980
test1066,2,0.1151,1612,1612
test0186,2,0.064,1421,1421
test0182,2,0.0951,1581,1581
test0556,2,0.1545,1558,1558
test0217,2,0.0345,920,920
test0214,2,0.0365,1092,1092
test0295,2,0.0776,1804,1804
test0631,2,0.0642,984,984
test1329,2,0.1188,1596,1596
test0987,2,0.1531,1656,1656
test0542,2,0.0306,960,960
test0228,2,0.0134,870,870
test0379,2,0.1098,1824,1824
test1179,2,0.1469,1591,1591
test1248,2,0.1061,1612,1612
test1339,2,0.1014,1504,1504
test1292,2,0.0909,1302,1302
test0006,2,0.0377,782,782
test0887,2,0.11,1922,1922
test0778,2,0.0467,1023,1023
test0621,2,0.0541,1740,1740
test1011,2,0.1039,1505,1505
test0920,2,0.1644,1815,1815
test0152,2,0.0466,1539,1539
test0207,2,0.0235,760,760
test0382,2,0.0543,1360,1360
test0349,2,0.0336,946,946
test1111,2,0.0957,1680,1680
test1049,2,0.1528,1665,1665
test0443,2,0.0931,1600,1600
test0189,2,0.0325,1232,1232
test0892,2,0.0839,1344,1344
test0486,2,0.0788,1700,1700
test1190,2,0.1425,1584,1584
test1257,2,0.1227,1610,1610
test0257,2,0.0153,891,891
test0673,2,0.09,2088,2088
test0523,2,0.149,1716,1716
test0662,2,0.1101,1820,1820
test0964,2,0.1133,1680,1680
test1045,2,0.1145,1512,1512
test0724,2,0.0839,1344,1344
test0924,2,0.1416,1680,1680
test1365,2,0.1169,1650,1650
test0438,2,0.0809,1274,1274
test0529,2,0.0541,987,987
test0837,2,0.0612,1349,1349
test1333,2,0.1128,1792,1792
test0564,2,0.1052,1550,1550
test0385,2,0.1182,1767,1767
test1376,2,0.1062,1470,1470
test0711,2,0.0343,660,660
test1124,2,0.12,1620,1620
test0237,2,0.1143,1932,1932
test0977,2,0.0962,1500,1500
test0317,2,0.0066,420,420
test0548,2,0.0395,950,950
test0885,2,0.092,1395,1395
test0546,2,0.0145,869,869
test1340,2,0.1125,2040,2040
test1046,2,0.1309,1802,1802
test1320,2,0.1151,1770,1770
test0553,2,0.0257,1080,1080
test0807,2,0.0474,1577,1577
test0596,2,0.0233,850,850
test0242,2,0.0237,1170,1170
test0696,2,0.0577,1330,1330
test0198,2,0.0988,1536,1536
test0398,2,0.0896,1848,1848
test0872,2,0.1215,1645,1645
test0346,2,0.0135,890,890
test0185,2,0.0953,2080,2080
test0219,2,0.0685,1320,1320
test1138,2,0.0903,1408,1408
test1171,2,0.1165,1628,1628
test0674,2,0.0598,1377,1377
test0383,2,0.0697,1691,1691
test0065,2,0.1346,1591,1591
test0058,2,0.1296,2156,2156
test0895,2,0.1525,1584,1584
test1289,2,0.1204,1830,1830
test0209,2,0.0872,1275,1275
test0066,2,0.0096,630,630
test1062,2,0.0678,1260,1260
test1227,2,0.119,1856,1856
test1378,2,0.1382,1617,1617
test0839,2,0.0551,1518,1518
test0906,2,0.1127,1554,1554
test0110,2,0.0497,1140,1140
test0984,2,0.1018,1705,1705
test1431,2,0.1074,1504,1504
test0187,2,0.0776,1640,1640
test0208,2,0.0918,1775,1775
test0461,2,0.1005,2156,2156
test1211,2,0.0967,1376,1376
test0640,2,0.0728,1400,1400
test1359,2,0.1071,1530,1530
test0421,2,0.1224,1558,1558
test1225,2,0.0626,1290,1290
test0456,2,0.0602,1472,1472
test1449,2,0.1082,1674,1674
test0168,2,0.0605,1140,1140
test1256,2,0.1173,1554,1554
test1337,2,0.1451,1540,1540
test1178,2,0.1119,1504,1504
test0402,2,0.1117,1400,1400
test0094,2,0.0173,672,672
test1182,2,0.0997,1584,1584
test0279,2,0.0968,1500,1500
test0304,2,0.0116,572,572
test1053,2,0.1001,1798,1798
test0240,2,0.1156,2184,2184
test1009,2,0.1237,1620,1620
test0081,2,0.0908,1428,1428
test0745,2,0.0153,686,686
test0085,2,0.0278,840,840
test0350,2,0.1088,1960,1960
test1258,2,0.1165,1860,1860
test0528,2,0.0484,1035,1035
test1266,2,0.0969,1452,1452
test0555,2,0.033,1116,1116
test1353,2,0.1185,1922,1922
test0070,2,0.1053,1600,1600
test0873,2,0.1206,1554,1554
test0163,2,0.0125,611,611
test0375,2,0.0384,1056,1056
test0455,2,0.0877,1824,1824
test0811,2,0.0383,1273,1273
test0865,2,0.1186,1715,1715
test1089,2,0.1271,2040,2040
test0446,2,0.0615,1431,1431
test0599,2,0.0169,979,979
test0583,2,0.0674,1312,1312
test1016,2,0.1018,1612,1612
test0054,2,0.0619,1176,1176
test1443,2,0.1194,1692,1692
test1341,2,0.1316,1920,1920
test0990,2,0.1134,1650,1650
test0845,2,0.0573,1189,1189
test0974,2,0.118,1645,1645
test0606,2,0.1301,2425,2425
test1031,2,0.1358,1953,1953
test0059,2,0.0789,1512,1512
test0780,2,0.0496,1020,1020
test0007,2,0.1034,1674,1674
test0192,2,0.0308,1200,1200
test1168,2,0.0932,1353,1353
test0900,2,0.1242,1683,1683
test0739,2,0.0895,1881,1881
test0799,2,0.0564,1190,1190
test1380,2,0.1079,1564,1564
test0592,2,0.0905,1892,1892
test0704,2,0.0134,890,890
test0992,2,0.0963,1476,1476
test0859,2,0.1008,1435,1435
test0482,2,0.0272,1088,1088
test0238,2,0.0267,969,969
test0854,2,0.1134,1620,1620
test1234,2,0.1163,1728,1728
test1203,2,0.1715,1922,1922
test1419,2,0.0938,1230,1230
test0014,2,0.095,1364,1364
test1131,2,0.0981,1271,1271
test0985,2,0.1382,2040,2040
test0594,2,0.0841,1300,1300
test1251,2,0.0718,1364,1364
test0956,2,0.1302,1856,1856
test0299,2,0.065,1271,1271
test0808,2,0.0766,1152,1152
test0882,2,0.098,1590,1590
test1350,2,0.1239,1575,1575
test0424,2,0.0321,1007,1007
test1422,2,0.0909,1353,1353
test1281,2,0.1107,1462,1462
test0954,2,0.0921,1260,1260
test1288,2,0.1152,1643,1643
test0952,2,0.1215,1504,1504
test0928,2,0.1296,1824,1824
test0664,2,0.0755,1512,1512
test0220,2,0.0632,1159,1159
test0485,2,0.1132,2352,2352
test1314,2,0.1017,1440,1440
test0298,2,0.0657,1254,1254
test0537,2,0.0266,918,918
test1297,2,0.0991,1457,1457
test1398,2,0.129,1512,1512
test0409,2,0.0117,750,750
test1155,2,0.1097,1782,1782
test1283,2,0.1193,1470,1470
test1081,2,0.1223,1600,1600
test0936,2,0.124,1610,1610
test0225,2,0.1302,1890,1890
test0025,2,0.0533,969,969
test0578,2,0.1205,1891,1891
test0655,2,0.0876,1344,1344
test0341,2,0.0936,1271,1271
test0255,2,0.0095,528,528
test0899,2,0.1246,1596,1596
test0722,2,0.1224,1517,1517
test1132,2,0.1215,1564,1564
test0101,2,0.1081,1728,1728
test0934,2,0.0711,1364,1364
test0079,2,0.0723,1577,1577
test0359,2,0.0493,1230,1230
test0771,2,0.0241,760,760
test0277,2,0.1022,1898,1898
test0477,2,0.05,1728,1728
test0286,2,0.0273,1218,1218
test1372,2,0.1044,1428,1428
test0904,2,0.0661,1350,1350
test0973,2,0.1052,1504,1504
test0002,2,0.0871,1276,1276
test0533,2,0.0348,1258,1258
test0549,2,0.1077,1394,1394
test0815,2,0.0414,715,715
test0732,2,0.0529,1344,1344
test0361,2,0.0201,825,825
test1371,2,0.1128,1767,1767
test0661,2,0.0217,938,938
test1021,2,0.102,1600,1600
test0389,2,0.0515,1248,1248
test0574,2,0.0961,1701,1701
test0069,2,0.0294,1302,1302
test1206,2,0.1404,1656,1656
test0625,2,0.0341,1190,1190
test0918,2,0.1204,1890,1890
test0654,2,0.0934,1276,1276
test1483,2,0.1216,1650,1650
test0172,2,0.0306,1071,1071
test0813,2,0.0296,663,663
test0131,2,0.0998,1566,1566
test0416,2,0.106,2093,2093
test0535,2,0.0459,1298,1298
test0071,2,0.0268,969,969
test0474,2,0.0331,672,672
test0117,2,0.0107,616,616
test1352,2,0.1214,1802,1802
test0893,2,0.1079,1612,1612
test0144,2,0.0397,936,936
test0585,2,0.0433,1512,1512
test1209,2,0.0937,1457,1457
test0055,2,0.0499,1746,1746
test0227,2,0.0681,1276,1276
test0197,2,0.1014,1950,1950
test0352,2,0.0741,1224,1224
test1271,2,0.1489,1860,1860
test0281,2,0.0251,1183,1183
test1105,2,0.1141,1558,1558
test0201,2,0.1127,1782,1782
test0824,2,0.0144,689,689
test0898,2,0.1055,1505,1505
test0836,2,0.0661,1428,1428
test0170,2,0.0835,1508,1508
test1217,2,0.1034,1386,1386
test0571,2,0.0264,1024,1024
test0840,2,0.0959,1488,1488
test1311,2,0.1167,1598,1598
test0466,2,0.0151,940,940
test1377,2,0.1049,1600,1600
test1497,2,0.1186,1518,1518
test1004,2,0.102,1280,1280
test0692,2,0.063,1206,1206
test0749,2,0.0217,980,980
test0947,2,0.1162,1920,1920
test1344,2,0.1144,1488,1488
test1226,2,0.1079,1440,1440
test1106,2,0.1282,1656,1656
test0174,2,0.0463,972,972
test0432,2,0.0922,1647,1647
test0493,2,0.0534,1748,1748
test0545,2,0.1158,1736,1736
test0246,2,0.1252,1824,1824
test1055,2,0.1452,1740,1740
test0175,2,0.0092,570,570
test1429,2,0.1075,1800,1800
test0048,2,0.1158,1612,1612
test0530,2,0.0153,828,828
test0790,2,0.0415,1372,1372
test1115,2,0.1171,1656,1656
test1018,2,0.1104,1504,1504
test0377,2,0.0524,1188,1188
test0173,2,0.1184,1890,1890
test1383,2,0.1196,1584,1584
test1328,2,0.1503,1517,1517
test1193,2,0.124,1683,1683
test0852,2,0.1156,1435,1435
test0203,2,0.0699,1000,1000
test0042,2,0.0651,1012,1012
test1159,2,0.0878,1290,1290
test1250,2,0.1258,1829,1829
test0407,2,0.0134,748,748
test0415,2,0.0468,1020,1020
test0050,2,0.109,2280,2280
test1070,2,0.1204,1950,1950
test0083,2,0.13,2100,2100
test1175,2,0.1323,1656,1656
test0714,2,0.104,1620,1620
test0782,2,0.1555,1815,1815
test0096,2,0.0285,1232,1232
test0764,2,0.0136,696,696
test0681,2,0.0749,1659,1659
test0064,2,0.0175,1012,1012
test0137,2,0.0207,938,938
test0153,2,0.0957,1794,1794
test0816,2,0.0233,896,896
test0847,2,0.0473,1656,1656
test1272,2,0.1232,1520,1520
test0015,2,0.0243,1005,1005
test1427,2,0.1138,1829,1829
test1452,2,0.1152,1664,1664
test1364,2,0.1207,1920,1920
test0154,2,0.0196,680,680
test1109,2,0.1089,1728,1728
test0568,2,0.0232,1105,1105
test0645,2,0.0959,1408,1408
test0269,2,0.0346,1425,1425
test1370,2,0.1046,1770,1770
test0265,2,0.0542,1325,1325
test0580,2,0.1085,1975,1975
test0849,2,0.1099,1920,1920
test0759,2,0.0256,864,864
test1139,2,0.1014,1470,1470
test1162,2,0.0947,1426,1426
test0360,2,0.0182,1034,1034
test0842,2,0.0447,1360,1360
test1187,2,0.1226,1558,1558
test0697,2,0.071,1300,1300
test0933,2,0.1077,1632,1632
test0663,2,0.08,1325,1325
test1218,2,0.1097,1590,1590
test0927,2,0.1141,1462,1462
test0300,2,0.1228,2304,2304
test0856,2,0.1309,1856,1856
test1056,2,0.1216,1548,1548
test0937,2,0.0671,1350,1350
test1037,2,0.0894,1240,1240
test0810,2,0.0392,1520,1520
test1318,2,0.096,1364,1364
test1148,2,0.0938,1320,1320
test1263,2,0.104,1472,1472
test1232,2,0.1214,1860,1860
test0796,2,0.0078,451,451
test1174,2,0.1218,1792,1792
test1043,2,0.0618,1240,1240
test1039,2,0.1558,1984,1984
test1477,2,0.1371,1584,1584
test0356,2,0.0252,1209,1209
test1228,2,0.1178,1620,1620
test1238,2,0.1286,1802,1802
test0490,2,0.0411,968,968
test0029,2,0.0252,1222,1222
test0768,2,0.0589,1118,1118
test0134,2,0.0274,936,936
test0211,2,0.0126,715,715
test0619,2,0.0564,1577,1577
test1342,2,0.1036,1485,1485
test0929,2,0.1284,1802,1802
test0776,2,0.0113,740,740
test0275,2,0.0302,795,795
test1306,2,0.092,1500,1500
test0003,2,0.0652,1870,1870
test0451,2,0.0751,1452,1452
test0342,2,0.0649,1302,1302
test0914,2,0.0901,1410,1410
test0164,2,0.0204,910,910
test0539,2,0.0871,1386,1386
test1212,2,0.1518,1922,1922
test1152,2,0.1431,1750,1750
test0524,2,0.0673,1071,1071
test0102,2,0.015,970,970
test1061,2,0.127,1922,1922
test1102,2,0.129,1802,1802
test0476,2,0.0629,1273,1273
test0339,2,0.0339,876,876
test0931,2,0.0955,1408,1408
test0121,2,0.0491,1170,1170
test0573,2,0.0209,720,720
test0835,2,0.0075,490,490
test1387,2,0.0901,1600,1600
test0644,2,0.0565,1488,1488
test0252,2,0.07,1200,1200
test1325,2,0.1088,1683,1683
test0381,2,0.0376,968,968
test0147,2,0.102,2025,2025
test0328,2,0.0427,1615,1615
test1127,2,0.1193,1628,1628
test0862,2,0.0952,1470,1470
test0273,2,0.11,1696,1696
test0752,2,0.09,2079,2079
test0308,2,0.063,1197,1197
test0541,2,0.1207,1815,1815
test0909,2,0.1123,1550,1550
test0889,2,0.1329,1591,1591
test0691,2,0.0714,1513,1513
test1418,2,0.106,1550,1550
test0581,2,0.0232,880,880
test1224,2,0.0827,1376,1376
test1100,2,0.0993,1560,1560
test1492,2,0.0856,1260,1260
test0980,2,0.1254,1768,1768
test0067,2,0.1134,1992,1992
test0653,2,0.0623,1408,1408
test0049,2,0.0216,765,765
test0449,2,0.1311,1802,1802
test1488,2,0.1175,1476,1476
test0393,2,0.1057,1890,1890
test0519,2,0.097,1978,1978
test0809,2,0.0925,1892,1892
test0531,2,0.1037,1560,1560
test1140,2,0.1113,1590,1590
test1280,2,0.1244,1767,1767
test0671,2,0.1001,1512,1512
test1220,2,0.0765,1472,1472
test0525,2,0.0644,984,984
test1235,2,0.0972,1590,1590
test1150,2,0.1487,1716,1716
test0762,2,0.0231,1118,1118
test0033,2,0.0983,2254,2254
test1423,2,0.0937,1395,1395
test0611,2,0.0646,1032,1032
test1267,2,0.1095,1632,1632
test1095,2,0.0999,1472,1472
test1291,2,0.0905,1302,1302
test0582,2,0.079,1426,1426
test0114,2,0.0871,1760,1760
test1041,2,0.1258,1980,1980
test0938,2,0.1072,1518,1518
test1348,2,0.0982,1353,1353
test0526,2,0.0788,1160,1160
test0470,2,0.0356,680,680
test0126,2,0.0101,516,516
test0444,2,0.0128,660,660
test0957,2,0.0813,1440,1440
test0196,2,0.0334,987,987
test0266,2,0.0432,1128,1128
test0366,2,0.0116,770,770
test1295,2,0.091,1452,1452
test1199,2,0.1041,1680,1680
test1480,2,0.1048,1518,1518
test0345,2,0.071,1364,1364
test1463,2,0.1393,1856,1856
test0659,2,0.052,1554,1554
test1044,2,0.1077,1800,1800
test0569,2,0.0681,1104,1104
test0717,2,0.0453,1104,1104
test1221,2,0.1072,1696,1696
test0720,2,0.0958,1620,1620
test1008,2,0.1236,1802,1802
test1402,2,0.1307,1749,1749
test0306,2,0.0419,1025,1025
test0498,2,0.0778,1617,1617
test0668,2,0.052,1152,1152
test0742,2,0.059,1536,1536
test1101,2,0.1204,1715,1715
test0823,2,0.1477,1798,1798
test0874,2,0.1224,1728,1728
test0669,2,0.0164,675,675
test0294,2,0.0641,1357,1357
test0741,2,0.033,828,828
test1060,2,0.1061,1632,1632
test0994,2,0.125,1558,1558
test0971,2,0.1577,1656,1656
test0989,2,0.1231,1666,1666
test1213,2,0.1159,1728,1728
test1169,2,0.1568,1750,1750
test1287,2,0.132,2040,2040
test1416,2,0.157,1620,1620
test1302,2,0.1066,1395,1395
test0503,2,0.0251,1020,1020
test0908,2,0.1164,1628,1628
test1453,2,0.1296,1980,1980
test0800,2,0.0319,1350,1350
test0682,2,0.0414,1166,1166
test0693,2,0.0193,1032,1032
test1406,2,0.1315,1860,1860
test0218,2,0.0113,600,600
test0374,2,0.1059,2376,2376
test1472,2,0.0881,1320,1320
test0479,2,0.0402,1311,1311
test0822,2,0.0105,690,690
test0801,2,0.0904,2156,2156
test1093,2,0.0828,1230,1230
test0738,2,0.0668,1250,1250
test1262,2,0.0924,1380,1380
test0955,2,0.148,2040,2040
test0879,2,0.1022,1353,1353
test0515,2,0.1044,1850,1850
test0969,2,0.1252,1829,1829
test1358,2,0.1123,1643,1643
test0685,2,0.103,1647,1647
test0501,2,0.0118,770,770
test1273,2,0.1044,1610,1610
test0709,2,0.0712,1272,1272
test0649,2,0.0334,1425,1425
test0276,2,0.0081,510,510
test0767,2,0.0137,663,663
test0282,2,0.0201,988,988
test0930,2,0.1322,1692,1692
test0966,2,0.1179,1617,1617
test0191,2,0.0162,793,793
test1482,2,0.0948,1440,1440
test0518,2,0.0915,1840,1840
test1141,2,0.1114,1716,1716
test1076,2,0.0697,1320,1320
test1090,2,0.0958,1560,1560
test1459,2,0.0855,1271,1271
test0982,2,0.1179,1716,1716
test0941,2,0.1045,1590,1590
test0779,2,0.0668,1280,1280
test0494,2,0.1002,2070,2070
test0870,2,0.116,1480,1480
test0272,2,0.0169,900,900
test0712,2,0.0559,1296,1296
test1269,2,0.1176,1888,1888
test0926,2,0.1114,1620,1620
test0259,2,0.0601,1806,1806
test1147,2,0.0927,1470,1470
test1024,2,0.1186,1860,1860
test1143,2,0.1064,1400,1400
test0454,2,0.0218,1066,1066
test0491,2,0.0072,460,460
test1481,2,0.0824,1320,1320
test0536,2,0.0082,484,484
test0953,2,0.0692,1320,1320
test1446,2,0.1083,1683,1683
test1455,2,0.0661,1333,1333
test1241,2,0.0856,1280,1280
test0195,2,0.0768,1575,1575
test1379,2,0.1062,1770,1770
test0595,2,0.0985,2068,2068
test0656,2,0.0973,1508,1508
test1441,2,0.1097,1770,1770
test1355,2,0.1091,1740,1740
test1315,2,0.1571,1920,1920
test1065,2,0.1184,1564,1564
test0243,2,0.0306,988,988
test0841,2,0.1145,1824,1824
test0848,2,0.0746,1144,1144
test0151,2,0.0741,1596,1596
test1304,2,0.1212,1734,1734
test0896,2,0.1008,1470,1470
test0754,2,0.0779,1580,1580
test0268,2,0.0067,470,470
test0440,2,0.0649,1440,1440
test0766,2,0.1026,1764,1764
test1123,2,0.1092,1496,1496
test1330,2,0.1247,1980,1980
test0224,2,0.0131,850,850
test0677,2,0.022,792,792
test0860,2,0.0978,1551,1551
test0993,2,0.1053,1485,1485
test0249,2,0.0517,1248,1248
test0223,2,0.1091,2132,2132
test1448,2,0.1096,1470,1470
test0618,2,0.0283,972,972
test0620,2,0.0835,1840,1840
test0204,2,0.0117,740,740
test0557,2,0.015,980,980
test0521,2,0.0192,1032,1032
test0310,2,0.0328,1083,1083
test0378,2,0.0242,1035,1035
test1231,2,0.1305,1645,1645
test1050,2,0.1364,1692,1692
test0171,2,0.0691,1360,1360
test0830,2,0.0419,884,884
test0337,2,0.0183,897,897
test0715,2,0.0498,1178,1178
test0034,2,0.11,2300,2300
test1001,2,0.0826,1260,1260
test0109,2,0.0148,615,615
test0410,2,0.014,689,689
test0297,2,0.0896,1620,1620
test0602,2,0.0859,1260,1260
test1474,2,0.1072,1496,1496
test1023,2,0.1155,1480,1480
test1025,2,0.1182,1891,1891
test1279,2,0.1103,1428,1428
test1438,2,0.1091,1500,1500
test0760,2,0.129,1848,1848
test0737,2,0.0255,1134,1134
test1259,2,0.106,1600,1600
test1020,2,0.1279,1824,1824
test1317,2,0.1011,1426,1426
test0095,2,0.1041,1775,1775
test0072,2,0.1278,2314,2314
test1347,2,0.1041,1530,1530
test0128,2,0.0847,1400,1400
test1495,2,0.1458,1558,1558
test0348,2,0.0346,1121,1121
test0391,2,0.1037,2208,2208
test0309,2,0.0316,1320,1320
test1201,2,0.0786,1504,1504
test0757,2,0.0374,845,845
test1014,2,0.0968,1472,1472
test1194,2,0.1221,1554,1554
test1133,2,0.1259,1802,1802
test0256,2,0.0609,1716,1716
test0736,2,0.0775,1638,1638
test0206,2,0.121,2275,2275
test0044,2,0.0285,840,840
test0589,2,0.0311,960,960
test0772,2,0.0077,490,490
test0324,2,0.0406,1365,1365
test1254,2,0.1056,1666,1666
test0891,2,0.0648,1302,1302
test0245,2,0.0782,1248,1248
test0660,2,0.0511,1222,1222
test1072,2,0.1031,1560,1560
test0074,2,0.0371,1377,1377
test0077,2,0.0373,960,960
test1151,2,0.0896,1419,1419
test0834,2,0.0866,1586,1586
test0916,2,0.1038,1386,1386
test0591,2,0.0131,696,696
test0636,2,0.0135,732,732
test0013,2,0.0752,1419,1419
test0188,2,0.0874,1560,1560
test0614,2,0.0596,1462,1462
test1114,2,0.0915,1500,1500
test1290,2,0.1195,1734,1734
test1354,2,0.1511,1920,1920
test0492,2,0.0612,1372,1372
test0205,2,0.0515,1139,1139
test0450,2,0.0361,1440,1440
test0180,2,0.0365,1343,1343
test0017,2,0.0836,1430,1430
test1051,2,0.1167,1554,1554
test0907,2,0.1259,1683,1683
test1195,2,0.1001,1410,1410
test1029,2,0.1081,1590,1590
test0949,2,0.1286,1628,1628
test1385,2,0.126,1856,1856
test0713,2,0.036,830,830
test0011,2,0.0129,560,560
test1086,2,0.111,1656,1656
test1128,2,0.1476,1700,1700
test0157,2,0.033,1064,1064
test1210,2,0.0582,1200,1200
test1487,2,0.1156,1950,1950
test0215,2,0.0697,1273,1273
test0105,2,0.0466,1350,1350
test1113,2,0.1139,1656,1656
test1005,2,0.1122,1428,1428
test0648,2,0.0238,990,990
test0422,2,0.0159,902,902
test1073,2,0.1164,1922,1922
test0425,2,0.0184,897,897
test1430,2,0.0816,1320,1320
test0641,2,0.0658,1040,1040
test1489,2,0.1498,1750,1750
test0603,2,0.0376,1314,1314
test0231,2,0.0348,1392,1392
test0744,2,0.0162,714,714
test1156,2,0.1079,1728,1728
test1375,2,0.1014,1560,1560
test1394,2,0.0983,1470,1470
test0905,2,0.1138,1598,1598
test0970,2,0.1232,1558,1558
test1253,2,0.1276,1520,1520
test0638,2,0.0264,918,918
test0239,2,0.0211,738,738
test0688,2,0.0149,658,658
test1239,2,0.1244,1792,1792
test1305,2,0.1031,1440,1440
test0315,2,0.1168,2028,2028
test0233,2,0.1143,1440,1440
test0367,2,0.1118,2064,2064
test0030,2,0.0137,696,696
test0643,2,0.097,2100,2100
test0417,2,0.0483,864,864
test1145,2,0.1069,1480,1480
test0666,2,0.0815,1232,1232
test0161,2,0.0736,1200,1200
test0877,2,0.0954,1240,1240
test0354,2,0.0344,1000,1000
test1278,2,0.1032,1530,1530
test0690,2,0.1243,2010,2010
test0601,2,0.036,830,830
test0489,2,0.0159,924,924
test0313,2,0.1134,2475,2475
test1047,2,0.1225,1890,1890
test1099,2,0.1219,1520,1520
test0262,2,0.0919,1728,1728
test0106,2,0.0913,1380,1380
test0665,2,0.046,1242,1242
test0124,2,0.007,440,440
test0165,2,0.066,1196,1196
test1185,2,0.1096,1890,1890
test1360,2,0.135,1770,1770
test1270,2,0.0972,1410,1410
test0642,2,0.0738,1786,1786
test0650,2,0.0137,880,880
test0962,2,0.0819,1320,1320
test0063,2,0.0415,1530,1530
test0401,2,0.1014,2139,2139
test1450,2,0.1096,1462,1462
test1153,2,0.1099,1400,1400
test1103,2,0.1169,1564,1564
test0212,2,0.0912,1760,1760
test0884,2,0.1397,1760,1760
test1461,2,0.1041,1426,1426
test1003,2,0.0729,1408,1408
test0615,2,0.1493,1792,1792
test0291,2,0.0592,1672,1672
test0706,2,0.018,1056,1056
test1307,2,0.1185,1848,1848
test0567,2,0.1052,1736,1736
test0036,2,0.0696,1482,1482
test0750,2,0.0231,896,896
test0828,2,0.0233,810,810
test1078,2,0.0998,1650,1650
test1327,2,0.1195,1860,1860
test1048,2,0.1267,1920,1920
test0818,2,0.0998,1440,1440
test1094,2,0.1088,1617,1617
test1125,2,0.0874,1350,1350
test1087,2,0.1039,1536,1536
test1233,2,0.1041,1519,1519
test1484,2,0.0901,1240,1240
test0919,2,0.1158,1680,1680
test1391,2,0.1257,1645,1645
test0647,2,0.1102,1955,1955
test1428,2,0.1303,1750,1750
test0686,2,0.0799,1520,1520
test1467,2,0.1064,1564,1564
test0509,2,0.1196,1820,1820
test1316,2,0.1329,1554,1554
test0459,2,0.0134,624,624
test1117,2,0.1022,1728,1728
test0699,2,0.1136,1740,1740
test0148,2,0.1099,1485,1485
test0386,2,0.0519,1710,1710
test0743,2,0.0474,1656,1656
test1313,2,0.12,1680,1680
test0803,2,0.0266,918,918
test1134,2,0.096,1428,1428
test1384,2,0.1042,1485,1485
test0248,2,0.0647,1368,1368
test0431,2,0.1054,2100,2100
test1299,2,0.0971,1408,1408
test0532,2,0.0656,1240,1240
test0097,2,0.1176,1815,1815
test0334,2,0.0525,1300,1300
test0362,2,0.109,1435,1435
test0435,2,0.0915,1743,1743
test0784,2,0.0935,1593,1593
test0314,2,0.0135,890,890
test1180,2,0.1,1575,1575
test1034,2,0.1005,1395,1395
test1486,2,0.1414,1666,1666
test0484,2,0.1022,1537,1537
test0226,2,0.0201,784,784
test0370,2,0.0139,803,803
test1465,2,0.0995,1767,1767
test0439,2,0.0062,400,400
test0495,2,0.0171,912,912
test1301,2,0.1094,1656,1656
test0462,2,0.0952,1708,1708
test0445,2,0.0853,1958,1958
test0127,2,0.0642,1496,1496
test1052,2,0.1101,1860,1860
test0448,2,0.0441,1566,1566
test0901,2,0.0985,1560,1560
test1415,2,0.1299,1680,1680
test0406,2,0.1044,1479,1479
test0831,2,0.0507,1672,1672
test0488,2,0.12,1692,1692
test0981,2,0.1258,1548,1548
test0820,2,0.0189,736,736
test0027,2,0.1063,2044,2044
test0775,2,0.0577,1218,1218
test1403,2,0.1243,1665,1665
test0397,2,0.064,1911,1911
test0162,2,0.029,1136,1136
test0734,2,0.0146,689,689
test1343,2,0.1133,2040,2040
test1000,2,0.1255,1554,1554
test1092,2,0.1274,1984,1984
test1054,2,0.1297,1736,1736
test1426,2,0.1281,1628,1628
test0838,2,0.1095,2136,2136
test1392,2,0.1553,1856,1856
test0447,2,0.1154,2050,2050
test1439,2,0.0922,1240,1240
test1219,2,0.0928,1380,1380
test0026,2,0.0138,689,689
test0418,2,0.0496,1536,1536
test1395,2,0.1425,1628,1628
test0150,2,0.1205,2150,2150
test0894,2,0.0904,1240,1240
test0702,2,0.1227,1972,1972
test0726,2,0.0816,1148,1148
test0917,2,0.0999,1428,1428
test0087,2,0.1013,1900,1900
test1433,2,0.0972,1426,1426
test0428,2,0.0956,1840,1840
test1242,2,0.1157,1496,1496
test0997,2,0.1235,1740,1740
test0972,2,0.0956,1320,1320
test0875,2,0.0869,1333,1333
test0327,2,0.0636,1428,1428
test0871,2,0.097,1452,1452
test0365,2,0.1039,1653,1653
test0369,2,0.0121,800,800
test1096,2,0.1121,1888,1888
test0945,2,0.0947,1320,1320
test0022,2,0.1451,2128,2128
test1496,2,0.1216,1617,1617
test0761,2,0.1227,1554,1554
test1404,2,0.1586,1560,1560
test1309,2,0.1234,1440,1440
test0637,2,0.0836,1416,1416
test0846,2,0.0513,903,903
test0770,2,0.0708,1120,1120
test1108,2,0.1024,1400,1400
test1324,2,0.1185,1734,1734
test1176,2,0.1216,1575,1575
test0481,2,0.0148,658,658
test0814,2,0.0684,1541,1541
test0155,2,0.0882,1748,1748
test0632,2,0.071,1500,1500
test0005,2,0.0587,1536,1536
test1294,2,0.1017,1485,1485
test0915,2,0.09,1240,1240
test1456,2,0.0695,1395,1395
test0504,2,0.0147,980,980
test0261,2,0.0165,968,968
test0978,2,0.112,1856,1856
test0414,2,0.1449,1792,1792
test1149,2,0.1227,1734,1734
test0119,2,0.0639,1240,1240
test0731,2,0.0128,850,850
test0296,2,0.0104,552,552
test0376,2,0.0867,1333,1333
test0758,2,0.0345,624,624
test0258,2,0.025,976,976
test0019,2,0.0659,1596,1596
test1274,2,0.1387,1517,1517
test0018,2,0.0122,790,790
test0303,2,0.0621,1100,1100
test1388,2,0.1028,1680,1680
test1361,2,0.1184,1700,1700
test0176,2,0.0224,864,864
test1118,2,0.1174,1802,1802
test1135,2,0.1226,1518,1518
test0292,2,0.0215,938,938
test0600,2,0.1139,2040,2040
test1129,2,0.1137,1400,1400
test0467,2,0.0486,1364,1364
test0843,2,0.0499,1615,1615
test0554,2,0.0645,1239,1239
test0280,2,0.0321,1232,1232
test0160,2,0.007,430,430
test1097,2,0.1077,1575,1575
test0687,2,0.0129,560,560
test0037,2,0.0309,1164,1164
test1059,2,0.093,1419,1419
test0851,2,0.0078,500,500
test0512,2,0.0927,1764,1764
test0010,2,0.0347,1224,1224
test0112,2,0.0261,820,820
test0756,2,0.0566,1296,1296
test0588,2,0.0318,1045,1045
test1374,2,0.093,1344,1344
test0108,2,0.0583,1120,1120
test0135,2,0.0724,1440,1440
test1413,2,0.1122,1564,1564
test0710,2,0.0324,1134,1134
test1116,2,0.0926,1380,1380
test0694,2,0.0577,1278,1278
test0586,2,0.0416,774,774
test0576,2,0.0279,880,880
test1373,2,0.1265,1728,1728
test0024,2,0.0541,1700,1700
test0478,2,0.011,660,660
test1466,2,0.1028,1666,1666
test1405,2,0.122,1760,1760
test0932,2,0.1045,1550,1550
test0270,2,0.081,1300,1300
test1013,2,0.1096,1548,1548
test0210,2,0.1299,1632,1632
test1397,2,0.1228,1598,1598
test1454,2,0.126,1920,1920
test0672,2,0.0445,1040,1040
test0472,2,0.013,560,560
test0868,2,0.0992,1564,1564
test1146,2,0.0862,1280,1280
test0543,2,0.0215,1066,1066
test1249,2,0.1214,1750,1750
test0570,2,0.0893,1560,1560
test1077,2,0.1186,1760,1760
test0247,2,0.1141,1600,1600
test1119,2,0.0936,1380,1380
test1202,2,0.1265,1680,1680
test0075,2,0.1027,1704,1704
test0725,2,0.0196,697,697
test1204,2,0.1146,1953,1953
test1032,2,0.1289,1782,1782
test1164,2,0.1263,2040,2040
test0817,2,0.014,720,720
test0703,2,0.0773,1610,1610
test1368,2,0.0967,1470,1470
test1282,2,0.1197,2010,2010
test0408,2,0.063,1980,1980
test0623,2,0.1141,1860,1860
test0940,2,0.0672,1380,1380
test1010,2,0.1039,1643,1643
test0789,2,0.0176,656,656
test1499,2,0.1069,1800,1800
