File,Gamma,V,T,E,TG_edges,Tnb_gmLS,G_edges,nb_gmLS
enron2300000,2,150,43,5773,3.2301,0.1198,2978,419
enron7590000,2,150,13,3441,1.2141,0.0764,1596,178
enron5640000,2,150,18,3925,1.5692,0.0846,1899,217
enron1600000,2,150,62,6809,4.4706,0.1535,3549,543
enron690000,2,150,143,9515,8.032,0.2627,4639,851
enron7870000,2,150,13,3461,1.2406,0.0843,1642,164
enron6390000,2,150,16,3753,1.4597,0.088,1837,200
enron70000,2,150,1404,16827,23.2613,0.7514,4362,1595
enron5210000,2,150,19,4062,1.6974,0.0858,1982,227
enron5980000,2,150,17,3842,1.5184,0.0865,1870,213
enron1190000,2,150,83,7639,5.3958,0.1783,3866,633
enron1760000,2,150,56,6547,4.1577,0.1399,3389,497
enron9310000,2,150,11,3190,1.0695,0.0733,1422,152
enron9300000,2,150,11,3174,1.0433,0.0703,1402,151
enron1480000,2,150,67,6986,4.5567,0.1526,3583,555
enron9680000,2,150,11,3150,1.0618,0.0713,1416,144
enron7340000,2,150,14,3490,1.2806,0.0749,1617,177
enron7060000,2,150,14,3656,1.4413,0.0935,1802,194
enron1280000,2,150,77,7407,5.1289,0.1651,3736,598
enron2070000,2,150,48,6019,3.4611,0.1216,3055,435
enron9580000,2,150,11,3215,1.1081,0.0765,1474,152
enron3240000,2,150,31,4973,2.4535,0.1017,2530,326
enron4170000,2,150,24,4481,2.0801,0.0999,2261,273
enron9220000,2,150,11,3176,1.0558,0.0696,1398,148
enron6890000,2,150,15,3629,1.3827,0.0826,1756,192
enron2370000,2,150,42,5736,3.2406,0.1188,2945,409
enron3080000,2,150,32,5136,2.6167,0.107,2616,345
enron7300000,2,150,14,3523,1.292,0.0786,1648,179
enron9760000,2,150,11,3134,1.0518,0.0716,1403,143
enron4730000,2,150,21,4294,1.9327,0.1003,2190,250
enron4490000,2,150,22,4375,2.0217,0.0996,2208,259
enron3070000,2,150,33,5166,2.7121,0.1094,2655,338
enron8970000,2,150,11,3207,1.0804,0.0718,1449,148
enron1690000,2,150,59,6593,4.2075,0.1397,3356,510
enron4390000,2,150,23,4387,1.9891,0.0951,2208,262
enron9650000,2,150,11,3158,1.0424,0.0713,1423,146
enron9010000,2,150,11,3207,1.1088,0.0726,1450,150
enron5790000,2,150,17,3866,1.5499,0.085,1890,213
enron9740000,2,150,11,3147,1.0642,0.0716,1415,143
enron580000,2,150,170,10121,9.0682,0.3057,4805,927
enron9810000,2,150,11,3140,1.0552,0.0723,1410,146
enron3170000,2,150,32,5106,2.6178,0.1141,2653,331
enron1130000,2,150,87,7810,5.7352,0.1853,3926,652
enron6180000,2,150,16,3839,1.528,0.0914,1881,206
enron1680000,2,150,59,6596,4.1659,0.1383,3364,504
enron6500000,2,150,16,3708,1.4872,0.0852,1799,200
enron2550000,2,150,39,5462,2.8723,0.1071,2756,380
enron8170000,2,150,13,3385,1.2073,0.0777,1588,167
enron2260000,2,150,44,5844,3.3425,0.1169,2990,415
enron5360000,2,150,19,4081,1.7772,0.0948,2039,229
enron1380000,2,150,72,7181,4.7683,0.1651,3644,579
enron7180000,2,150,14,3619,1.3972,0.0864,1757,189
enron8910000,2,150,12,3248,1.127,0.0761,1491,150
enron7560000,2,150,13,3435,1.1961,0.0754,1585,173
enron4360000,2,150,23,4381,1.998,0.0957,2215,261
enron1520000,2,150,65,6924,4.4704,0.1499,3491,545
enron3710000,2,150,27,4730,2.2598,0.0975,2393,296
enron6850000,2,150,15,3655,1.3741,0.0839,1778,192
enron5940000,2,150,17,3885,1.5573,0.0933,1940,214
enron8300000,2,150,12,3351,1.1657,0.0741,1541,162
enron2850000,2,150,35,5233,2.6721,0.1075,2647,355
enron9850000,2,150,10,3131,1.0284,0.0724,1406,141
enron4330000,2,150,23,4420,2.0116,0.0984,2249,265
enron920000,2,150,107,8491,6.521,0.2126,4202,731
enron8070000,2,150,13,3416,1.2153,0.0818,1605,158
enron4600000,2,150,22,4218,1.775,0.0882,2053,241
enron4530000,2,150,22,4339,1.9538,0.093,2169,253
enron4850000,2,150,21,4171,1.765,0.0924,2078,246
enron5280000,2,150,19,4103,1.7205,0.0933,2054,230
enron6020000,2,150,17,3841,1.508,0.0852,1866,209
enron4160000,2,150,24,4452,1.9848,0.0935,2219,268
enron5310000,2,150,19,4109,1.8035,0.0947,2070,231
enron1540000,2,150,64,6866,4.4372,0.1526,3526,537
enron5760000,2,150,18,3928,1.6075,0.0895,1936,222
enron2110000,2,150,47,6051,3.6459,0.1328,3149,444
enron6090000,2,150,17,3859,1.6179,0.0914,1891,206
enron500000,2,150,197,10600,9.9068,0.3479,4843,1000
enron8030000,2,150,13,3429,1.2628,0.0855,1618,161
enron410000,2,150,240,11275,11.3574,0.3805,4847,1066
enron8290000,2,150,12,3351,1.1999,0.076,1541,161
enron2210000,2,150,45,5919,3.6727,0.1309,3075,425
enron7460000,2,150,14,3465,1.2679,0.075,1602,178
enron1800000,2,150,55,6462,4.1252,0.1415,3319,493
enron5720000,2,150,18,3931,1.6872,0.0909,1927,222
enron2200000,2,150,45,5886,3.4771,0.1229,2996,425
enron2150000,2,150,46,6029,3.6178,0.1295,3153,436
enron9510000,2,150,11,3222,1.129,0.0751,1469,150
enron6730000,2,150,15,3632,1.3981,0.0796,1737,189
enron2430000,2,150,41,5680,3.1958,0.1191,2935,401
enron4080000,2,150,25,4565,2.1878,0.1002,2320,279
enron6240000,2,150,16,3734,1.4142,0.0802,1783,201
enron7700000,2,150,13,3463,1.2767,0.0845,1622,177
enron4700000,2,150,21,4297,1.9892,0.1049,2188,244
enron10000,2,150,9828,20369,35.0873,0.5881,2532,1422
enron4810000,2,150,21,4222,1.8316,0.0963,2108,248
enron8320000,2,150,12,3359,1.2008,0.0751,1548,161
enron5740000,2,150,18,3934,1.6012,0.0914,1941,219
enron3930000,2,150,26,4601,2.1665,0.0995,2334,285
enron9160000,2,150,11,3167,1.0537,0.0689,1395,145
enron2610000,2,150,38,5536,2.9877,0.1162,2872,390
enron400000,2,150,246,11361,10.9667,0.3777,4856,1076
enron6410000,2,150,16,3753,1.4809,0.0874,1832,198
enron8240000,2,150,12,3353,1.1577,0.0757,1548,163
enron5660000,2,150,18,3938,1.6836,0.0882,1922,219
enron4560000,2,150,22,4326,1.9211,0.0976,2179,250
enron10000000,2,150,10,3143,1.0462,0.0722,1419,142
enron9260000,2,150,11,3178,1.0912,0.0722,1403,150
enron8460000,2,150,12,3365,1.196,0.0778,1565,166
enron8550000,2,150,12,3346,1.1868,0.0777,1562,162
enron7550000,2,150,14,3445,1.2159,0.0744,1588,174
enron8900000,2,150,12,3248,1.1194,0.076,1492,151
enron1500000,2,150,66,6893,4.3896,0.1502,3455,550
enron9960000,2,150,10,3143,1.0705,0.0712,1410,143
enron9340000,2,150,11,3208,1.0751,0.0729,1434,151
enron7160000,2,150,14,3653,1.4337,0.0904,1793,193
enron5430000,2,150,19,3996,1.7018,0.0925,1994,223
enron4960000,2,150,20,4234,1.8436,0.1017,2166,243
enron6480000,2,150,16,3708,1.4316,0.0874,1801,198
enron2080000,2,150,48,6021,3.5072,0.1219,3058,444
enron2220000,2,150,45,5944,3.4188,0.1263,3098,423
enron9320000,2,150,11,3207,1.0713,0.0734,1438,150
enron7850000,2,150,13,3454,1.2444,0.0833,1632,170
enron7510000,2,150,14,3462,1.2216,0.0769,1598,178
enron1470000,2,150,67,7002,4.6131,0.1535,3532,565
enron7860000,2,150,13,3459,1.2692,0.0844,1641,166
enron3490000,2,150,29,4796,2.3852,0.1041,2440,307
enron2320000,2,150,43,5752,3.1914,0.1151,2939,412
enron1420000,2,150,70,7097,4.6844,0.158,3596,570
enron1850000,2,150,54,6351,3.8478,0.1317,3257,475
enron6880000,2,150,15,3626,1.3592,0.0815,1751,188
enron1030000,2,150,96,8165,6.1845,0.21,4113,713
enron3580000,2,150,28,4857,2.3969,0.1102,2523,319
enron4460000,2,150,23,4425,2.0233,0.1064,2280,264
enron8150000,2,150,13,3386,1.2007,0.0784,1591,166
enron7310000,2,150,14,3511,1.2836,0.0772,1636,177
enron4120000,2,150,24,4528,2.0798,0.1019,2315,278
enron1870000,2,150,53,6343,3.8315,0.1333,3277,472
enron1970000,2,150,50,6172,3.7055,0.1288,3178,460
enron8660000,2,150,12,3339,1.1718,0.0798,1571,159
enron4630000,2,150,22,4249,1.8091,0.0936,2109,244
enron3790000,2,150,26,4668,2.2043,0.1054,2379,291
enron2350000,2,150,42,5771,3.237,0.1209,2987,405
enron9560000,2,150,11,3226,1.0958,0.0757,1478,154
enron640000,2,150,154,9759,8.314,0.2791,4644,880
enron5100000,2,150,20,4052,1.6554,0.088,1986,230
enron8470000,2,150,12,3367,1.2002,0.0781,1571,165
enron8840000,2,150,12,3265,1.1105,0.0755,1506,154
enron5060000,2,150,20,4117,1.7602,0.0968,2047,234
enron300000,2,150,328,12313,12.1312,0.4147,4620,1150
enron3140000,2,150,32,5049,2.4946,0.1091,2592,332
enron7800000,2,150,13,3491,1.2834,0.0857,1661,177
enron5340000,2,150,19,4081,1.7095,0.0968,2035,229
enron150000,2,150,656,14508,17.3071,0.5367,4327,1335
enron2600000,2,150,38,5545,3.0307,0.1154,2875,385
enron9590000,2,150,11,3217,1.0941,0.0744,1476,152
enron3950000,2,150,25,4552,2.0935,0.097,2292,282
enron8020000,2,150,13,3424,1.2475,0.0836,1613,161
enron8650000,2,150,12,3343,1.2011,0.0801,1577,158
enron8220000,2,150,12,3352,1.1532,0.0748,1546,160
enron8530000,2,150,12,3356,1.1839,0.0793,1570,162
enron1740000,2,150,57,6480,3.997,0.1385,3316,488
enron4440000,2,150,23,4417,2.07,0.1057,2280,267
enron5230000,2,150,19,4059,1.6608,0.0872,1990,230
enron3850000,2,150,26,4661,2.2095,0.1001,2371,286
enron5290000,2,150,19,4113,1.7589,0.0951,2069,233
enron8760000,2,150,12,3285,1.1381,0.0767,1527,156
enron5420000,2,150,19,3998,1.6613,0.0923,1995,225
enron5970000,2,150,17,3842,1.5264,0.087,1870,211
enron2630000,2,150,38,5435,2.8724,0.1098,2762,376
enron8040000,2,150,13,3415,1.2507,0.0802,1602,161
enron2060000,2,150,48,6113,3.6391,0.1313,3151,448
enron7950000,2,150,13,3387,1.215,0.0778,1573,158
enron5350000,2,150,19,4087,1.7423,0.0948,2046,228
enron8380000,2,150,12,3368,1.1806,0.0778,1568,163
enron1560000,2,150,63,6812,4.51,0.1473,3465,536
enron5170000,2,150,20,4057,1.693,0.0906,2002,231
enron2360000,2,150,42,5760,3.3379,0.1227,2990,407
enron3810000,2,150,26,4695,2.2788,0.1082,2424,290
enron3630000,2,150,28,4780,2.3509,0.1101,2456,308
enron2650000,2,150,38,5445,2.9105,0.1125,2819,371
enron2810000,2,150,35,5300,2.8941,0.1074,2715,362
enron8430000,2,150,12,3352,1.1622,0.0751,1552,161
enron4900000,2,150,21,4168,1.7851,0.0905,2074,239
enron5920000,2,150,17,3890,1.6535,0.0938,1946,217
enron2900000,2,150,34,5263,2.7433,0.1113,2737,359
enron8210000,2,150,12,3349,1.1596,0.0735,1538,160
enron9100000,2,150,11,3177,1.0952,0.0716,1415,147
enron8770000,2,150,12,3296,1.1478,0.0782,1535,158
enron340000,2,150,290,11969,11.7873,0.4032,4845,1123
enron5450000,2,150,19,3980,1.6652,0.0933,1983,221
enron650000,2,150,152,9687,8.2151,0.2828,4610,886
enron4940000,2,150,20,4217,1.8855,0.0976,2133,244
enron7280000,2,150,14,3526,1.2898,0.0815,1657,179
enron2820000,2,150,35,5284,2.7322,0.1097,2698,364
enron990000,2,150,100,8304,6.4991,0.2197,4207,722
enron9370000,2,150,11,3198,1.1223,0.0721,1420,152
enron330000,2,150,298,12048,11.8728,0.4031,4757,1120
enron5850000,2,150,17,3883,1.5631,0.0911,1918,214
enron7050000,2,150,14,3656,1.4181,0.0929,1801,192
enron9550000,2,150,11,3232,1.1603,0.0763,1483,156
enron420000,2,150,234,11271,10.7318,0.3856,4958,1082
enron2040000,2,150,49,6138,3.6739,0.1318,3182,457
enron290000,2,150,339,12394,12.3332,0.4192,4594,1155
enron8850000,2,150,12,3254,1.1378,0.0741,1494,154
enron1980000,2,150,50,6203,3.7214,0.1282,3198,462
enron8500000,2,150,12,3366,1.2449,0.0799,1580,166
enron2980000,2,150,33,5182,2.6448,0.1084,2642,355
enron7020000,2,150,14,3633,1.3914,0.0887,1771,194
enron7360000,2,150,14,3486,1.2513,0.073,1612,177
enron9240000,2,150,11,3177,1.0431,0.0695,1398,148
enron1100000,2,150,90,7853,5.7844,0.1875,3917,664
enron5150000,2,150,20,4067,1.6831,0.0917,2017,231
enron7450000,2,150,14,3466,1.2177,0.0741,1604,180
enron6560000,2,150,15,3687,1.437,0.0831,1770,199
enron3720000,2,150,27,4706,2.1899,0.0995,2372,293
enron1200000,2,150,82,7634,5.4258,0.185,3883,640
enron1490000,2,150,66,6976,4.5955,0.1491,3574,537
enron540000,2,150,182,10445,9.5915,0.3268,4934,967
enron1080000,2,150,91,7990,5.9593,0.198,4066,677
enron4870000,2,150,21,4179,1.8647,0.0919,2087,246
enron760000,2,150,130,9146,7.5277,0.2516,4463,817
enron6650000,2,150,15,3702,1.4585,0.0871,1805,194
enron3270000,2,150,31,4968,2.5107,0.1058,2565,323
enron5510000,2,150,18,3967,1.6582,0.0907,1963,222
enron6110000,2,150,17,3863,1.5603,0.0929,1901,204
enron8630000,2,150,12,3346,1.2114,0.0799,1577,161
enron1360000,2,150,73,7237,4.8756,0.1609,3667,586
enron8000000,2,150,13,3401,1.2339,0.0801,1595,161
enron7250000,2,150,14,3542,1.3464,0.0814,1676,183
enron3230000,2,150,31,4974,2.4333,0.0997,2515,323
enron2590000,2,150,38,5554,3.0922,0.123,2885,388
enron510000,2,150,193,10536,9.74,0.336,4867,989
enron6520000,2,150,16,3697,1.4298,0.0848,1782,201
enron240000,2,150,410,13046,14.0554,0.4597,4536,1214
enron4950000,2,150,20,4234,1.8603,0.1006,2157,241
enron7190000,2,150,14,3606,1.3614,0.0851,1742,186
enron9490000,2,150,11,3213,1.1313,0.0745,1460,150
enron8340000,2,150,12,3367,1.1792,0.0754,1558,162
enron5200000,2,150,19,4067,1.7095,0.0875,1997,228
enron7170000,2,150,14,3637,1.4294,0.0891,1777,193
enron6860000,2,150,15,3648,1.3645,0.084,1774,192
enron3330000,2,150,30,5022,2.5947,0.1135,2627,323
enron3900000,2,150,26,4607,2.1703,0.0941,2291,292
enron4400000,2,150,23,4410,2.033,0.0984,2244,258
enron9290000,2,150,11,3179,1.0419,0.071,1402,151
enron910000,2,150,108,8487,6.587,0.2153,4158,740
enron5600000,2,150,18,3949,1.6206,0.0865,1930,220
enron9820000,2,150,11,3138,1.0313,0.0718,1407,146
enron3020000,2,150,33,5122,2.623,0.1077,2638,345
enron6580000,2,150,15,3695,1.4509,0.0818,1776,196
enron9840000,2,150,10,3128,1.0343,0.0747,1400,143
enron7100000,2,150,14,3648,1.441,0.0924,1795,192
enron4920000,2,150,20,4159,1.7843,0.0913,2069,235
enron6550000,2,150,16,3689,1.3966,0.0835,1776,196
enron2840000,2,150,35,5241,2.6803,0.1071,2657,355
enron9190000,2,150,11,3171,1.0453,0.0692,1398,148
enron6130000,2,150,17,3865,1.5809,0.0898,1895,203
enron9890000,2,150,10,3160,1.0588,0.0751,1436,142
enron2030000,2,150,49,6106,3.5459,0.1236,3142,445
enron2700000,2,150,37,5443,2.8947,0.112,2798,372
enron2310000,2,150,43,5745,3.2004,0.1169,2924,415
enron8690000,2,150,12,3276,1.1265,0.0729,1506,160
enron6900000,2,150,15,3637,1.4002,0.0831,1760,194
enron810000,2,150,122,8900,7.1349,0.2346,4355,782
enron1460000,2,150,68,7027,4.6432,0.1533,3557,557
enron9150000,2,150,11,3169,1.0644,0.0699,1400,145
enron2090000,2,150,48,6027,3.4929,0.122,3053,444
enron4880000,2,150,21,4165,1.769,0.091,2073,240
enron4200000,2,150,24,4479,2.0454,0.103,2256,271
enron8920000,2,150,12,3255,1.1102,0.0776,1497,150
enron8140000,2,150,13,3383,1.2078,0.0784,1589,166
enron7650000,2,150,13,3452,1.26,0.0782,1613,178
enron6260000,2,150,16,3726,1.4132,0.0799,1782,201
enron1170000,2,150,84,7756,5.5809,0.1874,3964,650
enron4190000,2,150,24,4491,2.1064,0.1051,2292,271
enron3340000,2,150,30,4984,2.4914,0.1092,2587,323
enron6370000,2,150,16,3754,1.4669,0.0851,1830,202
enron5520000,2,150,18,3964,1.6479,0.0898,1956,221
enron6340000,2,150,16,3739,1.4242,0.0828,1808,203
enron3460000,2,150,29,4905,2.421,0.1102,2530,312
enron6980000,2,150,15,3609,1.3808,0.0817,1736,188
enron2160000,2,150,46,5978,3.4717,0.1261,3079,432
enron7750000,2,150,13,3459,1.2958,0.0814,1624,173
enron6060000,2,150,17,3852,1.5304,0.0886,1887,203
enron2940000,2,150,34,5299,2.8338,0.1187,2762,357
enron6870000,2,150,15,3647,1.3912,0.0841,1775,189
enron8640000,2,150,12,3351,1.2002,0.0815,1582,164
enron4110000,2,150,24,4532,2.1187,0.0999,2307,278
enron9130000,2,150,11,3174,1.0474,0.0703,1405,147
enron6960000,2,150,15,3616,1.3424,0.0807,1734,190
enron7880000,2,150,13,3401,1.2262,0.0788,1582,162
enron1910000,2,150,52,6314,3.8659,0.1355,3271,472
enron1020000,2,150,97,8090,6.0684,0.2005,4001,686
enron1710000,2,150,58,6613,4.1277,0.1422,3419,501
enron2270000,2,150,44,5843,3.3691,0.122,3022,414
enron2720000,2,150,37,5368,2.8598,0.1113,2752,369
enron6990000,2,150,15,3615,1.354,0.0827,1741,192
enron930000,2,150,106,8437,6.4257,0.21,4174,720
enron9750000,2,150,11,3136,1.0426,0.0725,1405,144
enron9900000,2,150,10,3169,1.0673,0.0766,1448,141
enron5700000,2,150,18,3914,1.5815,0.0868,1898,218
enron9600000,2,150,11,3223,1.1357,0.0753,1484,153
enron8610000,2,150,12,3343,1.1898,0.0797,1567,162
enron5220000,2,150,19,4063,1.697,0.0873,1989,230
enron4280000,2,150,23,4432,2.0238,0.0928,2219,262
enron3880000,2,150,26,4582,2.0927,0.0956,2285,292
enron1260000,2,150,78,7443,5.1436,0.1681,3735,608
enron2130000,2,150,47,5946,3.4015,0.1202,3019,429
enron9040000,2,150,11,3187,1.05,0.0709,1429,150
enron4070000,2,150,25,4555,2.0963,0.0967,2306,274
enron9070000,2,150,11,3173,1.0755,0.0714,1416,148
enron3980000,2,150,25,4564,2.1017,0.1039,2327,282
enron2100000,2,150,47,6043,3.5542,0.1258,3112,441
enron2140000,2,150,46,5968,3.4053,0.1181,3079,421
enron970000,2,150,102,8256,6.2414,0.1999,4081,702
enron9120000,2,150,11,3175,1.0336,0.0707,1408,146
enron840000,2,150,117,8801,7.0741,0.2303,4330,777
enron6940000,2,150,15,3655,1.4017,0.0841,1775,190
enron130000,2,150,756,14953,18.1164,0.5894,4248,1393
enron4860000,2,150,21,4181,1.8282,0.093,2092,247
enron2970000,2,150,34,5198,2.6922,0.1084,2651,355
enron1150000,2,150,86,7781,5.6007,0.1854,3945,646
enron8730000,2,150,12,3265,1.1483,0.0753,1506,157
enron3060000,2,150,33,5154,2.6757,0.108,2643,332
enron370000,2,150,266,11631,11.5471,0.4084,4832,1111
enron4300000,2,150,23,4450,2.0572,0.0999,2251,266
enron8360000,2,150,12,3367,1.225,0.0784,1563,162
enron9090000,2,150,11,3171,1.0897,0.0727,1406,147
enron4270000,2,150,24,4451,2.0653,0.0973,2228,263
enron3690000,2,150,27,4714,2.3501,0.1016,2383,296
enron5010000,2,150,20,4258,1.9636,0.1092,2203,245
enron170000,2,150,579,14093,16.5976,0.5385,4224,1315
enron2690000,2,150,37,5434,2.9762,0.1161,2789,369
enron7070000,2,150,14,3648,1.4819,0.0951,1795,189
enron1550000,2,150,64,6827,4.4683,0.1482,3462,532
enron1570000,2,150,63,6808,4.5119,0.1505,3466,523
enron210000,2,150,468,13374,15.0529,0.4936,4313,1264
enron7710000,2,150,13,3463,1.3106,0.0846,1630,177
enron5820000,2,150,17,3853,1.5652,0.0867,1886,211
enron6200000,2,150,16,3735,1.4971,0.085,1779,198
enron7640000,2,150,13,3462,1.2988,0.0819,1624,178
enron9700000,2,150,11,3145,1.0758,0.0725,1412,143
enron7470000,2,150,14,3464,1.2874,0.0754,1600,178
enron7740000,2,150,13,3455,1.2873,0.0823,1618,174
enron8890000,2,150,12,3244,1.1439,0.0772,1490,150
enron6190000,2,150,16,3753,1.4809,0.0843,1793,203
enron1120000,2,150,88,7800,5.6972,0.189,3897,655
enron4620000,2,150,22,4225,1.8819,0.0905,2067,238
enron8010000,2,150,13,3412,1.2438,0.0843,1601,162
enron5930000,2,150,17,3890,1.612,0.0962,1948,216
enron8930000,2,150,12,3251,1.1614,0.0796,1490,152
enron1240000,2,150,80,7445,5.1318,0.1697,3710,616
enron120000,2,150,819,15148,19.4023,0.6189,4236,1424
enron450000,2,150,219,11043,10.9036,0.371,4998,1036
enron3990000,2,150,25,4584,2.193,0.109,2358,289
enron980000,2,150,101,8272,6.537,0.2103,4126,708
enron8830000,2,150,12,3266,1.1859,0.0776,1510,154
enron6320000,2,150,16,3745,1.5269,0.0844,1812,201
enron2870000,2,150,35,5264,2.8748,0.1114,2695,353
enron7790000,2,150,13,3487,1.3708,0.0845,1651,176
enron3610000,2,150,28,4862,2.5746,0.1186,2534,312
enron5500000,2,150,18,3961,1.6684,0.0933,1959,224
enron620000,2,150,159,9870,8.9484,0.3053,4748,906
enron7500000,2,150,14,3457,1.2865,0.0748,1589,178
enron6780000,2,150,15,3629,1.4555,0.082,1740,189
enron7490000,2,150,14,3457,1.2557,0.0755,1591,178
enron9000000,2,150,11,3200,1.1041,0.0731,1443,149
enron4020000,2,150,25,4585,2.3132,0.1083,2351,282
enron7030000,2,150,14,3641,1.4406,0.0933,1786,194
enron3500000,2,150,29,4799,2.3545,0.1053,2427,302
enron6790000,2,150,15,3635,1.4083,0.0835,1747,189
enron5330000,2,150,19,4104,1.7905,0.098,2056,230
enron7290000,2,150,14,3524,1.3386,0.0816,1651,180
enron3800000,2,150,26,4694,2.3289,0.1116,2421,288
enron3730000,2,150,27,4708,2.2875,0.0998,2386,294
enron8050000,2,150,13,3397,1.2516,0.0807,1584,160
enron5950000,2,150,17,3883,1.6119,0.0953,1933,211
enron2960000,2,150,34,5213,2.7497,0.1135,2663,355
enron7520000,2,150,14,3457,1.2623,0.0756,1596,178
enron7040000,2,150,14,3651,1.4535,0.0939,1796,191
enron6600000,2,150,15,3722,1.4858,0.0899,1810,197
enron6220000,2,150,16,3731,1.4969,0.0841,1786,198
enron7110000,2,150,14,3643,1.4345,0.0933,1787,189
enron8450000,2,150,12,3365,1.2193,0.0792,1566,164
enron8410000,2,150,12,3358,1.2117,0.0783,1555,164
enron5470000,2,150,18,3955,1.6242,0.0931,1955,221
enron9780000,2,150,11,3136,1.0584,0.0739,1407,143
enron80000,2,150,1229,16502,22.9804,0.7279,4446,1568
enron2790000,2,150,36,5408,2.9163,0.1158,2838,367
enron8600000,2,150,12,3358,1.1924,0.0803,1580,162
enron8160000,2,150,13,3380,1.2041,0.0778,1584,166
enron7930000,2,150,13,3421,1.2584,0.0819,1607,160
enron7350000,2,150,14,3483,1.2517,0.0748,1608,178
enron8540000,2,150,12,3348,1.2101,0.0782,1562,162
enron2460000,2,150,40,5616,3.0472,0.1134,2882,389
enron5250000,2,150,19,4074,1.7113,0.0877,2011,228
enron9660000,2,150,11,3158,1.0434,0.071,1423,146
enron2670000,2,150,37,5449,2.9696,0.1147,2813,374
enron4650000,2,150,22,4249,1.8836,0.0935,2114,242
enron2760000,2,150,36,5390,2.894,0.1137,2791,365
enron2510000,2,150,40,5675,3.2943,0.1284,2974,401
enron7530000,2,150,14,3459,1.264,0.0751,1601,177
enron4990000,2,150,20,4239,1.8794,0.1032,2173,243
enron4760000,2,150,21,4264,1.9235,0.0997,2166,250
enron9140000,2,150,11,3172,1.0845,0.0705,1404,145
enron310000,2,150,318,12238,12.0965,0.4158,4743,1148
enron50000,2,150,1966,17406,25.1345,0.5329,3228,1352
enron720000,2,150,137,9295,7.7197,0.2556,4499,831
enron730000,2,150,135,9272,7.6665,0.255,4508,829
enron9990000,2,150,10,3150,1.0348,0.0739,1425,144
enron5730000,2,150,18,3938,1.6119,0.0908,1940,221
enron3410000,2,150,29,4864,2.3736,0.0956,2435,308
enron3920000,2,150,26,4601,2.1166,0.097,2313,286
enron9030000,2,150,11,3202,1.0809,0.0717,1444,151
enron1340000,2,150,74,7263,4.8986,0.1616,3654,591
enron7680000,2,150,13,3463,1.2617,0.0805,1627,176
enron2990000,2,150,33,5099,2.5959,0.1034,2574,353
enron8820000,2,150,12,3292,1.1835,0.0785,1537,157
enron8440000,2,150,12,3361,1.1829,0.0768,1564,161
enron2120000,2,150,47,5992,3.5017,0.1237,3083,437
enron6100000,2,150,17,3861,1.5953,0.0914,1895,204
enron7080000,2,150,14,3655,1.4386,0.0933,1807,188
enron7000000,2,150,15,3625,1.3944,0.0848,1753,193
enron5650000,2,150,18,3909,1.5752,0.0848,1886,215
enron900000,2,150,110,8550,6.5894,0.2125,4214,730
enron3300000,2,150,30,5008,2.5752,0.1138,2600,327
enron7230000,2,150,14,3556,1.3332,0.0839,1695,183
enron5240000,2,150,19,4068,1.702,0.0879,1995,230
enron5120000,2,150,20,4040,1.6896,0.087,1975,227
enron9050000,2,150,11,3181,1.0427,0.0708,1423,150
enron1900000,2,150,52,6323,3.8695,0.1359,3279,465
enron5050000,2,150,20,4125,1.7701,0.0918,2045,236
enron960000,2,150,103,8318,6.2372,0.2128,4091,724
enron2480000,2,150,40,5614,3.0827,0.1157,2894,385
enron9540000,2,150,11,3234,1.1198,0.077,1484,152
enron9450000,2,150,11,3207,1.1143,0.0728,1447,147
enron5110000,2,150,20,4043,1.6851,0.0858,1974,228
enron6400000,2,150,16,3753,1.4893,0.0878,1836,198
enron5770000,2,150,18,3906,1.6111,0.0874,1912,215
enron9520000,2,150,11,3222,1.1006,0.0746,1467,153
enron4840000,2,150,21,4179,1.788,0.0926,2080,246
enron20000,2,150,4914,19112,30.6886,0.5476,2632,1369
enron8310000,2,150,12,3353,1.169,0.0744,1543,163
enron9530000,2,150,11,3231,1.1512,0.0766,1480,155
enron8420000,2,150,12,3354,1.1694,0.0753,1556,163
enron1880000,2,150,53,6303,3.7704,0.1274,3219,470
enron6540000,2,150,16,3686,1.4093,0.0818,1771,195
enron7620000,2,150,13,3452,1.2692,0.0788,1607,177
enron6310000,2,150,16,3739,1.4361,0.0822,1808,204
enron3210000,2,150,31,5038,2.5289,0.1065,2578,333
enron200000,2,150,492,13597,15.0509,0.5198,4391,1309
enron5040000,2,150,20,4168,1.7786,0.0958,2084,238
enron5080000,2,150,20,4107,1.7355,0.0971,2036,239
enron3750000,2,150,27,4696,2.2569,0.0978,2381,296
enron2930000,2,150,34,5284,2.773,0.1134,2752,353
enron5160000,2,150,20,4062,1.6904,0.0921,2012,229
enron6270000,2,150,16,3738,1.4306,0.0826,1809,201
enron4250000,2,150,24,4478,2.0437,0.0997,2262,268
enron520000,2,150,189,10458,9.5572,0.3287,4816,973
enron4410000,2,150,23,4413,1.9885,0.0982,2249,259
enron5610000,2,150,18,3943,1.6357,0.0861,1924,223
enron6680000,2,150,15,3657,1.4203,0.0823,1759,187
enron4010000,2,150,25,4600,2.1822,0.1079,2375,285
enron600000,2,150,164,10042,9.1015,0.3046,4812,934
enron3680000,2,150,27,4731,2.3165,0.1009,2406,296
enron3280000,2,150,30,4946,2.4421,0.104,2534,327
enron110000,2,150,894,15398,19.6225,0.6197,4273,1443
enron2740000,2,150,36,5359,2.8328,0.1093,2755,362
enron9940000,2,150,10,3144,1.0388,0.0721,1414,139
enron9500000,2,150,11,3216,1.1302,0.0751,1465,151
enron9640000,2,150,11,3159,1.0649,0.0724,1424,147
enron1390000,2,150,71,7194,4.8338,0.1551,3639,568
enron1330000,2,150,74,7347,5.0997,0.1792,3775,602
enron6440000,2,150,16,3743,1.535,0.0888,1830,199
enron3550000,2,150,28,4820,2.3102,0.1011,2457,311
enron5780000,2,150,18,3859,1.536,0.0843,1880,213
enron5440000,2,150,19,3979,1.6538,0.0924,1987,223
enron4040000,2,150,25,4576,2.1612,0.1039,2331,277
enron7720000,2,150,13,3468,1.2751,0.0837,1637,176
enron1270000,2,150,78,7476,5.235,0.1714,3812,603
enron2050000,2,150,48,6107,3.6834,0.1277,3152,449
enron4590000,2,150,22,4205,1.7605,0.0873,2039,243
enron2680000,2,150,37,5447,2.9619,0.1145,2803,376
enron7730000,2,150,13,3465,1.273,0.0825,1632,175
enron1770000,2,150,56,6484,4.037,0.1359,3355,488
enron7580000,2,150,13,3438,1.2436,0.075,1591,175
enron9410000,2,150,11,3194,1.0769,0.0719,1424,149
enron3970000,2,150,25,4560,2.1094,0.1043,2321,282
enron7830000,2,150,13,3475,1.2792,0.0853,1652,174
enron8750000,2,150,12,3277,1.1527,0.0758,1517,156
enron4690000,2,150,21,4282,1.9057,0.0945,2152,245
enron5300000,2,150,19,4106,1.7445,0.096,2069,233
enron7390000,2,150,14,3464,1.2362,0.0727,1596,182
enron8940000,2,150,11,3231,1.0819,0.0746,1469,152
enron6920000,2,150,15,3651,1.4388,0.0848,1767,191
enron5750000,2,150,18,3915,1.6351,0.091,1921,221
enron3540000,2,150,28,4810,2.3399,0.0993,2431,308
enron280000,2,150,351,12536,12.7658,0.4128,4592,1145
enron9080000,2,150,11,3177,1.0387,0.0721,1415,147
enron9800000,2,150,11,3141,1.0294,0.0724,1412,146
enron9350000,2,150,11,3197,1.0983,0.072,1423,152
enron5030000,2,150,20,4215,1.8655,0.1016,2157,241
enron220000,2,150,447,13283,14.4536,0.4699,4405,1242
enron2180000,2,150,46,5924,3.4635,0.1259,3030,426
enron7610000,2,150,13,3442,1.2467,0.0766,1596,175
enron2800000,2,150,36,5310,2.7861,0.1105,2732,357
enron8090000,2,150,13,3414,1.262,0.0816,1612,163
enron7890000,2,150,13,3419,1.2465,0.0808,1600,163
enron5380000,2,150,19,4080,1.7565,0.0944,2060,221
enron8990000,2,150,11,3201,1.1046,0.0713,1444,149
enron2440000,2,150,41,5641,3.1303,0.1168,2903,403
enron3480000,2,150,29,4808,2.3915,0.1049,2452,307
enron9620000,2,150,11,3224,1.1037,0.0763,1486,151
enron9480000,2,150,11,3212,1.0865,0.0735,1456,148
enron890000,2,150,111,8576,6.661,0.2153,4202,741
enron800000,2,150,123,8948,7.4119,0.2367,4374,789
enron6040000,2,150,17,3825,1.477,0.084,1847,207
enron9360000,2,150,11,3190,1.0667,0.0702,1411,152
enron9210000,2,150,11,3177,1.0864,0.0698,1400,148
enron5870000,2,150,17,3911,1.6291,0.0956,1965,216
enron6490000,2,150,16,3716,1.4341,0.0894,1811,199
enron7990000,2,150,13,3405,1.2352,0.0833,1594,161
enron470000,2,150,210,10859,10.5921,0.3457,4896,1011
enron6150000,2,150,16,3835,1.5156,0.0888,1871,200
enron6820000,2,150,15,3637,1.3489,0.0814,1747,192
enron7320000,2,150,14,3500,1.2678,0.0766,1626,177
enron7260000,2,150,14,3549,1.3616,0.0826,1689,181
enron3510000,2,150,28,4794,2.3052,0.0975,2427,299
enron630000,2,150,156,9812,8.485,0.2917,4674,903
enron6710000,2,150,15,3631,1.3716,0.0792,1732,190
enron8230000,2,150,12,3354,1.1659,0.0758,1550,163
enron1960000,2,150,51,6243,3.9075,0.1329,3228,461
enron9180000,2,150,11,3169,1.0333,0.0691,1396,147
enron3600000,2,150,28,4844,2.4709,0.1108,2504,316
enron5890000,2,150,17,3882,1.6173,0.0923,1936,217
enron8800000,2,150,12,3298,1.1726,0.0801,1544,159
enron7980000,2,150,13,3408,1.242,0.0806,1595,167
enron2880000,2,150,35,5280,2.7698,0.1082,2717,355
enron4790000,2,150,21,4216,1.8222,0.0929,2112,251
enron6000000,2,150,17,3835,1.5398,0.0857,1867,214
enron7140000,2,150,14,3637,1.4019,0.0891,1773,189
enron7330000,2,150,14,3500,1.2783,0.0761,1623,177
enron8200000,2,150,12,3361,1.1622,0.0744,1556,161
enron2730000,2,150,36,5352,2.7805,0.1096,2740,362
enron8190000,2,150,12,3360,1.1917,0.0746,1557,165
enron230000,2,150,428,13246,14.3601,0.4848,4592,1259
enron1410000,2,150,70,7170,4.8808,0.1577,3672,570
enron4610000,2,150,22,4232,1.8646,0.0938,2076,242
enron7540000,2,150,14,3449,1.2119,0.0745,1592,175
enron7400000,2,150,14,3475,1.275,0.074,1612,183
enron9270000,2,150,11,3183,1.0752,0.0718,1409,150
enron6840000,2,150,15,3643,1.3954,0.0821,1762,192
enron350000,2,150,281,11827,11.5528,0.4102,4809,1134
enron180000,2,150,546,13974,16.5469,0.539,4358,1336
enron6720000,2,150,15,3634,1.3383,0.0799,1737,190
enron6300000,2,150,16,3737,1.4776,0.0822,1806,201
enron8580000,2,150,12,3364,1.2297,0.0806,1584,163
enron2660000,2,150,37,5447,2.9317,0.1151,2808,375
enron6290000,2,150,16,3736,1.4699,0.083,1807,203
enron390000,2,150,252,11489,11.2478,0.3907,4891,1094
enron2570000,2,150,39,5547,3.0338,0.1182,2892,389
enron5390000,2,150,19,4064,1.738,0.0933,2045,223
enron9920000,2,150,10,3162,1.0988,0.0765,1442,142
enron2910000,2,150,34,5264,2.7748,0.1102,2732,356
enron160000,2,150,615,14271,17.024,0.5203,4233,1313
enron4800000,2,150,21,4220,1.8207,0.093,2115,252
enron440000,2,150,224,11067,10.4715,0.3743,4895,1060
enron6450000,2,150,16,3742,1.5118,0.0887,1832,197
enron3090000,2,150,32,5165,2.6371,0.1113,2675,343
enron7210000,2,150,14,3626,1.4131,0.0894,1768,188
enron8700000,2,150,12,3272,1.121,0.0728,1502,160
enron750000,2,150,132,9177,7.5144,0.249,4471,801
enron5570000,2,150,18,3989,1.6454,0.0926,1985,224
enron1950000,2,150,51,6202,3.6687,0.129,3162,456
enron5410000,2,150,19,4075,1.734,0.0978,2071,227
enron40000,2,150,2457,17795,26.4733,0.4019,2567,1171
enron9420000,2,150,11,3190,1.0482,0.07,1418,148
enron2470000,2,150,40,5642,3.0618,0.113,2894,387
enron4510000,2,150,22,4364,2.0057,0.0961,2191,259
enron1440000,2,150,69,7060,4.754,0.1559,3583,556
enron7480000,2,150,14,3461,1.2469,0.0732,1595,177
enron2770000,2,150,36,5421,2.9061,0.1168,2825,365
enron3840000,2,150,26,4688,2.2726,0.1032,2398,289
enron8280000,2,150,12,3352,1.135,0.0754,1546,163
enron7010000,2,150,15,3617,1.351,0.0837,1747,195
enron8780000,2,150,12,3291,1.1394,0.0784,1528,156
enron3040000,2,150,33,5167,2.738,0.1126,2681,342
enron7150000,2,150,14,3645,1.4306,0.0901,1777,192
enron5090000,2,150,20,4103,1.7735,0.0922,2041,235
enron3560000,2,150,28,4821,2.3101,0.1018,2477,315
enron2280000,2,150,44,5874,3.5112,0.1276,3058,430
enron8520000,2,150,12,3352,1.2072,0.078,1565,163
enron1110000,2,150,89,7909,5.9181,0.1887,4010,663
enron7900000,2,150,13,3416,1.2426,0.0814,1597,160
enron9730000,2,150,11,3147,1.0625,0.0721,1416,143
enron4640000,2,150,22,4263,1.9367,0.0958,2129,242
enron3820000,2,150,26,4687,2.2488,0.1065,2399,293
enron7910000,2,150,13,3415,1.2686,0.0808,1593,161
enron3420000,2,150,29,4897,2.4696,0.1049,2502,319
enron2000000,2,150,50,6150,3.6496,0.1286,3155,456
enron6630000,2,150,15,3701,1.4756,0.0863,1802,194
enron7410000,2,150,14,3485,1.2483,0.0769,1624,185
enron9970000,2,150,10,3145,1.0631,0.0715,1411,143
enron3310000,2,150,30,5010,2.6282,0.1137,2616,331
enron2560000,2,150,39,5507,2.9534,0.1124,2814,384
enron4500000,2,150,22,4368,1.9632,0.0969,2202,260
enron9670000,2,150,11,3145,1.0329,0.0702,1409,143
enron320000,2,150,308,12133,12.0529,0.407,4775,1133
enron1220000,2,150,81,7570,5.3823,0.1768,3807,633
enron7960000,2,150,13,3398,1.1863,0.0799,1581,167
enron5490000,2,150,18,3967,1.62,0.0932,1967,222
enron9610000,2,150,11,3225,1.1519,0.0762,1486,154
enron8480000,2,150,12,3361,1.2038,0.0777,1568,165
enron3450000,2,150,29,4917,2.4648,0.1136,2545,319
enron5540000,2,150,18,3981,1.6592,0.0931,1987,223
enron740000,2,150,133,9230,7.6073,0.2505,4488,811
enron5180000,2,150,19,4078,1.7,0.0915,2015,228
enron5830000,2,150,17,3870,1.5369,0.0863,1900,212
enron9380000,2,150,11,3191,1.0778,0.0696,1411,151
enron4970000,2,150,20,4226,1.8401,0.0998,2154,236
enron6800000,2,150,15,3636,1.3626,0.0806,1746,188
enron1310000,2,150,76,7379,5.0655,0.1701,3756,599
enron90000,2,150,1092,16187,21.5611,0.7156,4497,1550
enron1650000,2,150,60,6653,4.1754,0.1401,3382,509
enron6760000,2,150,15,3631,1.3377,0.0797,1738,188
enron1180000,2,150,84,7622,5.295,0.1758,3788,633
enron5960000,2,150,17,3866,1.6225,0.0913,1905,211
enron7380000,2,150,14,3463,1.2295,0.0729,1596,179
enron9690000,2,150,11,3143,1.0461,0.0698,1406,144
enron9710000,2,150,11,3152,1.0726,0.0721,1418,142
enron8110000,2,150,13,3407,1.271,0.0825,1606,165
enron6230000,2,150,16,3732,1.4418,0.0803,1779,201
enron4090000,2,150,25,4563,2.1162,0.099,2319,281
enron8810000,2,150,12,3302,1.1736,0.0804,1549,159
enron4740000,2,150,21,4296,1.9511,0.0999,2195,250
enron680000,2,150,145,9581,8.2539,0.2766,4656,869
enron940000,2,150,105,8439,6.6548,0.2183,4231,736
enron1450000,2,150,68,7027,4.5857,0.1547,3588,558
enron5070000,2,150,20,4117,1.7644,0.0945,2056,233
enron7970000,2,150,13,3407,1.2455,0.0799,1590,166
enron2420000,2,150,41,5683,3.205,0.1225,2943,403
enron6950000,2,150,15,3628,1.3766,0.0822,1746,189
enron8590000,2,150,12,3364,1.1983,0.0834,1585,163
enron6590000,2,150,15,3693,1.45,0.0815,1772,196
enron6570000,2,150,15,3698,1.4139,0.0849,1781,196
enron7130000,2,150,14,3630,1.4055,0.0897,1771,188
enron1070000,2,150,92,7958,5.8055,0.1884,3977,667
enron8560000,2,150,12,3354,1.2149,0.079,1572,162
enron8400000,2,150,12,3366,1.1897,0.0784,1567,166
enron4320000,2,150,23,4432,2.0491,0.0984,2256,268
enron4770000,2,150,21,4254,1.908,0.0974,2150,256
enron4980000,2,150,20,4225,1.9235,0.1011,2156,242
enron5620000,2,150,18,3943,1.5853,0.0864,1927,219
enron3220000,2,150,31,5012,2.5326,0.1022,2559,331
enron4780000,2,150,21,4230,1.826,0.0956,2132,255
enron1890000,2,150,52,6256,3.8067,0.1272,3209,469
enron380000,2,150,259,11632,11.4582,0.4085,4968,1115
enron9950000,2,150,10,3142,1.0523,0.072,1411,143
enron7760000,2,150,13,3456,1.2558,0.0816,1627,175
enron860000,2,150,115,8701,6.882,0.2278,4292,757
enron1230000,2,150,80,7545,5.4034,0.173,3822,613
enron100000,2,150,983,15769,20.9359,0.655,4354,1464
enron5590000,2,150,18,3966,1.6457,0.0883,1946,225
enron4420000,2,150,23,4416,2.0602,0.1052,2271,266
enron8490000,2,150,12,3367,1.2242,0.0803,1579,166
enron8130000,2,150,13,3396,1.2153,0.0794,1599,168
enron8790000,2,150,12,3291,1.147,0.0787,1532,158
enron4350000,2,150,23,4375,1.9952,0.0953,2209,263
enron3440000,2,150,29,4907,2.4878,0.1114,2520,316
enron610000,2,150,162,9948,8.7482,0.2974,4722,912
enron6350000,2,150,16,3747,1.4683,0.0836,1822,205
enron5400000,2,150,19,4088,1.731,0.0987,2082,227
enron3050000,2,150,33,5187,2.7494,0.1136,2699,342
enron6120000,2,150,17,3858,1.5682,0.0902,1890,202
enron660000,2,150,149,9669,8.3497,0.2766,4671,876
enron6830000,2,150,15,3641,1.3733,0.0821,1757,192
enron5690000,2,150,18,3899,1.5921,0.0854,1877,216
enron1530000,2,150,65,6821,4.4849,0.1514,3454,535
enron2520000,2,150,39,5562,3.0978,0.1202,2841,394
enron2330000,2,150,43,5784,3.333,0.1216,2982,407
enron1290000,2,150,77,7454,5.3016,0.1749,3814,600
enron2540000,2,150,39,5511,3.1284,0.1133,2799,389
enron8510000,2,150,12,3353,1.2043,0.0797,1566,164
enron5630000,2,150,18,3924,1.6058,0.0855,1899,218
enron1000000,2,150,99,8166,6.3473,0.2043,4046,696
enron4720000,2,150,21,4296,1.9809,0.105,2188,250
enron360000,2,150,273,11783,11.8624,0.4117,4897,1116
enron2640000,2,150,38,5443,3.0132,0.1124,2783,373
enron6080000,2,150,17,3856,1.6027,0.0909,1886,205
enron2410000,2,150,41,5675,3.2555,0.1238,2940,404
enron190000,2,150,518,13775,16.0832,0.5314,4401,1304
enron1830000,2,150,54,6412,4.0598,0.1382,3320,478
enron7630000,2,150,13,3458,1.2458,0.0799,1618,178
enron8060000,2,150,13,3411,1.2273,0.0805,1599,160
enron1320000,2,150,75,7293,4.9819,0.1607,3662,593
enron4520000,2,150,22,4355,1.9788,0.095,2178,255
enron2710000,2,150,37,5345,2.7481,0.1064,2693,368
enron5190000,2,150,19,4084,1.8055,0.0898,2014,230
enron2530000,2,150,39,5511,2.9793,0.1117,2796,395
enron8880000,2,150,12,3244,1.1319,0.0752,1486,152
enron7440000,2,150,14,3475,1.2775,0.075,1616,179
enron6690000,2,150,15,3660,1.4142,0.0823,1760,189
enron4290000,2,150,23,4440,2.0188,0.0978,2223,265
enron1580000,2,150,63,6746,4.3059,0.1397,3356,523
enron4240000,2,150,24,4492,2.0584,0.1005,2285,271
enron8120000,2,150,13,3394,1.1946,0.0795,1597,165
enron2620000,2,150,38,5515,2.969,0.115,2854,384
enron2860000,2,150,35,5239,2.7929,0.1042,2647,348
enron5810000,2,150,17,3846,1.5109,0.083,1875,211
enron480000,2,150,205,10753,10.0497,0.3461,4872,1012
enron570000,2,150,173,10238,9.3206,0.3089,4800,940
enron4150000,2,150,24,4485,2.0115,0.0987,2276,276
enron2580000,2,150,39,5565,3.203,0.1206,2921,385
enron560000,2,150,176,10229,9.3756,0.3094,4821,933
enron3620000,2,150,28,4764,2.2537,0.1078,2430,311
enron9630000,2,150,11,3164,1.0481,0.0707,1426,149
enron270000,2,150,364,12694,13.0645,0.45,4646,1203
enron6470000,2,150,16,3732,1.4986,0.0935,1829,199
enron4030000,2,150,25,4570,2.107,0.1007,2327,279
enron6250000,2,150,16,3732,1.4436,0.0792,1781,199
enron1840000,2,150,54,6393,3.8737,0.1297,3269,474
enron1820000,2,150,54,6413,4.0526,0.1369,3320,476
enron770000,2,150,128,9086,7.5261,0.2509,4431,810
enron2500000,2,150,40,5644,3.135,0.1212,2940,395
enron3640000,2,150,27,4750,2.3552,0.1054,2426,307
enron5680000,2,150,18,3905,1.5946,0.0848,1885,214
enron140000,2,150,702,14634,17.6259,0.4986,4146,1296
enron2230000,2,150,45,5910,3.4054,0.1224,3068,413
enron4670000,2,150,22,4295,1.9563,0.0993,2163,243
enron9430000,2,150,11,3201,1.0956,0.0707,1434,147
enron3150000,2,150,32,5039,2.5226,0.1058,2576,332
enron1400000,2,150,71,7129,4.8414,0.1617,3628,577
enron9790000,2,150,11,3131,1.0151,0.0715,1403,144
enron1670000,2,150,59,6683,4.2562,0.1438,3451,510
enron8270000,2,150,12,3339,1.1676,0.0745,1531,162
enron5670000,2,150,18,3912,1.5783,0.0867,1894,218
enron1040000,2,150,95,8065,6.0148,0.1959,4024,680
enron710000,2,150,139,9382,7.9535,0.2659,4564,850
enron7270000,2,150,14,3535,1.3309,0.0826,1672,179
enron250000,2,150,394,12914,13.3723,0.4701,4561,1231
enron4180000,2,150,24,4494,2.132,0.1059,2291,272
enron2450000,2,150,41,5604,3.0411,0.112,2849,396
enron9980000,2,150,10,3153,1.0989,0.0728,1424,141
enron1630000,2,150,61,6710,4.2759,0.1482,3452,515
enron2390000,2,150,42,5731,3.2306,0.115,2954,407
enron4100000,2,150,24,4529,2.0563,0.098,2299,278
enron1810000,2,150,55,6414,3.933,0.137,3309,491
enron8330000,2,150,12,3359,1.1861,0.0748,1546,161
enron1090000,2,150,91,7935,5.8029,0.1869,3975,660
enron8960000,2,150,11,3218,1.075,0.0728,1458,150
enron2190000,2,150,45,5893,3.4868,0.1176,3004,424
enron1060000,2,150,93,8030,5.8611,0.1939,4011,675
enron1700000,2,150,58,6583,4.1311,0.1411,3374,500
enron1720000,2,150,58,6591,4.2349,0.1421,3403,505
enron2490000,2,150,40,5668,3.1945,0.1281,2975,397
enron550000,2,150,179,10277,9.2204,0.3176,4790,958
enron8980000,2,150,11,3204,1.108,0.0716,1448,149
enron3890000,2,150,26,4605,2.1064,0.0948,2304,288
enron3250000,2,150,31,4939,2.4271,0.0995,2480,325
enron5460000,2,150,18,3959,1.6474,0.0919,1965,224
enron9250000,2,150,11,3183,1.056,0.069,1404,150
enron7820000,2,150,13,3482,1.3311,0.0887,1655,175
enron1930000,2,150,51,6210,3.6538,0.1227,3134,464
enron6280000,2,150,16,3743,1.4422,0.0825,1812,204
enron1210000,2,150,82,7610,5.3895,0.1742,3837,620
enron3910000,2,150,26,4608,2.114,0.0941,2311,286
enron5910000,2,150,17,3876,1.5762,0.092,1933,215
enron3100000,2,150,32,5068,2.5556,0.1053,2591,336
enron4470000,2,150,22,4397,2.0171,0.1012,2237,260
enron4910000,2,150,21,4175,1.8294,0.0915,2090,239
enron6050000,2,150,17,3843,1.5229,0.0877,1871,206
enron3430000,2,150,29,4921,2.4707,0.1109,2527,318
enron9390000,2,150,11,3191,1.0483,0.0702,1415,151
enron6700000,2,150,15,3646,1.3609,0.0811,1750,190
enron1160000,2,150,85,7677,5.3402,0.1765,3813,637
enron1050000,2,150,94,8042,6.1973,0.1974,4029,688
enron6170000,2,150,16,3853,1.5369,0.0909,1891,207
enron850000,2,150,116,8694,6.7905,0.2211,4216,757
enron30000,2,150,3276,18362,28.5572,0.5017,2459,1310
enron8250000,2,150,12,3337,1.1334,0.0755,1529,160
enron6640000,2,150,15,3706,1.4697,0.0862,1808,196
enron9910000,2,150,10,3171,1.0949,0.0773,1451,141
enron1510000,2,150,66,6932,4.494,0.1518,3549,554
enron2170000,2,150,46,5926,3.477,0.1238,3033,428
enron4570000,2,150,22,4273,1.8447,0.0919,2129,245
enron2950000,2,150,34,5221,2.6778,0.1114,2677,353
enron4380000,2,150,23,4386,2.0244,0.0975,2217,261
enron5550000,2,150,18,3987,1.7277,0.0924,1983,222
enron820000,2,150,120,8827,6.9253,0.2233,4262,768
enron1940000,2,150,51,6145,3.7689,0.1244,3104,454
enron2020000,2,150,49,6095,3.5565,0.1246,3132,440
enron5130000,2,150,20,4040,1.7002,0.0881,1975,229
enron2340000,2,150,42,5777,3.3072,0.1275,3008,402
enron3760000,2,150,27,4718,2.2738,0.1064,2429,293
enron4680000,2,150,21,4263,1.8531,0.0911,2120,246
enron8680000,2,150,12,3275,1.1528,0.074,1511,158
enron6530000,2,150,16,3693,1.4098,0.0835,1782,198
enron6930000,2,150,15,3649,1.3946,0.0828,1766,188
enron9400000,2,150,11,3191,1.0899,0.0717,1418,149
enron8570000,2,150,12,3360,1.2061,0.08,1581,162
enron3030000,2,150,33,5152,2.652,0.1116,2667,338
enron5560000,2,150,18,3989,1.6596,0.0921,1987,224
enron7600000,2,150,13,3440,1.2068,0.0762,1595,178
enron6460000,2,150,16,3732,1.4532,0.0905,1825,198
enron9470000,2,150,11,3214,1.0863,0.0743,1457,150
enron7940000,2,150,13,3401,1.2188,0.079,1588,160
enron2830000,2,150,35,5296,2.789,0.112,2717,362
enron8670000,2,150,12,3273,1.1161,0.0735,1507,157
enron2250000,2,150,44,5860,3.3695,0.1204,3022,427
enron4140000,2,150,24,4467,2.0377,0.1013,2251,275
enron8710000,2,150,12,3267,1.1026,0.0744,1503,158
enron4000000,2,150,25,4585,2.1349,0.1055,2356,284
enron3200000,2,150,31,5084,2.5969,0.1084,2620,336
enron3860000,2,150,26,4662,2.1845,0.1014,2382,290
enron5020000,2,150,20,4262,1.9223,0.1074,2210,244
enron6970000,2,150,15,3610,1.3705,0.0799,1729,190
enron1860000,2,150,53,6347,3.8048,0.1329,3247,472
enron3830000,2,150,26,4687,2.2513,0.1042,2407,290
enron9570000,2,150,11,3213,1.1103,0.0747,1471,154
enron2240000,2,150,44,5852,3.2826,0.1175,3011,420
enron6030000,2,150,17,3826,1.5354,0.084,1851,208
enron8370000,2,150,12,3367,1.1676,0.0774,1566,162
enron3190000,2,150,31,5096,2.6026,0.1108,2634,337
enron1750000,2,150,57,6485,4.0002,0.1364,3311,496
enron9460000,2,150,11,3210,1.0724,0.073,1450,149
enron4710000,2,150,21,4282,1.969,0.1011,2176,247
enron9720000,2,150,11,3148,1.0371,0.0716,1416,143
enron7570000,2,150,13,3433,1.2023,0.0747,1585,175
enron3530000,2,150,28,4839,2.4494,0.1017,2485,309
enron490000,2,150,201,10699,9.9643,0.3343,4886,992
enron2380000,2,150,42,5696,3.0969,0.1152,2892,404
enron8350000,2,150,12,3369,1.1877,0.0762,1561,162
enron5800000,2,150,17,3858,1.535,0.0844,1881,213
enron950000,2,150,104,8406,6.6098,0.214,4214,728
enron4370000,2,150,23,4379,1.9376,0.0976,2211,264
enron4750000,2,150,21,4269,1.8803,0.0976,2170,248
enron6140000,2,150,17,3854,1.5618,0.089,1881,204
enron1990000,2,150,50,6153,3.6344,0.1299,3163,457
enron670000,2,150,147,9610,8.2087,0.2679,4643,856
enron7780000,2,150,13,3483,1.3084,0.0837,1655,176
enron7420000,2,150,14,3485,1.2438,0.0758,1623,185
enron1920000,2,150,52,6330,3.8669,0.1365,3297,476
enron4450000,2,150,23,4423,2.0434,0.1064,2281,268
enron3660000,2,150,27,4720,2.2321,0.1005,2400,298
enron6380000,2,150,16,3753,1.4794,0.0879,1829,200
enron5320000,2,150,19,4110,1.7591,0.0967,2069,230
enron9870000,2,150,10,3157,1.0574,0.0758,1435,142
enron1590000,2,150,62,6783,4.3168,0.1451,3476,531
enron6740000,2,150,15,3641,1.3698,0.0811,1746,190
enron5260000,2,150,19,4083,1.7456,0.0882,2029,231
enron9110000,2,150,11,3177,1.0355,0.0714,1414,147
enron4820000,2,150,21,4172,1.7566,0.0918,2066,246
enron7120000,2,150,14,3626,1.4066,0.0886,1769,189
enron7200000,2,150,14,3621,1.3753,0.0891,1765,192
enron9330000,2,150,11,3208,1.0783,0.0728,1435,151
enron4430000,2,150,23,4405,2.0208,0.104,2263,267
enron880000,2,150,112,8659,6.8446,0.2277,4309,762
enron3160000,2,150,32,5088,2.6129,0.1129,2635,338
enron4310000,2,150,23,4430,2.0023,0.0977,2254,272
enron7690000,2,150,13,3464,1.2797,0.0808,1628,176
enron5880000,2,150,17,3908,1.6076,0.0953,1964,215
enron3290000,2,150,30,4985,2.4983,0.1116,2576,329
enron5860000,2,150,17,3904,1.6183,0.0934,1953,213
enron4220000,2,150,24,4471,2.0167,0.1018,2264,272
enron7660000,2,150,13,3456,1.2462,0.0831,1626,178
enron3390000,2,150,29,4867,2.3579,0.0977,2443,314
enron3110000,2,150,32,5064,2.5663,0.1046,2581,337
enron8870000,2,150,12,3251,1.1365,0.0754,1492,154
enron5370000,2,150,19,4080,1.7249,0.093,2045,225
enron1140000,2,150,87,7833,5.8191,0.1895,3958,659
enron6010000,2,150,17,3841,1.503,0.0855,1866,213
enron6330000,2,150,16,3738,1.4385,0.0832,1805,199
enron2890000,2,150,35,5261,2.8271,0.116,2736,357
enron3590000,2,150,28,4859,2.4218,0.1141,2542,311
enron5140000,2,150,20,4055,1.7396,0.0906,2000,232
enron700000,2,150,141,9410,7.8558,0.2735,4550,861
enron830000,2,150,119,8811,7.0434,0.232,4310,783
enron3260000,2,150,31,4943,2.3906,0.0998,2511,322
enron6160000,2,150,16,3844,1.5245,0.0899,1877,201
enron5270000,2,150,19,4075,1.6976,0.0877,2020,229
enron7370000,2,150,14,3473,1.2295,0.0734,1604,179
enron8100000,2,150,13,3413,1.2157,0.0814,1610,165
enron3520000,2,150,28,4820,2.3688,0.0985,2461,306
enron9280000,2,150,11,3182,1.0348,0.0714,1407,150
enron4890000,2,150,21,4160,1.7728,0.0894,2065,242
enron460000,2,150,214,10964,10.2892,0.3537,4961,1028
enron6430000,2,150,16,3745,1.4976,0.0892,1830,198
enron4230000,2,150,24,4484,2.058,0.1025,2281,272
enron2780000,2,150,36,5425,2.926,0.1155,2841,368
enron7840000,2,150,13,3464,1.2823,0.0842,1642,170
enron3130000,2,150,32,5022,2.4918,0.1061,2562,330
enron1730000,2,150,57,6577,4.1304,0.1398,3378,501
enron3700000,2,150,27,4717,2.2387,0.0943,2350,295
enron7920000,2,150,13,3415,1.2626,0.0803,1602,161
enron7810000,2,150,13,3501,1.3141,0.088,1680,176
enron9020000,2,150,11,3202,1.0831,0.072,1447,151
enron6070000,2,150,17,3857,1.5699,0.0892,1891,202
enron6770000,2,150,15,3629,1.3596,0.0806,1738,189
enron9880000,2,150,10,3157,1.0584,0.0757,1436,142
enron1620000,2,150,61,6729,4.3209,0.1423,3416,522
enron1790000,2,150,55,6455,3.9116,0.1394,3307,483
enron4060000,2,150,25,4574,2.1969,0.1021,2332,280
enron7220000,2,150,14,3627,1.4563,0.0946,1769,182
enron8620000,2,150,12,3343,1.2162,0.0815,1573,161
enron9230000,2,150,11,3171,1.0891,0.0703,1393,148
enron3670000,2,150,27,4711,2.3109,0.1031,2387,295
enron8390000,2,150,12,3358,1.2122,0.079,1555,164
enron870000,2,150,113,8663,6.9706,0.2282,4267,757
enron3380000,2,150,30,4869,2.4849,0.1019,2438,312
enron9200000,2,150,11,3174,1.0496,0.0715,1400,149
enron1370000,2,150,72,7229,5.0226,0.1682,3684,592
enron6360000,2,150,16,3752,1.5121,0.0862,1830,203
enron3370000,2,150,30,4874,2.3899,0.1008,2439,311
enron2400000,2,150,41,5688,3.2506,0.1208,2916,403
enron6670000,2,150,15,3655,1.4411,0.0845,1754,190
enron3010000,2,150,33,5133,2.7544,0.1103,2641,350
enron1010000,2,150,98,8112,6.1057,0.2007,3988,686
enron1640000,2,150,60,6661,4.3185,0.144,3396,504
enron6750000,2,150,15,3639,1.4594,0.0833,1747,190
enron5900000,2,150,17,3874,1.631,0.0947,1932,214
enron7430000,2,150,14,3486,1.3022,0.0779,1626,183
enron5580000,2,150,18,3976,1.7076,0.0936,1969,226
enron5840000,2,150,17,3882,1.6189,0.0895,1912,212
enron9440000,2,150,11,3205,1.116,0.0731,1441,148
enron3940000,2,150,25,4540,2.1644,0.0967,2283,281
enron3870000,2,150,26,4627,2.1828,0.0999,2350,290
enron6910000,2,150,15,3649,1.4063,0.0855,1771,192
enron4340000,2,150,23,4365,1.9612,0.0971,2201,261
enron4260000,2,150,24,4458,2.0347,0.0957,2240,265
enron2920000,2,150,34,5293,2.8672,0.1152,2763,353
enron3770000,2,150,27,4660,2.1979,0.1041,2375,289
enron9860000,2,150,10,3149,1.0657,0.0734,1426,143
enron3780000,2,150,26,4654,2.2313,0.1048,2364,289
enron3180000,2,150,31,5097,2.6241,0.1136,2640,330
enron3350000,2,150,30,4944,2.4731,0.1069,2542,322
enron1610000,2,150,62,6730,4.2225,0.1415,3433,520
enron8080000,2,150,13,3410,1.2345,0.0811,1604,162
enron2010000,2,150,49,6157,3.6898,0.1276,3177,446
enron4830000,2,150,21,4165,1.8046,0.0903,2056,247
enron1300000,2,150,76,7377,5.0435,0.1676,3736,602
enron2290000,2,150,43,5804,3.3818,0.1216,2985,421
enron260000,2,150,378,12841,13.6409,0.4403,4644,1186
enron3470000,2,150,29,4840,2.34,0.1059,2465,311
enron3570000,2,150,28,4824,2.409,0.1011,2475,314
enron4580000,2,150,22,4248,1.9054,0.0904,2096,246
enron60000,2,150,1638,17145,24.2821,0.7405,4008,1565
enron3000000,2,150,33,5107,2.6169,0.1034,2586,347
enron4050000,2,150,25,4584,2.1709,0.1005,2339,277
enron8180000,2,150,13,3379,1.1816,0.0771,1581,165
enron8740000,2,150,12,3273,1.1456,0.0759,1515,158
enron5480000,2,150,18,3966,1.6215,0.0921,1967,222
enron5530000,2,150,18,3968,1.6226,0.0902,1962,221
enron7240000,2,150,14,3552,1.3391,0.0827,1689,183
enron5000000,2,150,20,4230,1.8341,0.0996,2162,244
enron3960000,2,150,25,4567,2.1306,0.105,2325,280
enron7770000,2,150,13,3483,1.3147,0.0842,1655,174
enron530000,2,150,186,10466,9.5261,0.3358,4871,987
enron4930000,2,150,20,4194,1.8579,0.0944,2110,241
enron1350000,2,150,73,7311,4.9851,0.1695,3756,595
enron3740000,2,150,27,4706,2.2716,0.0987,2392,295
enron1780000,2,150,56,6436,3.951,0.1378,3291,488
enron4660000,2,150,22,4298,1.9623,0.0994,2167,246
enron6420000,2,150,16,3761,1.4884,0.0903,1845,198
enron7090000,2,150,14,3641,1.4049,0.0917,1790,192
enron9930000,2,150,10,3148,1.0717,0.073,1420,142
enron5710000,2,150,18,3917,1.6047,0.0869,1902,218
enron7670000,2,150,13,3456,1.2546,0.079,1622,177
enron1250000,2,150,79,7509,5.2499,0.1736,3817,612
enron9060000,2,150,11,3181,1.0766,0.0706,1422,150
enron790000,2,150,125,8949,7.1127,0.2367,4344,787
enron9830000,2,150,10,3136,1.0556,0.0721,1407,144
enron3320000,2,150,30,5014,2.5922,0.1138,2624,327
enron4480000,2,150,22,4385,1.9943,0.0989,2218,259
enron430000,2,150,229,11152,10.4647,0.3694,4890,1059
enron8860000,2,150,12,3250,1.1426,0.0747,1492,154
enron3120000,2,150,32,5025,2.4871,0.1011,2549,337
enron590000,2,150,167,10008,8.8671,0.2961,4704,910
enron6510000,2,150,16,3707,1.4255,0.086,1795,202
enron780000,2,150,126,9040,7.3079,0.2407,4412,803
enron3400000,2,150,29,4884,2.425,0.0988,2465,308
enron1430000,2,150,69,7056,4.6106,0.1512,3554,555
enron8260000,2,150,12,3338,1.1462,0.0744,1532,161
enron6660000,2,150,15,3717,1.447,0.0877,1816,192
enron6810000,2,150,15,3636,1.3674,0.0813,1748,190
enron2750000,2,150,36,5366,2.8678,0.1108,2748,360
enron8720000,2,150,12,3263,1.1187,0.0732,1499,158
enron1660000,2,150,60,6677,4.2211,0.1435,3423,519
enron8950000,2,150,11,3222,1.0862,0.0733,1461,152
enron6210000,2,150,16,3734,1.4276,0.0811,1778,200
enron5990000,2,150,17,3833,1.5154,0.0858,1862,214
enron9770000,2,150,11,3136,1.0445,0.0715,1406,145
enron4540000,2,150,22,4319,1.8972,0.0931,2153,255
enron4210000,2,150,24,4465,2.0694,0.0993,2249,270
enron9170000,2,150,11,3173,1.0347,0.0698,1402,145
enron4550000,2,150,22,4316,1.9144,0.0913,2155,248
enron6610000,2,150,15,3731,1.4811,0.0876,1823,197
enron3360000,2,150,30,4870,2.3355,0.0957,2428,309
enron3650000,2,150,27,4744,2.2665,0.1044,2422,302
enron6620000,2,150,15,3707,1.4459,0.0852,1804,192
enron4130000,2,150,24,4438,1.988,0.0933,2220,272