File,Gamma,Tnb_gmDEC,end_time_list_pos_m,nb_gmDEC
enron4240000,2,0.0022,0.0042,282
enron5720000,2,0.0017,0.0035,217
enron10000000,2,0.0008,0.0014,140
enron190000,2,0.0038,0.0113,1394
enron2090000,2,0.0016,0.0035,451
enron3390000,2,0.0012,0.0023,316
enron1790000,2,0.0022,0.0052,497
enron8890000,2,0.0007,0.0012,159
enron3400000,2,0.0018,0.0035,313
enron6520000,2,0.0013,0.0023,200
enron8430000,2,0.0009,0.0016,163
enron6410000,2,0.0012,0.0022,196
enron9790000,2,0.0008,0.0014,154
enron7430000,2,0.0012,0.0027,174
enron1410000,2,0.0025,0.0057,612
enron1440000,2,0.0021,0.0049,587
enron7990000,2,0.0008,0.0013,169
enron2820000,2,0.002,0.0042,371
enron830000,2,0.0047,0.0092,833
enron9000000,2,0.001,0.0017,146
enron6260000,2,0.0019,0.0045,197
enron8550000,2,0.0017,0.0032,165
enron5090000,2,0.0013,0.0035,243
enron600000,2,0.0034,0.0087,1011
enron4070000,2,0.0014,0.0031,278
enron8680000,2,0.0008,0.0014,155
enron4410000,2,0.002,0.0037,263
enron6680000,2,0.0018,0.0018,200
enron3570000,2,0.0027,0.005,318
enron4200000,2,0.0025,0.0052,276
enron6970000,2,0.0011,0.0024,186
enron2460000,2,0.0026,0.0059,403
enron580000,2,0.0048,0.0145,992
enron4470000,2,0.0022,0.0042,266
enron4090000,2,0.002,0.0051,278
enron2950000,2,0.0026,0.0062,363
enron9310000,2,0.0011,0.0017,150
enron5830000,2,0.0018,0.0036,210
enron200000,2,0.0055,0.0141,1386
enron9540000,2,0.0011,0.002,147
enron7390000,2,0.0012,0.0027,174
enron8180000,2,0.0012,0.002,161
enron5650000,2,0.0014,0.0024,227
enron8710000,2,0.001,0.0024,157
enron4400000,2,0.0027,0.0049,263
enron4220000,2,0.0026,0.0051,275
enron7670000,2,0.0014,0.0024,172
enron7850000,2,0.0009,0.0015,176
enron4510000,2,0.0013,0.0023,271
enron8830000,2,0.0008,0.0013,161
enron2570000,2,0.0018,0.0042,396
enron9850000,2,0.0008,0.0013,152
enron1260000,2,0.0033,0.0097,650
enron1160000,2,0.0027,0.0065,680
enron7860000,2,0.0011,0.0024,175
enron7940000,2,0.0009,0.0017,165
enron520000,2,0.0039,0.0117,1061
enron6360000,2,0.0016,0.0032,200
enron9640000,2,0.0011,0.0022,145
enron9080000,2,0.0009,0.0016,144
enron610000,2,0.0043,0.0138,992
enron3270000,2,0.0018,0.0035,337
enron900000,2,0.0026,0.0064,788
enron3230000,2,0.0014,0.0026,352
enron4740000,2,0.0015,0.0028,255
enron1890000,2,0.0033,0.0077,498
enron5160000,2,0.0015,0.0031,237
enron9190000,2,0.0011,0.0016,149
enron8800000,2,0.001,0.0031,158
enron8780000,2,0.0009,0.0016,158
enron3130000,2,0.0019,0.005,336
enron4130000,2,0.0013,0.0025,272
enron9740000,2,0.0007,0.0012,153
enron3530000,2,0.0013,0.0026,307
enron3960000,2,0.0015,0.003,292
enron310000,2,0.0069,0.0189,1240
enron3010000,2,0.0033,0.0055,354
enron3080000,2,0.0023,0.0045,347
enron8970000,2,0.0017,0.0037,156
enron6120000,2,0.0013,0.0028,211
enron2710000,2,0.0026,0.0051,376
enron5870000,2,0.0013,0.0025,214
enron690000,2,0.0046,0.0147,909
enron5170000,2,0.002,0.0035,243
enron5400000,2,0.0017,0.0029,239
enron1370000,2,0.0029,0.0066,620
enron2330000,2,0.002,0.0045,408
enron7720000,2,0.0012,0.0026,173
enron3290000,2,0.0025,0.0045,352
enron9860000,2,0.001,0.0016,149
enron770000,2,0.0052,0.0131,862
enron2920000,2,0.0026,0.005,368
enron7440000,2,0.001,0.0018,179
enron1900000,2,0.0027,0.0055,485
enron7750000,2,0.0012,0.0023,173
enron7220000,2,0.0011,0.0019,187
enron5760000,2,0.0014,0.0026,228
enron9100000,2,0.0012,0.0026,151
enron9320000,2,0.0016,0.0027,153
enron9950000,2,0.0012,0.0022,151
enron6460000,2,0.0012,0.0021,200
enron5190000,2,0.0017,0.0031,241
enron3990000,2,0.0018,0.0038,301
enron6930000,2,0.0015,0.0034,185
enron4780000,2,0.0017,0.0034,276
enron3110000,2,0.0023,0.0047,347
enron7130000,2,0.0017,0.003,184
enron8140000,2,0.0013,0.0025,160
enron4580000,2,0.0018,0.0036,247
enron8600000,2,0.0013,0.0022,161
enron7590000,2,0.0011,0.0019,166
enron1700000,2,0.002,0.0045,528
enron3350000,2,0.002,0.0029,336
enron8790000,2,0.0011,0.0018,154
enron5050000,2,0.0019,0.0042,246
enron2430000,2,0.0026,0.0069,427
enron8770000,2,0.0012,0.0032,159
enron8470000,2,0.0012,0.0024,159
enron6890000,2,0.0014,0.0028,181
enron3780000,2,0.0021,0.005,296
enron9410000,2,0.0009,0.0015,145
enron1130000,2,0.0024,0.0059,700
enron6240000,2,0.0011,0.0024,193
enron3430000,2,0.0019,0.0031,325
enron260000,2,0.0044,0.0184,1277
enron6880000,2,0.0012,0.0022,194
enron2840000,2,0.0017,0.0034,367
enron2490000,2,0.0016,0.0033,395
enron2320000,2,0.0016,0.0032,435
enron1670000,2,0.0025,0.0048,543
enron450000,2,0.006,0.0167,1135
enron5690000,2,0.0019,0.0037,216
enron680000,2,0.0033,0.009,932
enron1070000,2,0.0042,0.009,731
enron3630000,2,0.0018,0.0049,307
enron5180000,2,0.0014,0.0034,237
enron1490000,2,0.0027,0.0086,581
enron2020000,2,0.0034,0.0051,466
enron9830000,2,0.0009,0.0016,149
enron8860000,2,0.0011,0.0022,161
enron4630000,2,0.0014,0.003,257
enron180000,2,0.0071,0.0405,1408
enron4020000,2,0.0024,0.0048,286
enron7140000,2,0.0015,0.0029,187
enron7330000,2,0.0011,0.0019,177
enron7060000,2,0.001,0.0018,192
enron6760000,2,0.0009,0.0016,188
enron1460000,2,0.0022,0.0053,588
enron4770000,2,0.0012,0.0026,255
enron8350000,2,0.001,0.0014,160
enron6870000,2,0.0011,0.0032,187
enron1600000,2,0.0035,0.0086,556
enron4420000,2,0.0019,0.0036,264
enron1930000,2,0.0025,0.0068,483
enron7010000,2,0.0012,0.0027,189
enron550000,2,0.0032,0.009,1030
enron5930000,2,0.0011,0.002,217
enron4680000,2,0.0012,0.0023,256
enron1360000,2,0.0035,0.0072,621
enron1290000,2,0.0038,0.0079,638
enron2030000,2,0.0029,0.0057,463
enron2220000,2,0.002,0.0042,440
enron7410000,2,0.0009,0.0016,175
enron3300000,2,0.0014,0.0028,338
enron7320000,2,0.0008,0.0014,171
enron8290000,2,0.0008,0.0013,161
enron5110000,2,0.001,0.0019,234
enron3150000,2,0.0024,0.0052,336
enron7780000,2,0.0016,0.0032,174
enron6170000,2,0.0016,0.0029,212
enron590000,2,0.0051,0.0146,978
enron270000,2,0.0041,0.0115,1302
enron4260000,2,0.0019,0.0038,284
enron3600000,2,0.0022,0.0051,312
enron6480000,2,0.0016,0.0036,204
enron6230000,2,0.0021,0.003,210
enron3550000,2,0.0022,0.0044,315
enron3340000,2,0.0017,0.0034,333
enron8370000,2,0.0008,0.0015,160
enron4100000,2,0.0013,0.0025,279
enron460000,2,0.0029,0.0085,1118
enron3120000,2,0.0016,0.0032,355
enron4840000,2,0.0018,0.0043,256
enron2630000,2,0.0026,0.0049,400
enron3980000,2,0.0021,0.0042,293
enron2010000,2,0.0031,0.0072,452
enron7300000,2,0.0011,0.002,173
enron8810000,2,0.0009,0.0016,158
enron4710000,2,0.0013,0.0022,262
enron3490000,2,0.0021,0.0042,316
enron5230000,2,0.0014,0.0033,239
enron4970000,2,0.0015,0.0027,253
enron8610000,2,0.0012,0.0024,161
enron6290000,2,0.0013,0.0032,202
enron8930000,2,0.0012,0.0025,154
enron8400000,2,0.0013,0.0028,169
enron5550000,2,0.0016,0.0035,221
enron3330000,2,0.0027,0.0053,341
enron8630000,2,0.0011,0.0018,170
enron5710000,2,0.0012,0.0022,226
enron2910000,2,0.0025,0.0058,379
enron4590000,2,0.0018,0.0039,254
enron1950000,2,0.0029,0.006,480
enron390000,2,0.004,0.0141,1153
enron990000,2,0.003,0.009,763
enron2250000,2,0.0024,0.0053,434
enron7770000,2,0.001,0.0019,176
enron9560000,2,0.0008,0.0014,146
enron9030000,2,0.0007,0.0014,150
enron6590000,2,0.0013,0.0027,203
enron110000,2,0.0083,0.0381,1507
enron3470000,2,0.0017,0.0034,322
enron3090000,2,0.0015,0.0029,342
enron9650000,2,0.0011,0.0015,145
enron4540000,2,0.0012,0.0023,265
enron140000,2,0.007,0.0176,1403
enron2830000,2,0.0026,0.0054,373
enron6300000,2,0.0012,0.0021,193
enron9550000,2,0.0011,0.0025,145
enron2130000,2,0.0018,0.0039,453
enron8880000,2,0.0008,0.0013,160
enron7810000,2,0.0009,0.0015,178
enron5810000,2,0.0012,0.0023,220
enron8650000,2,0.0013,0.0024,156
enron7620000,2,0.0013,0.0029,166
enron3040000,2,0.0028,0.0059,358
enron2980000,2,0.003,0.0056,369
enron7000000,2,0.0016,0.003,184
enron4750000,2,0.0015,0.0042,258
enron5380000,2,0.0018,0.0041,233
enron8130000,2,0.001,0.0017,162
enron7340000,2,0.0012,0.0025,176
enron4650000,2,0.0013,0.0025,256
enron7290000,2,0.0014,0.0025,173
enron560000,2,0.0047,0.0152,1011
enron3380000,2,0.0023,0.0045,328
enron9690000,2,0.001,0.0016,156
enron8670000,2,0.0009,0.0015,158
enron7900000,2,0.0009,0.0014,176
enron8340000,2,0.0008,0.0014,163
enron6390000,2,0.0009,0.0016,201
enron6320000,2,0.0009,0.0016,194
enron6400000,2,0.0013,0.0022,196
enron3880000,2,0.0016,0.0033,294
enron6940000,2,0.0013,0.0019,188
enron2080000,2,0.0024,0.0073,463
enron100000,2,0.0053,0.0165,1557
enron2040000,2,0.0033,0.0062,474
enron8010000,2,0.0011,0.0017,172
enron1760000,2,0.0028,0.0074,509
enron480000,2,0.0041,0.0151,1087
enron640000,2,0.0036,0.01,949
enron9010000,2,0.0009,0.0018,147
enron1240000,2,0.0029,0.0088,654
enron6560000,2,0.0014,0.0025,200
enron9600000,2,0.0012,0.0023,154
enron4040000,2,0.0023,0.0043,291
enron9710000,2,0.001,0.0015,151
enron4460000,2,0.0018,0.0037,263
enron1740000,2,0.0025,0.0055,522
enron3920000,2,0.0014,0.0026,297
enron5750000,2,0.0012,0.0022,232
enron1870000,2,0.0031,0.0065,500
enron6920000,2,0.0012,0.0025,187
enron2450000,2,0.0028,0.0049,401
enron1840000,2,0.003,0.0059,495
enron8730000,2,0.001,0.0017,162
enron7240000,2,0.0015,0.0028,177
enron5590000,2,0.0012,0.0023,224
enron4910000,2,0.0012,0.0021,240
enron3450000,2,0.0014,0.0027,322
enron2780000,2,0.002,0.0032,371
enron8820000,2,0.001,0.002,168
enron7380000,2,0.001,0.0019,175
enron5530000,2,0.0016,0.0026,219
enron6250000,2,0.0015,0.0028,200
enron2360000,2,0.0031,0.0061,434
enron7080000,2,0.0014,0.0029,190
enron4820000,2,0.0013,0.0024,251
enron5700000,2,0.001,0.0019,228
enron1940000,2,0.0018,0.0038,472
enron7480000,2,0.0007,0.0013,176
enron6340000,2,0.001,0.0017,195
enron4300000,2,0.0012,0.0024,270
enron630000,2,0.0053,0.0344,964
enron8190000,2,0.001,0.002,163
enron4990000,2,0.002,0.0039,249
enron120000,2,0.0055,0.012,1468
enron6130000,2,0.0011,0.002,209
enron8580000,2,0.0013,0.0024,165
enron3860000,2,0.0018,0.0049,304
enron360000,2,0.006,0.0182,1206
enron6530000,2,0.0014,0.0026,208
enron6770000,2,0.0011,0.0027,183
enron3410000,2,0.0023,0.0052,319
enron8360000,2,0.0011,0.0018,160
enron1660000,2,0.0027,0.0084,543
enron4800000,2,0.0019,0.0043,259
enron2470000,2,0.0021,0.0044,400
enron2160000,2,0.0036,0.0094,445
enron1780000,2,0.0033,0.0072,513
enron6000000,2,0.0013,0.0023,221
enron3540000,2,0.002,0.005,315
enron9370000,2,0.0009,0.0015,152
enron6840000,2,0.0014,0.0027,193
enron7580000,2,0.0009,0.0017,169
enron9610000,2,0.0012,0.0026,152
enron2680000,2,0.0019,0.0041,386
enron9590000,2,0.0008,0.0014,150
enron3690000,2,0.0016,0.0031,298
enron870000,2,0.0029,0.0083,821
enron4880000,2,0.0013,0.0023,243
enron890000,2,0.004,0.0116,786
enron2890000,2,0.002,0.0058,363
enron1540000,2,0.0026,0.0068,557
enron5270000,2,0.0017,0.0034,237
enron6350000,2,0.0011,0.002,204
enron1680000,2,0.0019,0.0044,519
enron9980000,2,0.0007,0.0012,140
enron4530000,2,0.0011,0.0021,265
enron9380000,2,0.0009,0.0017,147
enron6620000,2,0.0015,0.0031,206
enron3310000,2,0.0022,0.0051,332
enron8700000,2,0.0012,0.002,155
enron5540000,2,0.0013,0.0025,223
enron5500000,2,0.0016,0.0038,219
enron60000,2,0.0046,0.0134,1646
enron1140000,2,0.0031,0.0056,692
enron8380000,2,0.0009,0.0015,161
enron1330000,2,0.0041,0.0093,655
enron1960000,2,0.0031,0.0059,474
enron380000,2,0.0034,0.0099,1196
enron2480000,2,0.0017,0.0034,405
enron8030000,2,0.0008,0.0014,173
enron2500000,2,0.0019,0.0033,403
enron9940000,2,0.0009,0.0018,151
enron4360000,2,0.0017,0.0034,272
enron4180000,2,0.002,0.0039,290
enron4370000,2,0.0021,0.0057,265
enron1120000,2,0.0036,0.0074,678
enron1810000,2,0.0022,0.0049,521
enron6570000,2,0.001,0.0018,197
enron90000,2,0.0087,0.0251,1668
enron6650000,2,0.0013,0.0022,199
enron2300000,2,0.0026,0.0045,428
enron3100000,2,0.0018,0.0037,352
enron540000,2,0.0048,0.0106,1052
enron6330000,2,0.0016,0.0029,186
enron8590000,2,0.001,0.0016,162
enron790000,2,0.0049,0.0122,848
enron9770000,2,0.0009,0.0014,151
enron70000,2,0.0066,0.0165,1705
enron2380000,2,0.0024,0.0052,421
enron8940000,2,0.0011,0.0021,157
enron8950000,2,0.0009,0.0015,155
enron9050000,2,0.0011,0.0021,148
enron6160000,2,0.0015,0.0035,213
enron5000000,2,0.0013,0.0025,251
enron4430000,2,0.0018,0.003,280
enron7820000,2,0.001,0.0019,181
enron5920000,2,0.0012,0.0021,219
enron7150000,2,0.0011,0.0019,191
enron10000,2,0.01,0.0229,1370
enron4790000,2,0.0022,0.0046,268
enron7570000,2,0.0014,0.0027,175
enron2280000,2,0.0031,0.0063,449
enron7740000,2,0.001,0.0018,168
enron9330000,2,0.001,0.0016,154
enron4340000,2,0.0019,0.0036,266
enron4050000,2,0.0016,0.003,287
enron8230000,2,0.001,0.0017,160
enron6370000,2,0.0014,0.0031,192
enron1990000,2,0.003,0.007,476
enron4520000,2,0.002,0.0043,262
enron3760000,2,0.0022,0.0047,298
enron7550000,2,0.0011,0.002,176
enron7830000,2,0.0012,0.0019,181
enron5420000,2,0.0018,0.0037,228
enron8390000,2,0.0011,0.0019,168
enron5450000,2,0.0014,0.0025,220
enron2540000,2,0.0026,0.0051,407
enron7160000,2,0.0012,0.0021,193
enron1510000,2,0.0033,0.0095,579
enron6450000,2,0.0016,0.003,206
enron8080000,2,0.0014,0.0027,171
enron5630000,2,0.0018,0.0034,216
enron5660000,2,0.0017,0.0026,226
enron8420000,2,0.0011,0.0019,160
enron1590000,2,0.0028,0.0066,558
enron6380000,2,0.0016,0.003,198
enron5570000,2,0.0014,0.0026,223
enron2670000,2,0.003,0.0061,380
enron4900000,2,0.0019,0.0038,245
enron4080000,2,0.0021,0.0048,282
enron230000,2,0.0087,0.0219,1355
enron3050000,2,0.0024,0.0056,362
enron5250000,2,0.0021,0.0049,236
enron1850000,2,0.0028,0.0076,519
enron9040000,2,0.0012,0.0023,148
enron6030000,2,0.0014,0.0026,217
enron8110000,2,0.0014,0.0032,163
enron5890000,2,0.0017,0.0038,213
enron2100000,2,0.0036,0.0075,448
enron9820000,2,0.0014,0.0023,156
enron2560000,2,0.0043,0.0059,403
enron9660000,2,0.0014,0.0032,145
enron3250000,2,0.0039,0.008,346
enron3950000,2,0.002,0.0038,288
enron2180000,2,0.0028,0.0079,454
enron9880000,2,0.0012,0.0026,150
enron3420000,2,0.0022,0.0042,314
enron6740000,2,0.0019,0.0038,183
enron5950000,2,0.0016,0.003,215
enron5860000,2,0.0016,0.0032,215
enron6600000,2,0.0021,0.0041,201
enron950000,2,0.0083,0.0181,774
enron6490000,2,0.0027,0.0063,198
enron1030000,2,0.0071,0.0149,761
enron2440000,2,0.0054,0.0116,428
enron510000,2,0.0096,0.028,1051
enron2870000,2,0.0025,0.0049,370
enron960000,2,0.0042,0.0106,758
enron7790000,2,0.0014,0.0024,173
enron1320000,2,0.0047,0.0118,618
enron7800000,2,0.002,0.0041,178
enron2620000,2,0.0029,0.0081,405
enron7100000,2,0.0028,0.0048,190
enron3800000,2,0.0023,0.0041,303
enron3930000,2,0.0022,0.0041,292
enron5350000,2,0.0025,0.0043,236
enron9620000,2,0.0017,0.004,145
enron3070000,2,0.0032,0.0047,351
enron4930000,2,0.0021,0.0042,241
enron2990000,2,0.0028,0.0062,360
enron9290000,2,0.0011,0.0026,153
enron2660000,2,0.0025,0.005,400
enron7700000,2,0.0013,0.0031,176
enron5150000,2,0.0018,0.004,240
enron6810000,2,0.0014,0.0025,185
enron2960000,2,0.0031,0.0057,361
enron20000,2,0.0081,0.0217,1289
enron1820000,2,0.0039,0.0082,503
enron3280000,2,0.0027,0.0052,331
enron8520000,2,0.0012,0.0021,166
enron9750000,2,0.0014,0.0026,156
enron5020000,2,0.0021,0.0041,244
enron1100000,2,0.0035,0.0087,675
enron8040000,2,0.0016,0.0029,168
enron9730000,2,0.0012,0.0019,151
enron9200000,2,0.0014,0.0029,149
enron4560000,2,0.0022,0.0067,259
enron1570000,2,0.0036,0.0083,544
enron5340000,2,0.0017,0.003,232
enron6430000,2,0.0014,0.0024,200
enron1530000,2,0.0029,0.0074,560
enron3910000,2,0.0018,0.0053,286
enron8320000,2,0.0012,0.0026,160
enron5610000,2,0.0015,0.0028,219
enron5030000,2,0.0018,0.0042,246
enron8060000,2,0.0012,0.002,168
enron7500000,2,0.0015,0.0029,178
enron1010000,2,0.0036,0.0098,724
fileTruc,2,0.0001,0.0002,5
enron7050000,2,0.0019,0.0036,193
enron8530000,2,0.0013,0.0027,167
enron5970000,2,0.0019,0.0042,221
enron1230000,2,0.0036,0.0094,653
enron7880000,2,0.0016,0.0031,172
enron9920000,2,0.0012,0.002,153
enron4110000,2,0.0021,0.0037,280
enron7660000,2,0.0016,0.0035,176
enron2650000,2,0.0031,0.0073,378
enron5480000,2,0.0016,0.0051,224
enron5360000,2,0.0024,0.0048,237
enron370000,2,0.0067,0.0157,1163
enron7520000,2,0.0021,0.0027,175
enron2600000,2,0.003,0.005,402
enron920000,2,0.0051,0.013,779
enron9500000,2,0.0012,0.002,144
enron5910000,2,0.0015,0.0032,210
enron8020000,2,0.0015,0.0029,175
enron8050000,2,0.0012,0.002,175
enron1640000,2,0.0044,0.0071,529
enron1980000,2,0.0032,0.0092,483
enron3720000,2,0.0022,0.0065,308
enron7710000,2,0.0017,0.0031,172
enron4490000,2,0.0026,0.0048,268
enron530000,2,0.0063,0.0126,1056
enron9230000,2,0.0011,0.0019,151
enron7400000,2,0.0013,0.0024,180
enron4830000,2,0.0021,0.0044,252
enron6900000,2,0.0016,0.0033,181
enron5300000,2,0.0021,0.0041,244
enron1480000,2,0.0032,0.0084,583
enron430000,2,0.005,0.0182,1133
enron6180000,2,0.0019,0.004,207
enron3500000,2,0.0025,0.0049,320
enron2550000,2,0.0024,0.0049,405
enron1400000,2,0.0032,0.0073,611
enron9210000,2,0.001,0.0017,152
enron7310000,2,0.0016,0.0025,173
enron9440000,2,0.0013,0.0024,146
enron8480000,2,0.0013,0.0024,160
enron2810000,2,0.0024,0.0044,378
enron1050000,2,0.0045,0.0107,734
enron5800000,2,0.0015,0.0026,224
enron8570000,2,0.0012,0.0019,165
enron2590000,2,0.0023,0.0046,397
enron1060000,2,0.0042,0.0079,698
enron9580000,2,0.0012,0.0021,150
enron9280000,2,0.0019,0.0026,148
enron9630000,2,0.0012,0.0023,145
enron5370000,2,0.0019,0.0032,247
enron8840000,2,0.0013,0.0019,162
enron5010000,2,0.0016,0.003,250
enron3710000,2,0.002,0.0038,305
enron3810000,2,0.002,0.0046,292
enron5460000,2,0.0017,0.0035,217
enron1690000,2,0.0038,0.0087,538
enron9800000,2,0.0013,0.0019,156
enron3850000,2,0.0024,0.0057,291
enron9160000,2,0.0011,0.0018,151
enron3670000,2,0.0019,0.0038,301
enron1450000,2,0.0031,0.0071,590
enron3750000,2,0.0019,0.0036,312
enron2520000,2,0.0023,0.0046,418
enron6510000,2,0.0017,0.0035,208
enron80000,2,0.0098,0.0287,1649
enron930000,2,0.0037,0.0091,783
enron1610000,2,0.0029,0.007,547
enron5220000,2,0.0017,0.0044,234
enron2210000,2,0.0025,0.007,449
enron820000,2,0.0051,0.0117,822
enron840000,2,0.0041,0.0102,839
enron8150000,2,0.0012,0.002,169
enron1270000,2,0.0043,0.01,631
enron1390000,2,0.0055,0.0116,592
enron3970000,2,0.0035,0.0059,295
enron6220000,2,0.0015,0.0045,203
enron4170000,2,0.0022,0.0051,285
enron8070000,2,0.0013,0.0022,170
enron160000,2,0.0101,0.0246,1398
enron8990000,2,0.0014,0.0036,144
enron3210000,2,0.0026,0.0076,344
enron8410000,2,0.0017,0.003,164
enron570000,2,0.0109,0.017,1000
enron7650000,2,0.0027,0.0048,172
enron4210000,2,0.0031,0.007,277
enron5240000,2,0.0022,0.0052,237
enron1470000,2,0.0054,0.0118,574
enron2400000,2,0.0029,0.0068,424
enron1520000,2,0.0046,0.0103,564
enron1720000,2,0.0044,0.0099,531
enron6630000,2,0.0021,0.004,205
enron6820000,2,0.0015,0.0026,194
enron4440000,2,0.0038,0.0068,270
enron5980000,2,0.0018,0.0042,216
enron5790000,2,0.0017,0.003,218
enron5440000,2,0.0021,0.004,226
enron7090000,2,0.0018,0.0027,191
enron5100000,2,0.0016,0.003,229
enron1910000,2,0.0037,0.0083,493
enron8720000,2,0.0013,0.0022,164
enron4570000,2,0.002,0.0034,255
enron2800000,2,0.0033,0.0065,378
enron9340000,2,0.0016,0.0034,157
enron5290000,2,0.0026,0.0058,248
enron850000,2,0.0081,0.0204,801
enron4940000,2,0.0023,0.0048,257
enron8620000,2,0.0017,0.003,165
enron4320000,2,0.002,0.0039,271
enron9260000,2,0.0014,0.0037,148
enron9140000,2,0.0016,0.0028,142
enron9780000,2,0.0016,0.0028,151
enron5260000,2,0.0026,0.0048,236
enron8090000,2,0.0019,0.0034,161
enron8920000,2,0.0015,0.0028,156
enron1280000,2,0.0038,0.0087,649
enron1190000,2,0.0055,0.0123,672
enron6190000,2,0.0019,0.0043,207
enron2510000,2,0.0034,0.0071,425
enron6710000,2,0.0014,0.0031,186
enron3520000,2,0.0022,0.0058,310
enron7910000,2,0.0015,0.0028,181
enron2750000,2,0.0025,0.0049,378
enron4120000,2,0.0024,0.005,279
enron6080000,2,0.002,0.0043,203
enron7680000,2,0.0018,0.0033,170
enron30000,2,0.008,0.0187,1187
enron750000,2,0.0042,0.014,873
enron6860000,2,0.0017,0.0033,191
enron7360000,2,0.0013,0.0032,173
enron7350000,2,0.0014,0.0024,172
enron8660000,2,0.0019,0.0031,154
enron6730000,2,0.0013,0.0031,181
enron7640000,2,0.0015,0.0031,174
enron1350000,2,0.0034,0.0083,629
enron8000000,2,0.0017,0.003,172
enron470000,2,0.0064,0.0152,1110
enron4190000,2,0.0027,0.0054,276
enron9990000,2,0.0014,0.002,141
enron7840000,2,0.0019,0.0041,176
enron3560000,2,0.0037,0.0066,313
enron3620000,2,0.0027,0.0066,314
enron3740000,2,0.0025,0.0064,296
enron4920000,2,0.0017,0.0038,239
enron5060000,2,0.0016,0.0031,243
enron2530000,2,0.0026,0.0055,404
enron2110000,2,0.0035,0.0072,460
enron3660000,2,0.0027,0.0053,305
enron2410000,2,0.0032,0.0061,418
enron5850000,2,0.0019,0.0039,218
enron2970000,2,0.0023,0.0065,355
enron3580000,2,0.0021,0.004,319
enron980000,2,0.0037,0.0091,757
enron9470000,2,0.0014,0.0028,146
enron7760000,2,0.0015,0.0036,180
enron8460000,2,0.0013,0.0028,172
enron6500000,2,0.0014,0.0038,201
enron3890000,2,0.0019,0.0041,298
enron7920000,2,0.0014,0.0025,169
enron7210000,2,0.0012,0.0022,186
enron7460000,2,0.0011,0.002,175
enron1430000,2,0.0028,0.0064,589
enron6850000,2,0.0016,0.0027,192
enron1020000,2,0.0049,0.012,733
enron8310000,2,0.0013,0.0028,161
enron2720000,2,0.0028,0.0049,392
enron2370000,2,0.0028,0.0067,416
enron2580000,2,0.0025,0.0066,397
enron320000,2,0.0067,0.0166,1216
enron2270000,2,0.0033,0.0067,426
enron7690000,2,0.0016,0.0029,166
enron5070000,2,0.0017,0.0043,247
enron1210000,2,0.0066,0.0108,660
enron420000,2,0.0064,0.0141,1152
enron5200000,2,0.0021,0.004,236
enron780000,2,0.0052,0.0154,857
enron8910000,2,0.0012,0.002,153
enron40000,2,0.0067,0.0215,1182
enron1110000,2,0.0053,0.0112,698
enron3900000,2,0.0026,0.0051,299
enron2790000,2,0.0024,0.0067,377
enron5510000,2,0.0018,0.003,223
enron6830000,2,0.0014,0.0027,187
enron3370000,2,0.0021,0.0042,319
enron9270000,2,0.0014,0.0024,144
enron7890000,2,0.0016,0.0028,174
enron1170000,2,0.0039,0.0116,702
enron5080000,2,0.0017,0.0031,251
enron1770000,2,0.0036,0.0086,526
enron280000,2,0.0071,0.0192,1249
enron9130000,2,0.0017,0.0025,140
enron4230000,2,0.0019,0.0045,274
enron5940000,2,0.0015,0.0026,221
enron7540000,2,0.0012,0.0021,179
enron2120000,2,0.0025,0.0052,453
enron5580000,2,0.0018,0.0039,222
enron5990000,2,0.0017,0.0025,217
enron4270000,2,0.0016,0.0031,279
enron3640000,2,0.0024,0.0042,318
enron8500000,2,0.0014,0.0025,164
enron440000,2,0.0061,0.016,1140
enron2760000,2,0.0035,0.0061,365
enron7270000,2,0.0015,0.003,179
enron6610000,2,0.0014,0.0025,207
enron1830000,2,0.0033,0.0087,499
enron9930000,2,0.0017,0.0017,150
enron8250000,2,0.0012,0.0022,160
enron7610000,2,0.0019,0.0034,165
enron4760000,2,0.002,0.0039,258
enron3870000,2,0.0024,0.0046,302
enron9060000,2,0.001,0.0018,148
enron350000,2,0.0053,0.0136,1197
enron8870000,2,0.0013,0.0029,159
enron860000,2,0.0052,0.0127,811
enron8260000,2,0.0015,0.0029,166
enron4030000,2,0.0018,0.0037,291
enron6980000,2,0.0012,0.0023,184
enron8740000,2,0.0011,0.0019,155
enron130000,2,0.006,0.0226,1469
enron9680000,2,0.0016,0.0034,151
enron4610000,2,0.002,0.0042,242
enron8490000,2,0.0015,0.0028,158
enron710000,2,0.0053,0.0141,899
enron7730000,2,0.0012,0.0021,174
enron2190000,2,0.0029,0.0053,449
enron7120000,2,0.0017,0.003,190
enron9510000,2,0.0012,0.0024,146
enron5600000,2,0.0019,0.0037,219
enron7230000,2,0.0023,0.0047,188
enron250000,2,0.0054,0.0159,1342
enron500000,2,0.0066,0.0147,1065
enron6470000,2,0.0019,0.0041,206
enron3460000,2,0.002,0.0039,326
enron4010000,2,0.002,0.0062,294
enron6140000,2,0.0018,0.0039,210
enron4950000,2,0.0022,0.0044,255
enron3260000,2,0.0021,0.0042,340
enron8540000,2,0.0012,0.0019,167
enron2350000,2,0.003,0.0062,420
enron7250000,2,0.0014,0.0023,185
enron7200000,2,0.0014,0.0023,184
enron9400000,2,0.0012,0.002,142
enron3320000,2,0.0027,0.0055,335
enron9810000,2,0.0015,0.0028,156
enron5770000,2,0.0015,0.0042,226
enron170000,2,0.0074,0.0175,1401
enron2940000,2,0.0028,0.0058,377
enron9300000,2,0.0012,0.0019,153
enron5280000,2,0.0019,0.0037,243
enron1040000,2,0.0034,0.0086,718
enron1650000,2,0.0031,0.0077,539
enron4700000,2,0.0017,0.003,256
enron240000,2,0.0058,0.0197,1301
enron4480000,2,0.0022,0.0041,267
enron9360000,2,0.0011,0.0019,150
enron5900000,2,0.0015,0.0027,218
enron2740000,2,0.0021,0.0044,375
enron5330000,2,0.0018,0.006,239
enron1090000,2,0.0034,0.0119,708
enron7930000,2,0.0014,0.0029,164
enron8440000,2,0.0013,0.0021,162
enron8330000,2,0.0013,0.0023,158
enron6780000,2,0.0014,0.0024,183
enron4150000,2,0.0018,0.0035,273
enron9530000,2,0.0011,0.0018,144
enron9240000,2,0.001,0.0017,153
enron5130000,2,0.0015,0.0032,229
enron3200000,2,0.002,0.0041,340
enron8200000,2,0.0014,0.0026,166
enron2730000,2,0.0034,0.0057,382
enron8120000,2,0.0015,0.0027,173
enron6010000,2,0.0019,0.0037,212
enron4380000,2,0.002,0.0046,273
enron2240000,2,0.0023,0.005,424
enron150000,2,0.0074,0.0251,1449
enron9570000,2,0.0012,0.0024,154
enron5740000,2,0.002,0.0052,233
enron1250000,2,0.004,0.0082,632
enron9970000,2,0.0012,0.002,150
enron6210000,2,0.0017,0.0033,203
enron7190000,2,0.0015,0.0023,187
enron5470000,2,0.0015,0.0037,225
enron9250000,2,0.0014,0.0026,151
enron4810000,2,0.0021,0.0047,257
enron7110000,2,0.0018,0.0039,183
enron2230000,2,0.0036,0.0071,437
enron1970000,2,0.0042,0.009,490
enron9430000,2,0.0011,0.0019,146
enron6020000,2,0.0019,0.0038,215
enron7950000,2,0.0016,0.0029,162
enron4550000,2,0.0021,0.0034,267
enron1180000,2,0.0047,0.0108,662
enron9420000,2,0.0011,0.002,145
enron3170000,2,0.0028,0.0059,334
enron9120000,2,0.0013,0.0025,142
enron8450000,2,0.0012,0.0021,157
enron220000,2,0.006,0.0206,1321
enron9870000,2,0.0012,0.0025,150
enron5560000,2,0.0017,0.0029,222
enron3020000,2,0.0028,0.0052,344
enron670000,2,0.0074,0.0115,906
enron6660000,2,0.0014,0.0024,199
enron2200000,2,0.0026,0.0055,447
enron330000,2,0.005,0.0147,1214
enron3510000,2,0.0023,0.004,305
enron1080000,2,0.004,0.0097,704
enron3180000,2,0.0022,0.0045,333
enron4000000,2,0.0019,0.0036,294
enron1310000,2,0.0034,0.0078,644
enron7020000,2,0.0018,0.0032,188
enron2310000,2,0.0028,0.0054,421
enron490000,2,0.0062,0.0185,1084
enron9020000,2,0.0014,0.0024,158
enron2930000,2,0.0023,0.0044,366
enron3220000,2,0.0022,0.0042,349
enron9760000,2,0.0011,0.0018,153
enron6720000,2,0.0013,0.0024,181
enron9220000,2,0.0013,0.0023,150
enron5320000,2,0.0026,0.0057,247
enron9070000,2,0.0016,0.003,148
enron4860000,2,0.0021,0.0037,255
enron720000,2,0.0105,0.0176,902
enron4890000,2,0.0018,0.0037,247
enron8170000,2,0.0022,0.0039,161
enron7040000,2,0.0022,0.0039,195
enron6550000,2,0.0018,0.0039,202
enron5430000,2,0.0016,0.0034,224
enron3140000,2,0.0023,0.0047,347
enron3000000,2,0.0035,0.0056,354
enron7560000,2,0.0012,0.0021,170
enron9960000,2,0.0011,0.0018,151
enron9720000,2,0.0014,0.0026,150
enron2640000,2,0.0062,0.0113,380
enron6640000,2,0.0032,0.0062,204
enron2290000,2,0.0034,0.0078,439
enron8240000,2,0.0016,0.0034,160
enron1750000,2,0.0043,0.0086,517
enron1560000,2,0.0035,0.0077,561
enron3790000,2,0.0021,0.004,294
enron7490000,2,0.0013,0.0024,176
enron2050000,2,0.0028,0.0063,463
enron9910000,2,0.0012,0.002,150
enron2260000,2,0.0026,0.006,428
enron3060000,2,0.0023,0.0048,348
enron4640000,2,0.0017,0.0033,242
enron740000,2,0.0043,0.0109,874
enron4160000,2,0.0017,0.0033,269
enron6910000,2,0.0013,0.0027,190
enron4500000,2,0.0018,0.0036,264
enron5880000,2,0.0016,0.0041,214
enron9670000,2,0.0013,0.0027,154
enron4350000,2,0.0018,0.0033,275
enron9480000,2,0.0013,0.0033,145
enron9700000,2,0.0011,0.0024,154
enron2390000,2,0.0026,0.0062,414
enron6110000,2,0.0015,0.0026,213
enron4290000,2,0.003,0.0048,270
enron9900000,2,0.0012,0.0019,149
enron620000,2,0.0061,0.0119,970
enron9150000,2,0.0013,0.0021,142
enron5620000,2,0.0018,0.0029,219
enron6800000,2,0.0015,0.0034,186
enron300000,2,0.0061,0.0149,1288
enron2150000,2,0.0032,0.0082,444
enron8560000,2,0.0015,0.0031,166
enron760000,2,0.0055,0.0134,872
enron6960000,2,0.0014,0.0025,186
enron4250000,2,0.0024,0.0046,283
enron6100000,2,0.0015,0.0026,204
enron6200000,2,0.0015,0.0025,193
enron6090000,2,0.0015,0.0027,206
enron5960000,2,0.0015,0.0026,212
enron7070000,2,0.0015,0.0023,189
enron1710000,2,0.0028,0.0065,516
enron5310000,2,0.0021,0.0037,248
enron1500000,2,0.0033,0.0071,571
enron3190000,2,0.0021,0.0042,331
enron3940000,2,0.0018,0.0036,289
enron9890000,2,0.0012,0.0027,146
enron1200000,2,0.0035,0.0082,688
enron210000,2,0.0072,0.0219,1362
enron9090000,2,0.0014,0.0033,148
enron4060000,2,0.0023,0.0044,281
enron9350000,2,0.0011,0.0019,155
enron7180000,2,0.0018,0.0031,191
enron8280000,2,0.0014,0.0021,164
enron1800000,2,0.0028,0.0066,507
enron5040000,2,0.0016,0.003,235
enron800000,2,0.0049,0.0125,831
enron2060000,2,0.003,0.0075,469
enron6990000,2,0.0014,0.0024,187
enron1630000,2,0.0029,0.009,545
enron9460000,2,0.0013,0.0029,151
enron1150000,2,0.0045,0.0104,662
enron6040000,2,0.0016,0.0036,210
enron5120000,2,0.0015,0.0028,235
enron3440000,2,0.002,0.0048,321
enron4720000,2,0.0019,0.0044,259
enron7530000,2,0.0012,0.0021,180
enron3590000,2,0.0019,0.0037,312
enron3700000,2,0.0018,0.0034,298
enron7600000,2,0.0011,0.0019,166
enron4140000,2,0.0022,0.0048,277
enron8900000,2,0.0013,0.0031,154
enron8210000,2,0.0014,0.0027,164
enron1000000,2,0.0037,0.0096,747
enron8750000,2,0.0011,0.0018,156
enron5210000,2,0.0015,0.0028,232
enron7470000,2,0.0012,0.002,179
enron6310000,2,0.0013,0.0024,205
enron6670000,2,0.0013,0.0022,198
enron5520000,2,0.0014,0.0027,224
enron4310000,2,0.0028,0.0033,277
enron650000,2,0.0046,0.0151,933
enron2860000,2,0.0022,0.0047,363
enron2340000,2,0.0026,0.0051,422
enron7980000,2,0.0013,0.0022,176
enron3650000,2,0.002,0.0038,313
enron4660000,2,0.0017,0.0034,247
enron910000,2,0.0065,0.0127,804
enron4330000,2,0.0024,0.0046,268
enron700000,2,0.0044,0.0111,924
enron2420000,2,0.0024,0.0051,411
enron5640000,2,0.0015,0.0027,219
enron9170000,2,0.0011,0.0023,150
enron7960000,2,0.0014,0.0028,172
enron6420000,2,0.0017,0.0026,197
enron8640000,2,0.0013,0.0023,158
enron8100000,2,0.0014,0.0027,163
enron4670000,2,0.0018,0.0032,256
enron1920000,2,0.0028,0.006,490
enron8690000,2,0.0011,0.0018,154
enron6060000,2,0.0014,0.0025,209
enron8220000,2,0.0015,0.0027,163
enron6950000,2,0.0016,0.0032,185
enron9180000,2,0.001,0.0018,149
enron4280000,2,0.0018,0.0032,268
enron3030000,2,0.0021,0.0042,356
enron1300000,2,0.0032,0.0073,647
enron970000,2,0.004,0.0092,765
enron1620000,2,0.0042,0.0092,555
enron1730000,2,0.004,0.008,537
enron3770000,2,0.0021,0.0047,299
enron7870000,2,0.0015,0.0029,171
enron9390000,2,0.0013,0.0026,142
enron3610000,2,0.0022,0.0043,311
enron5410000,2,0.0022,0.0044,235
enron7970000,2,0.0018,0.0029,174
enron6750000,2,0.0016,0.0031,183
enron2770000,2,0.0029,0.0061,371
enron6790000,2,0.0015,0.0025,188
enron9840000,2,0.0014,0.0018,148
enron5670000,2,0.0015,0.0027,210
enron810000,2,0.0054,0.011,831
enron3240000,2,0.0022,0.0045,340
enron7030000,2,0.0014,0.0024,188
enron4620000,2,0.002,0.0041,241
enron1220000,2,0.0034,0.0121,658
enron1860000,2,0.0027,0.0067,479
enron6270000,2,0.0018,0.0035,194
enron2900000,2,0.0023,0.0045,377
enron9490000,2,0.001,0.0018,145
enron2850000,2,0.0026,0.0043,370
enron6280000,2,0.0014,0.003,209
enron3830000,2,0.002,0.0046,298
enron9110000,2,0.0013,0.0029,147
enron6070000,2,0.0015,0.0027,209
enron1420000,2,0.0033,0.0102,599
enron2610000,2,0.0025,0.0049,398
enron8510000,2,0.0012,0.002,166
enron9520000,2,0.0012,0.0021,144
enron7450000,2,0.0012,0.0021,182
enron4730000,2,0.002,0.0045,256
enron5390000,2,0.002,0.0038,238
enron3680000,2,0.002,0.0052,300
enron5140000,2,0.0016,0.0029,243
enron6540000,2,0.0015,0.0026,207
enron3730000,2,0.0018,0.0035,301
enron5730000,2,0.0015,0.0027,236
enron2700000,2,0.0029,0.0069,395
enron4390000,2,0.0024,0.0047,262
enron6580000,2,0.0018,0.0032,203
enron2000000,2,0.0027,0.0059,458
enron5820000,2,0.0016,0.0028,219
enron2140000,2,0.0029,0.0054,445
enron7280000,2,0.0013,0.0021,183
enron940000,2,0.0052,0.0115,779
enron7630000,2,0.0015,0.0027,175
enron400000,2,0.0064,0.0178,1164
enron660000,2,0.0044,0.013,926
enron5680000,2,0.0018,0.0033,216
enron340000,2,0.007,0.0203,1233
enron410000,2,0.0066,0.021,1154
enron3480000,2,0.0029,0.0053,317
enron1880000,2,0.0034,0.008,491
enron5840000,2,0.0018,0.0036,218
enron7420000,2,0.0015,0.003,172
enron8760000,2,0.0015,0.0027,160
enron2170000,2,0.0036,0.0079,442
enron4980000,2,0.0018,0.0042,256
enron6700000,2,0.0018,0.0043,199
enron4690000,2,0.0023,0.0045,254
enron1340000,2,0.0046,0.0103,616
enron1550000,2,0.0032,0.0084,553
enron290000,2,0.0069,0.0191,1251
enron5490000,2,0.0016,0.0048,221
enron7510000,2,0.0017,0.0031,174
enron4450000,2,0.002,0.0036,274
enron8850000,2,0.0015,0.0029,163
enron6150000,2,0.0016,0.0034,211
enron6050000,2,0.0019,0.0037,215
enron9450000,2,0.0015,0.0032,145
enron6440000,2,0.0019,0.0036,208
enron8270000,2,0.0015,0.0031,161
enron4600000,2,0.0021,0.0042,243
enron730000,2,0.005,0.0131,893
enron2690000,2,0.0033,0.0064,393
enron8160000,2,0.0018,0.0032,164
enron50000,2,0.0068,0.0259,1426
enron1380000,2,0.0033,0.0073,602
enron8300000,2,0.0011,0.0027,161
enron5780000,2,0.0018,0.0034,223
enron1580000,2,0.0029,0.0064,545
enron3820000,2,0.0026,0.0048,296
enron4960000,2,0.0022,0.0031,250
enron3360000,2,0.0019,0.0039,323
enron8980000,2,0.0011,0.0021,144
enron8960000,2,0.001,0.0018,154
enron2880000,2,0.0022,0.0059,355
enron7170000,2,0.0016,0.0029,195
enron3840000,2,0.002,0.0048,302
enron3160000,2,0.0026,0.0061,350
enron880000,2,0.0036,0.0093,817
enron2070000,2,0.004,0.0083,463
enron7260000,2,0.0016,0.0028,179
enron4850000,2,0.002,0.0034,247
enron7370000,2,0.0014,0.0027,175
enron4870000,2,0.0016,0.0031,246
enron6690000,2,0.0014,0.0027,202
