File,Gamma,TG_edges,Tnb_gmBBR19,G_edges,nb_gmBBR19
test0745,2,0.00613093,0.08504009,1332,771
test1002,2,0.01066804,0.11751962,1113,803
test1086,2,0.00260448,0.00712681,388,212
test1256,2,0.02007961,0.35191894,1907,1148
test0705,2,0.00521421,0.01176357,426,265
test1094,2,0.00663424,0.08226991,1118,657
test0390,2,0.00532603,0.04135227,819,434
test0016,2,0.0077908,0.13093948,1193,721
test1349,2,0.01623583,0.08640337,1094,758
test0306,2,0.00456548,0.02175355,512,345
test1159,2,0.00320482,0.00716138,310,172
test0835,2,0.00858426,0.19599986,1495,925
test1417,2,0.00757098,0.04784012,929,555
test1148,2,0.00336361,0.00957537,407,255
test0256,2,0.00319624,0.01145577,389,245
test1258,2,0.00652337,0.0313108,716,459
test0581,2,0.01820564,0.09510732,1061,703
test0100,2,0.00592184,0.03185415,678,419
test0102,2,0.00332975,0.00816941,363,215
test0800,2,0.00477004,0.04426765,650,434
test0320,2,0.00989461,0.21115732,1436,961
test1020,2,0.0076859,0.041049,572,386
test0231,2,0.00749493,0.02566481,571,291
test0062,2,0.00814915,0.08773851,1065,666
test1257,2,0.00952244,0.02804708,590,326
test0892,2,0.01017618,0.17316842,1471,953
test0910,2,0.00526571,0.05337667,806,579
test0570,2,0.00789356,0.07741117,903,581
test0398,2,0.0064435,0.03380704,756,442
test0028,2,0.00312591,0.00875187,375,245
test0350,2,0.00731182,0.01436853,436,260
test1327,2,0.00552154,0.01594949,398,266
test0594,2,0.00822711,0.01600218,469,251
test0533,2,0.01119399,0.11562181,1007,636
test0343,2,0.006073,0.0631237,938,554
test0807,2,0.01492548,0.25222325,1541,1085
test0895,2,0.00807977,0.02516031,638,381
test1026,2,0.00196552,0.00331283,240,136
test0022,2,0.00305772,0.01414895,366,259
test1265,2,0.00391531,0.01259279,344,233
test0050,2,0.02327371,0.43283772,2208,1495
test0198,2,0.00848699,0.04423213,862,529
test0383,2,0.01917934,0.36849856,2168,1444
test0658,2,0.02018738,0.13511133,1637,841
test1221,2,0.01283574,0.04008579,700,454
test0816,2,0.00301218,0.01827168,523,323
test0317,2,0.01091456,0.10234213,956,619
test1385,2,0.00916386,0.05866194,809,501
test0098,2,0.00636625,0.08228445,935,639
test0130,2,0.00969195,0.03844953,710,378
test0507,2,0.00236201,0.00390697,258,136
test1431,2,0.02375174,0.09319019,1050,697
test0870,2,0.01916027,0.03327632,652,402
test0604,2,0.01283932,0.19648576,1253,870
test1435,2,0.00709248,0.0321579,743,425
test1161,2,0.00313187,0.01809454,541,325
test1100,2,0.00448895,0.00941062,324,213
test0838,2,0.01167297,0.16537118,1523,928
test0683,2,0.00968313,0.05826783,914,619
test1262,2,0.01507473,0.23423219,1547,996
test0861,2,0.00505018,0.01809144,483,284
test0492,2,0.00315404,0.0063982,301,194
test0230,2,0.0065279,0.05594516,720,488
test0737,2,0.00906062,0.04635835,687,376
test1260,2,0.02055407,0.79862714,2610,1785
test0114,2,0.00508642,0.01357651,379,203
test0536,2,0.00484943,0.02173638,472,284
test0358,2,0.00697207,0.02301764,591,347
test1353,2,0.00898004,0.04476213,803,422
test0170,2,0.00829887,0.07649827,907,608
test1047,2,0.01440907,0.02075553,555,358
test0128,2,0.00371718,0.00820899,377,218
test0849,2,0.01229882,0.04838252,795,412
test0617,2,0.00655746,0.03238344,679,445
test0478,2,0.01520753,0.26422834,1492,1031
test1414,2,0.01246667,0.24239659,1815,1134
test1487,2,0.00703907,0.10399628,1163,813
test1317,2,0.01429296,0.46998811,1903,1204
test0448,2,0.00594068,0.0694077,955,643
test0107,2,0.00228953,0.00399518,265,150
test0193,2,0.01020384,0.10623646,1040,643
test0417,2,0.0200932,0.34103942,1851,1119
test1462,2,0.00297737,0.00605965,346,175
test1149,2,0.0070076,0.03415561,830,444
test1393,2,0.01216722,0.30300713,2058,1353
test0565,2,0.0083611,0.06034708,986,610
test1110,2,0.00991035,0.1712234,1548,1063
test0271,2,0.00305033,0.00671291,409,209
test1292,2,0.00702763,0.04552102,835,558
test0272,2,0.00657988,0.09219313,1183,787
test0117,2,0.00603819,0.02984285,738,445
test0650,2,0.00539756,0.02945995,707,433
test0781,2,0.00640082,0.06733966,1167,661
test1065,2,0.00399232,0.0146184,508,314
test1076,2,0.00636697,0.04105234,720,477
test0640,2,0.00904918,0.0794251,980,601
test0534,2,0.00469637,0.03516841,638,418
test0803,2,0.00242281,0.00450373,257,169
test0506,2,0.01064491,0.10010791,1116,715
test1071,2,0.01450706,0.18465066,1478,925
test1240,2,0.00613546,0.07895184,1005,678
test1001,2,0.02222705,0.41430569,2450,1552
test0555,2,0.00510502,0.0424118,811,536
test1270,2,0.00161362,0.00261092,222,131
test0508,2,0.00277042,0.01587391,550,330
test1441,2,0.01501346,0.0708642,956,694
test1139,2,0.01099014,0.21442151,1911,1173
test1318,2,0.00728631,0.04695892,899,568
test0063,2,0.00826168,0.12999368,1392,886
test0980,2,0.00617552,0.03149676,794,458
test1323,2,0.01435614,0.38624597,2311,1595
test1035,2,0.00404167,0.02603841,705,404
test0470,2,0.00606894,0.03337359,759,490
test0637,2,0.00353074,0.01084948,412,234
test1040,2,0.00483465,0.01749635,609,327
test0755,2,0.00494027,0.00620365,342,194
test1189,2,0.00422311,0.01689124,533,331
test0476,2,0.00498152,0.05924225,955,628
test1478,2,0.0039258,0.03310323,733,492
test0583,2,0.01038098,0.25427079,1939,1272
test1436,2,0.00559402,0.06477571,976,671
test0134,2,0.00610542,0.0320394,716,472
test0460,2,0.00341272,0.00869083,464,226
test1362,2,0.0058527,0.05615401,1028,609
test0729,2,0.00162125,0.00271869,237,130
test1133,2,0.00917149,0.17277884,1563,1078
test0563,2,0.00512385,0.06535506,893,656
test1339,2,0.0207088,0.13947821,1433,959
test0738,2,0.00285411,0.00644255,324,201
test0378,2,0.00231218,0.00594354,348,203
test1395,2,0.00349998,0.02293372,696,382
test1382,2,0.01306891,0.38159752,2244,1516
test0093,2,0.00730324,0.09208703,1286,767
test0991,2,0.00695062,0.10937667,1239,837
test1105,2,0.00293994,0.00960517,362,208
test0916,2,0.00653172,0.06050849,1096,599
test1314,2,0.00968909,0.25390172,1638,1146
test1246,2,0.02630734,0.01913071,313,177
test1434,2,0.00550914,0.02749848,554,381
test0163,2,0.00270295,0.01351619,479,286
test0125,2,0.00670218,0.11713982,1194,821
test1101,2,0.00389051,0.01500535,451,272
test1005,2,0.00325441,0.00808954,362,224
test0818,2,0.00417089,0.01688623,522,338
test0799,2,0.00696397,0.04862452,1034,568
test1394,2,0.00987554,0.0814085,850,592
test0877,2,0.00597382,0.03758717,783,522
test0784,2,0.0036912,0.01376891,517,327
test0059,2,0.00196457,0.00481939,303,191
test0898,2,0.0040226,0.06213045,807,547
test0833,2,0.01022625,0.01105499,318,173
test0834,2,0.01545334,0.31582403,1581,1020
test1250,2,0.01368999,0.22586465,1747,1088
test0258,2,0.00846624,0.0687325,1035,665
test0474,2,0.00648355,0.08501935,1189,795
test0299,2,0.00248218,0.00899792,380,270
test0406,2,0.00300312,0.01869893,599,387
test1298,2,0.00158238,0.00301266,247,155
test0922,2,0.00315881,0.0109179,473,301
test0626,2,0.0035615,0.01402736,449,316
test1015,2,0.00634003,0.02959681,757,466
test1388,2,0.01232576,0.0494771,726,473
test1301,2,0.00545979,0.01000118,332,224
test1168,2,0.01150107,0.28752661,2204,1489
test1198,2,0.00676489,0.08719921,1446,829
test0952,2,0.01289558,0.06062341,1107,692
test1424,2,0.01018691,0.1122117,1385,859
test1082,2,0.00288701,0.00754118,388,237
test0779,2,0.00227427,0.00586247,396,218
test1125,2,0.00284982,0.02438927,688,444
test1192,2,0.00645018,0.08693004,1223,830
test0557,2,0.01151514,0.25845504,2204,1441
test0086,2,0.00286889,0.00999784,432,287
test1135,2,0.00239229,0.0134933,573,322
test0554,2,0.00405717,0.01311946,622,307
test1460,2,0.00685096,0.0942595,1335,870
test0407,2,0.00675726,0.07133102,1439,734
test1126,2,0.0043366,0.06930041,977,699
test0073,2,0.00484228,0.01139641,395,236
test0351,2,0.00724745,0.05130076,927,611
test0375,2,0.00479984,0.02584505,497,324
test0748,2,0.01030803,0.2200532,1476,992
test1481,2,0.01250076,0.03547812,680,435
test0060,2,0.00780869,0.08439493,1171,685
test1083,2,0.01182318,0.21707559,1868,1150
test0396,2,0.004498,0.04788613,840,581
test1019,2,0.00357819,0.04198241,776,535
test1124,2,0.01263881,0.3746109,2448,1688
test1038,2,0.01102901,0.22606277,1885,1330
test0207,2,0.00422907,0.04072452,896,569
test1155,2,0.00274205,0.0080018,371,267
test0023,2,0.0066483,0.04893255,1015,616
test0986,2,0.00428486,0.01895308,685,373
test0029,2,0.00391793,0.03716397,800,551
test0887,2,0.00165677,0.00379109,284,175
test0395,2,0.00542665,0.02467799,797,441
test0285,2,0.00828314,0.16900301,1653,1158
test1443,2,0.01119995,0.21746731,1948,1314
test0500,2,0.00369954,0.01564717,496,361
test1018,2,0.00512838,0.02524519,789,439
test1354,2,0.00496888,0.07218862,1100,764
test1396,2,0.00355959,0.01257944,537,319
test0774,2,0.00593019,0.03444672,826,537
test0419,2,0.00228453,0.01128006,518,298
test1492,2,0.00504708,0.02752709,699,484
test0889,2,0.00382519,0.01378727,599,326
test0901,2,0.00385761,0.04015422,862,577
test1056,2,0.00247693,0.00707102,365,252
test0444,2,0.00845385,0.19436646,1850,1235
test1000,2,0.00187516,0.00380707,288,176
test0164,2,0.0077827,0.12947726,1585,999
test0544,2,0.0049417,0.06287074,1012,724
test1136,2,0.00496244,0.02661848,733,463
test0976,2,0.00265527,0.00801921,430,257
test0974,2,0.00709128,0.04490161,939,621
test0422,2,0.00559306,0.02859616,833,486
test1064,2,0.01854038,0.09506273,1542,833
test0447,2,0.00421524,0.0402,1006,553
test0342,2,0.00321722,0.00977254,477,282
test0731,2,0.00891137,0.19460654,1780,1240
test1477,2,0.00306106,0.02219582,666,417
test0030,2,0.01618648,0.41449165,2559,1812
test0845,2,0.0032239,0.0125649,445,287
test0187,2,0.00444436,0.01844764,690,379
test0619,2,0.00536251,0.03344607,800,527
test0053,2,0.00223184,0.00539136,322,207
test1333,2,0.00476718,0.0213623,588,408
test0621,2,0.00777721,0.13709807,1716,992
test1073,2,0.00366354,0.0244956,720,425
test0921,2,0.01293898,0.33309865,2372,1592
test0176,2,0.00612664,0.03444171,871,518
test1143,2,0.01840448,0.14616442,1577,1060
test0136,2,0.00582409,0.03726602,802,542
test0897,2,0.00454664,0.01708746,677,362
test0467,2,0.00390649,0.0178678,643,379
test1024,2,0.00175405,0.00312853,298,155
test0628,2,0.00360703,0.03285384,784,515
test0596,2,0.00704789,0.09891295,1393,877
test0657,2,0.00441861,0.01647902,619,357
test0509,2,0.00838041,0.1450119,1635,1065
test1208,2,0.00517702,0.07334661,1130,776
test0730,2,0.00281239,0.01747727,626,368
test1277,2,0.00549626,0.03473639,803,532
test0061,2,0.00448608,0.04225349,862,586
test0185,2,0.00320363,0.00885749,466,266
test0293,2,0.00393105,0.04300547,906,583
test0461,2,0.00526476,0.07295775,1100,771
test0248,2,0.00340223,0.01389241,531,339
test1488,2,0.00608492,0.0785656,1352,758
test1489,2,0.01263404,0.21464157,1859,1260
test0665,2,0.00550795,0.03492308,727,467
test1355,2,0.00498033,0.05863452,1097,677
test0966,2,0.00242448,0.00481081,321,182
test0796,2,0.01218367,0.31343174,2244,1569
test0573,2,0.00178099,0.00388432,276,173
test0566,2,0.00373268,0.03622127,908,514
test0575,2,0.00414443,0.03548098,919,516
test0825,2,0.0023849,0.00677443,361,239
test1006,2,0.00631595,0.03531861,856,544
test1430,2,0.00555658,0.02538347,788,447
test0510,2,0.00355124,0.02389479,797,436
test0131,2,0.00739264,0.12536716,1568,996
test1499,2,0.00496745,0.05170631,984,636
test0286,2,0.00818944,0.1748538,1663,1070
test1233,2,0.00260496,0.00728226,364,239
test1072,2,0.0087688,0.16370773,1604,1099
test0224,2,0.00393319,0.01375508,514,334
test0409,2,0.0059464,0.03805566,890,556
test0623,2,0.00730133,0.1540978,1592,1107
test1157,2,0.00371146,0.03326273,840,522
test0770,2,0.00283432,0.00916243,488,272
test0341,2,0.00529146,0.08684778,1192,833
test1426,2,0.00741935,0.18096185,1677,1198
test0899,2,0.00392437,0.01679826,566,374
test1271,2,0.00548649,0.02692151,818,453
test1238,2,0.00895762,0.14992809,1599,1050
test1234,2,0.00713229,0.02670622,648,380
test1112,2,0.00349736,0.01057625,437,228
test0374,2,0.0097146,0.10195279,1083,704
test0975,2,0.0041666,0.01741314,477,333
test1027,2,0.02352762,0.31583476,1540,947
test1448,2,0.02086329,0.09189439,919,543
test0532,2,0.01286054,0.25142694,1909,1179
test0535,2,0.01143909,0.25413322,2053,1245
test1085,2,0.01041889,0.06371737,965,653
test1075,2,0.00868225,0.19487834,1604,1126
test1330,2,0.00442719,0.04141498,865,561
test1152,2,0.00314379,0.01436138,445,316
test0630,2,0.00810385,0.2083838,1712,1071
test1461,2,0.00249219,0.0045023,292,178
test0933,2,0.01073122,0.33228827,1896,1286
test0165,2,0.00940728,0.16186571,1493,946
test1232,2,0.0098424,0.18804407,1502,1024
test1384,2,0.00300288,0.020926,598,382
test0389,2,0.00470257,0.03156996,715,455
test1432,2,0.00629449,0.09627962,1182,809
test1131,2,0.01076126,0.21904945,1835,1256
test1457,2,0.00650597,0.0317018,775,431
test1342,2,0.00481319,0.01413703,509,303
test1482,2,0.00949931,0.15434051,1625,975
test1197,2,0.00989628,0.18510294,1560,1077
test1485,2,0.00787568,0.04074907,943,536
test0960,2,0.00360441,0.01077127,479,288
test0852,2,0.00369573,0.02993131,765,495
test0831,2,0.00671482,0.0308857,799,492
test0962,2,0.0080471,0.13330889,1495,1039
test0252,2,0.00403428,0.01312065,555,303
test0614,2,0.00546217,0.01793385,717,339
test1151,2,0.01181841,0.08731699,1329,793
test0854,2,0.00487518,0.02313232,668,401
test0069,2,0.00487399,0.01924849,681,331
test0260,2,0.00751615,0.01786208,617,332
test1025,2,0.01035643,0.21691465,1967,1343
test0549,2,0.01186824,0.28668308,2196,1499
test1371,2,0.00525832,0.04854012,987,619
test0813,2,0.00677848,0.04413104,956,585
test0645,2,0.00329471,0.00854635,505,246
test0003,2,0.00617456,0.0385766,913,584
test1348,2,0.00323892,0.01350689,491,349
test0585,2,0.01076317,0.26264071,2166,1425
test0031,2,0.01380849,0.04529309,828,511
test0316,2,0.00819135,0.10957503,1194,861
test0735,2,0.01072407,0.0777986,905,499
test1473,2,0.01175809,0.04356432,692,468
test0042,2,0.02010846,0.09264207,914,556
test0274,2,0.0165832,0.30373001,1657,980
test0524,2,0.00462127,0.01964211,459,283
test0914,2,0.00804162,0.03196502,597,305
test0311,2,0.03033781,0.6155858,2065,1438
test1111,2,0.00826716,0.10876036,1229,785
test0263,2,0.00916934,0.13169694,1434,872
test0413,2,0.00270319,0.0066278,316,210
test0195,2,0.00545669,0.02690029,610,400
test1181,2,0.00954604,0.20047593,1753,1136
test0026,2,0.01053715,0.20836806,1946,1206
test0278,2,0.01019979,0.2089076,1889,1179
test0848,2,0.00674796,0.03694415,825,537
test0122,2,0.00569463,0.0377686,773,489
test0392,2,0.00389934,0.0120306,575,296
test0132,2,0.00411701,0.01719666,573,374
test0055,2,0.00386333,0.01163697,583,298
test0896,2,0.00740123,0.09459305,1123,788
test1187,2,0.00661516,0.03991413,843,519
test1433,2,0.00966549,0.18287182,1724,1105
test0750,2,0.0061605,0.05989361,1026,629
test0629,2,0.00553203,0.081949,1028,746
test0761,2,0.00734973,0.01135492,408,272
test1296,2,0.00327802,0.02153707,616,362
test0904,2,0.00975776,0.02696538,736,355
test1130,2,0.01203895,0.22956347,1871,1142
test0787,2,0.00400186,0.01309848,504,291
test1214,2,0.00779247,0.1323595,1337,898
test0822,2,0.00451279,0.04841828,835,568
test1062,2,0.00252819,0.00538874,320,189
test1313,2,0.02005053,0.58733773,1623,1094
test0211,2,0.02666187,0.35886288,1325,904
test0082,2,0.03311992,0.80504203,1921,1159
test0359,2,0.00819778,0.02770805,663,322
test0079,2,0.00692463,0.09100962,959,663
test1037,2,0.00530815,0.03922701,812,453
test1193,2,0.00493264,0.0190239,529,336
test0144,2,0.00536847,0.04464054,855,526
test0485,2,0.02079606,0.06206679,1013,645
test1340,2,0.01300263,0.33023882,2081,1460
test1483,2,0.00552106,0.02742553,668,436
test0878,2,0.0097158,0.18997049,1713,1085
test1404,2,0.01029325,0.16649151,1589,1040
test0250,2,0.00674868,0.03226995,773,467
test1428,2,0.00415516,0.0144155,489,315
test0223,2,0.00351262,0.0264008,684,418
test0032,2,0.01087379,0.21758509,1912,1175
test0773,2,0.00475502,0.05141377,959,592
test1440,2,0.0058012,0.07903075,1105,704
test0885,2,0.00459599,0.01816416,526,366
test0196,2,0.00326943,0.00962806,396,263
test0454,2,0.0127852,0.34358048,2187,1524
test1268,2,0.00363064,0.03030944,676,450
test0937,2,0.00328135,0.00936627,388,259
test0240,2,0.03013635,0.40046477,1994,1223
test1053,2,0.01389194,0.16837072,879,582
test0539,2,0.01947927,0.08277678,693,454
test1375,2,0.00567293,0.01378489,403,232
test0438,2,0.00673676,0.0525589,772,481
test0727,2,0.00967884,0.07218552,856,542
test0891,2,0.00876999,0.05240464,652,379
test0907,2,0.01557517,0.29846287,1508,932
test0672,2,0.01599097,0.32024217,1797,1223
test0463,2,0.0020926,0.00421333,240,149
test0056,2,0.00755954,0.11236072,1126,642
test0466,2,0.00570393,0.02093482,518,351
test1177,2,0.00526452,0.00577068,287,182
test1439,2,0.01026988,0.41110992,1115,767
test0208,2,0.00760102,0.01996636,331,215
test0503,2,0.03849149,0.74887466,2315,1620
test0560,2,0.00988507,0.22470832,1070,695
test0850,2,0.01479745,0.11202502,876,635
test0864,2,0.01513529,0.30419517,2013,1286
test1279,2,0.00931263,0.06174636,922,629
test1003,2,0.00428462,0.04291224,763,537
test0021,2,0.00377774,0.01672721,441,310
test1312,2,0.00725555,0.0548718,821,534
test0923,2,0.00912786,0.06212544,873,546
test1041,2,0.00547743,0.02146959,570,336
test0501,2,0.00510383,0.01356387,424,272
test0926,2,0.01031327,0.06200695,830,575
test1495,2,0.00847793,0.03179765,660,428
test1175,2,0.00618696,0.01882195,552,324
test0863,2,0.00868726,0.06024265,927,570
test0456,2,0.00443292,0.00870728,395,215
test0048,2,0.00475931,0.04780984,480,337
test0881,2,0.00640893,0.05058193,783,533
test0199,2,0.02271342,0.19993019,1651,1091
test1475,2,0.00999999,0.0679152,1042,687
test0579,2,0.00235271,0.00424886,304,161
test0830,2,0.01079822,0.41287017,1838,1183
test0036,2,0.00450063,0.01855755,473,335
test0105,2,0.00934982,0.1590817,1465,965
test0874,2,0.00902367,0.20524812,1587,1065
test0983,2,0.0164547,0.07516265,614,374
test1377,2,0.02709174,0.51650095,1489,1036
test0701,2,0.0057416,0.01731181,560,274
test1450,2,0.00697255,0.0462451,662,361
test1310,2,0.01143503,0.03540206,606,340
test0953,2,0.00632358,0.03005958,585,391
test0301,2,0.00333667,0.00613403,308,164
test0365,2,0.00821662,0.04165626,736,481
test0698,2,0.00327206,0.00904894,366,221
test0627,2,0.00337672,0.01107264,331,238
test1267,2,0.01114011,0.27822113,1704,1160
test0574,2,0.01247215,0.24280477,1892,1184
test0393,2,0.0024538,0.0054822,264,186
test0724,2,0.01166129,0.01902914,516,310
test0679,2,0.01683116,0.47424936,2519,1712
test1363,2,0.00489712,0.03874683,861,496
test0255,2,0.00798631,0.05288553,955,565
test1320,2,0.00713396,0.08992195,1161,757
test0902,2,0.00600171,0.09187222,1107,777
test1030,2,0.0028193,0.0067904,309,224
test1272,2,0.00510097,0.05375266,1023,586
test0979,2,0.00755,0.11201096,1358,832
test1289,2,0.02118683,0.12306857,736,484
test1373,2,0.01869726,0.19684076,1263,674
test1403,2,0.00355697,0.00837064,355,192
test1328,2,0.01023555,0.11400676,1043,712
test0408,2,0.00469947,0.0157752,510,291
test1222,2,0.01010299,0.07737064,1043,652
test1336,2,0.00567102,0.08191848,999,707
test1113,2,0.01446414,0.19518566,1512,883
test0664,2,0.00547314,0.05149102,895,545
test0631,2,0.00872636,0.04129839,576,400
test1266,2,0.00617146,0.00713587,293,188
test0584,2,0.00611591,0.07241321,1044,674
test0025,2,0.00431347,0.01512384,542,319
test0323,2,0.00634766,0.03094077,724,460
test0612,2,0.0050714,0.03109741,718,455
test1119,2,0.00494552,0.02070928,570,380
test1484,2,0.00410271,0.02632475,766,410
test0906,2,0.0061233,0.03064752,746,446
test0556,2,0.00647736,0.03403354,738,476
test1253,2,0.00458646,0.03956866,753,491
test0209,2,0.00511003,0.05962062,896,585
test0279,2,0.03151393,0.32294655,1618,1114
test1220,2,0.01006699,0.15279698,1486,938
test0610,2,0.0050931,0.02317572,598,385
test0568,2,0.01034975,0.19858313,1748,1027
test0469,2,0.0054853,0.06516838,891,652
test0106,2,0.00703716,0.08874774,1168,748
test0310,2,0.00504875,0.04241872,994,516
test1011,2,0.00457883,0.01817989,572,347
test0810,2,0.00891304,0.06577182,1015,669
test0720,2,0.00719476,0.04832625,869,558
test0759,2,0.04684448,0.61647654,2426,1668
test0656,2,0.01559019,0.68734574,2557,1722
test0155,2,0.01619673,0.08197451,1079,731
test0725,2,0.00434208,0.01569462,499,328
test1093,2,0.01260972,0.29135394,2044,1371
test0970,2,0.00916028,0.14858103,1651,963
test1249,2,0.01081133,0.22193003,1748,1218
test0893,2,0.00192237,0.00332952,258,144
test0019,2,0.01655746,0.44346666,2421,1658
test0688,2,0.00705409,0.01424789,546,288
test0792,2,0.00462127,0.0228169,565,408
test0113,2,0.00857449,0.06327653,979,651
test0331,2,0.00160861,0.00364447,227,141
test0119,2,0.00630498,0.10149074,1158,829
test0716,2,0.00549388,0.06706929,1001,671
test1109,2,0.005656,0.03203106,726,473
test1409,2,0.00365138,0.01173329,499,270
test1169,2,0.00699687,0.05231714,845,547
test0929,2,0.00684381,0.02536607,572,401
test0859,2,0.00477958,0.02335691,637,405
test1153,2,0.00426316,0.03472042,848,454
test0011,2,0.00477791,0.04897785,949,569
test0150,2,0.00569415,0.02879834,738,426
test0197,2,0.00425744,0.01074791,545,259
test0742,2,0.00444698,0.01824927,506,306
test0993,2,0.00686884,0.02874923,691,425
test0884,2,0.00579643,0.07020426,979,688
test0775,2,0.00589252,0.08751988,1114,696
test1372,2,0.00753117,0.0480938,882,579
test0442,2,0.01022744,0.19649792,1735,1100
test0496,2,0.00885367,0.1377697,1480,852
test1069,2,0.00370479,0.01434326,397,265
test1345,2,0.00665331,0.0333612,772,457
test0913,2,0.01419234,0.37882018,2237,1558
test0452,2,0.00446749,0.01936674,614,356
test0481,2,0.00882959,0.13723993,1510,941
test1276,2,0.00749922,0.04292941,898,537
test0183,2,0.00348639,0.00915885,434,240
test1166,2,0.00277972,0.00524354,321,179
test1398,2,0.00773644,0.05663753,978,611
test0707,2,0.01066637,0.21117353,1751,1145
test1299,2,0.00810337,0.04043198,843,517
test0998,2,0.00870013,0.14210701,1519,909
test1471,2,0.00737691,0.03683782,777,497
test0606,2,0.01504159,0.48486042,2519,1760
test0225,2,0.00400352,0.01055932,449,260
test0110,2,0.00292301,0.00769424,424,214
test1383,2,0.00473094,0.01447654,589,296
test0717,2,0.00333834,0.00955749,432,240
test0836,2,0.00680184,0.10204577,1296,809
test0171,2,0.00641322,0.02595377,764,414
test0890,2,0.00316286,0.00905657,358,260
test1346,2,0.00280094,0.00723767,349,227
test0112,2,0.00723624,0.12581182,1347,889
test0088,2,0.00887585,0.14104819,1455,954
test1084,2,0.00898647,0.08674002,1045,711
test0766,2,0.00275755,0.00669527,311,218
test1203,2,0.00552678,0.04977155,964,567
test0526,2,0.00149441,0.00239348,216,117
test0523,2,0.00628448,0.09099007,1172,758
test0790,2,0.00373101,0.01131129,483,276
test0089,2,0.00840092,0.07982469,1068,711
test0782,2,0.00516176,0.05957127,975,606
test0912,2,0.00739503,0.03937912,885,500
test0355,2,0.00316525,0.01902604,622,347
test1200,2,0.004668,0.04756498,875,506
test1321,2,0.00869155,0.17384744,1571,1076
test0399,2,0.00212908,0.00475883,275,181
test0327,2,0.00729513,0.12690544,1415,895
test0302,2,0.00913,0.20813179,1636,1168
test0955,2,0.00526643,0.06528807,926,673
test0558,2,0.00303602,0.00736094,388,224
test0352,2,0.00730991,0.1024375,1440,801
test1479,2,0.00457907,0.03474379,744,487
test0514,2,0.0102644,0.21220994,1882,1131
test0074,2,0.00449753,0.03628778,792,491
test1190,2,0.00570059,0.03059721,709,452
test1470,2,0.00707507,0.02166057,571,389
test0212,2,0.01245952,0.19310308,1796,1075
test0663,2,0.00235462,0.00540042,321,195
test0743,2,0.01053429,0.27645159,1877,1324
test0477,2,0.00493288,0.02241087,645,381
test1402,2,0.00583267,0.03352642,705,471
test0336,2,0.00805902,0.16904879,1481,1036
test0601,2,0.01064634,0.16900611,1784,1032
test0337,2,0.00777435,0.03605986,770,494
test0076,2,0.01943135,0.42574263,2379,1632
test1144,2,0.00197601,0.00300622,236,130
test1178,2,0.01097941,0.23520041,1891,1215
test0182,2,0.00655723,0.1096561,1202,832
test0651,2,0.00876856,0.1592567,1593,1003
test0857,2,0.00582385,0.02801394,689,424
test1055,2,0.00666451,0.070786,1004,692
test0217,2,0.0090909,0.07298398,1076,701
test1300,2,0.00457907,0.04921246,894,565
test0360,2,0.00293636,0.00815821,385,236
test1134,2,0.00294065,0.00829983,421,238
test1285,2,0.00255632,0.01580834,523,331
test0147,2,0.00355268,0.01225686,442,290
test0908,2,0.00484228,0.0446384,816,537
test0752,2,0.00371575,0.01845527,645,327
test1090,2,0.00751209,0.11542177,1474,819
test0903,2,0.01491308,0.17171693,1504,960
test1378,2,0.00585723,0.04096818,710,469
test1365,2,0.00389886,0.0120697,457,240
test1182,2,0.00801921,0.11499834,1329,799
test0733,2,0.0043788,0.01750612,529,318
test1066,2,0.01323247,0.30936646,1982,1124
test1427,2,0.0054028,0.02881622,656,362
test0420,2,0.00250888,0.01698232,474,289
test1290,2,0.0068047,0.08784533,1149,656
test0865,2,0.00464296,0.00847507,340,237
test1219,2,0.0148356,0.08409572,992,606
test0700,2,0.01560116,0.4210701,2349,1587
test1243,2,0.00460196,0.01870608,542,365
test0237,2,0.00280237,0.01025987,370,274
test1408,2,0.016783,0.09909725,1028,713
test0828,2,0.00686002,0.10974932,1156,776
test0357,2,0.01663017,0.28466225,1994,1210
test0676,2,0.00703263,0.03880692,839,512
test0746,2,0.01101279,0.25703716,2001,1240
test1458,2,0.00398731,0.02380323,709,390
test0097,2,0.00822592,0.16102862,1470,987
test0270,2,0.00574541,0.06996131,943,700
test0290,2,0.00727654,0.11507297,1255,861
test1048,2,0.00768185,0.13786459,1390,924
test0034,2,0.00526214,0.04689646,1037,532
test1380,2,0.00287533,0.0086329,347,250
test0686,2,0.00524592,0.06579399,921,654
test0347,2,0.0053792,0.02882075,736,385
test0644,2,0.00749421,0.04435992,885,541
test1170,2,0.0040772,0.01251364,519,280
test1496,2,0.00822377,0.05237436,975,599
test0160,2,0.00414491,0.04162359,808,530
test0361,2,0.00734377,0.10218954,1434,779
test0314,2,0.02577019,0.28233194,1990,1341
test0180,2,0.00351548,0.01129675,426,279
test1209,2,0.00896192,0.18104053,1675,1081
test0429,2,0.00702572,0.04126024,869,535
test1179,2,0.00577021,0.0844965,1086,721
test0856,2,0.01347852,0.36539006,2303,1508
test0559,2,0.01134372,0.27902293,2128,1315
test0111,2,0.00995922,0.16088414,1747,1014
test1081,2,0.00483894,0.04403067,962,522
test0931,2,0.00490117,0.04630423,934,544
test0726,2,0.00597382,0.03479552,763,488
test0414,2,0.00929189,0.14904022,1594,974
test1447,2,0.00481391,0.02246547,625,388
test1123,2,0.00757813,0.0524106,886,600
test0646,2,0.00598645,0.06572676,992,660
test0220,2,0.00601792,0.01557183,586,294
test0846,2,0.00443721,0.02143407,567,385
test1239,2,0.00444388,0.01694345,489,309
test0602,2,0.00748134,0.05416083,888,601
test1399,2,0.00478768,0.04642034,892,539
test0704,2,0.00235987,0.00534153,301,187
test0179,2,0.00264502,0.01038384,439,265
test0177,2,0.00236583,0.00497079,313,186
test0070,2,0.01433039,0.03011847,699,440
test0412,2,0.0086875,0.11604738,1529,828
test1291,2,0.00484562,0.04708695,984,548
test1389,2,0.00394058,0.01181912,505,271
test0744,2,0.00353742,0.03001666,640,424
test1459,2,0.00395036,0.01416969,515,320
test0708,2,0.00280571,0.00728965,328,208
test0468,2,0.00584054,0.05763769,1082,607
test1454,2,0.0023303,0.01213145,483,281
test0245,2,0.00448656,0.03769064,789,501
test0978,2,0.00482941,0.04856801,826,578
test0373,2,0.0066092,0.04206014,783,544
test0821,2,0.00491476,0.02002716,623,362
test0004,2,0.00243735,0.00484347,309,180
test0618,2,0.00284004,0.00702739,340,218
test1418,2,0.00426078,0.01447344,543,305
test0692,2,0.00646353,0.03949404,804,509
test0101,2,0.0023489,0.01014423,477,259
test0973,2,0.00649071,0.08140874,1214,722
test1120,2,0.00559545,0.06387401,1117,641
test0455,2,0.02526689,0.25251055,1917,1270
test0935,2,0.00814724,0.14072061,1357,934
test0634,2,0.00299144,0.00876117,398,242
test1397,2,0.00539494,0.02169394,724,362
test0174,2,0.00524282,0.02627945,684,417
test0071,2,0.00180054,0.0032711,241,152
test1195,2,0.00731373,0.09830832,1300,787
test0751,2,0.01179147,0.35435224,2103,1484
test0777,2,0.01718354,0.03309488,725,468
test1281,2,0.01173449,0.2832036,2010,1284
test0719,2,0.01559067,0.50589323,2577,1729
test0768,2,0.00280166,0.00591969,344,198
test0552,2,0.00259328,0.00665712,326,214
test0043,2,0.00414181,0.05116582,773,574
test0696,2,0.00709844,0.04122853,863,527
test1022,2,0.00968575,0.06987858,1059,683
test0298,2,0.00366426,0.00934482,443,247
test0371,2,0.0050211,0.0237999,655,401
test1114,2,0.00791574,0.087919,1399,713
test0370,2,0.00288367,0.0077827,326,236
test0092,2,0.00382829,0.01407504,454,315
test0588,2,0.00633454,0.03129721,759,450
test1307,2,0.00806284,0.05154729,937,599
test1180,2,0.00746703,0.12231183,1408,876
test0905,2,0.0045619,0.01520443,549,329
test1263,2,0.00522256,0.02430964,667,405
test0915,2,0.00973892,0.01490712,528,299
test0291,2,0.00607514,0.07872915,1081,718
test0142,2,0.00252056,0.00491238,323,177
test0685,2,0.0031743,0.00495744,261,175
test0622,2,0.00685406,0.1173501,1315,876
test0334,2,0.00699282,0.04128766,818,529
test1347,2,0.00786519,0.05420971,939,609
test1229,2,0.01240611,0.36823416,2309,1499
test0450,2,0.00268269,0.01165962,488,274
test0780,2,0.00911522,0.1813519,1679,1074
test0108,2,0.00177884,0.00310802,236,139
test0842,2,0.00722885,0.04719734,932,559
test0589,2,0.03037715,0.35520864,2326,1487
test0262,2,0.0028348,0.00777411,381,225
test0990,2,0.00542688,0.06306601,990,644
test1252,2,0.00677824,0.12014771,1262,874
test0951,2,0.02268124,0.14850307,1705,938
test0511,2,0.00850558,0.1121769,1547,841
test1244,2,0.00739503,0.12632465,1323,896
test0820,2,0.00947237,0.16718245,1690,1025
test0437,2,0.00361395,0.01316857,450,308
test1174,2,0.00432682,0.01757073,516,347
test1269,2,0.0078249,0.11959982,1393,877
test0972,2,0.00963545,0.16897702,1726,1060
test0613,2,0.00831294,0.12943435,1463,910
test0992,2,0.00339985,0.00949621,427,245
test1351,2,0.00512719,0.06547737,938,657
test0005,2,0.0083735,0.15550327,1456,1020
test0572,2,0.01316476,0.34032035,2187,1433
test0338,2,0.00424004,0.02818489,754,425
test0855,2,0.00836158,0.14071035,1468,964
test1156,2,0.00695014,0.09498978,1195,779
test0802,2,0.00913572,0.17422986,1630,1059
test1224,2,0.00471187,0.04251146,867,526
test1021,2,0.00565028,0.03541708,686,451
test0783,2,0.00525594,0.02420974,597,392
test0551,2,0.01208448,0.25463796,1770,1277
test0348,2,0.00880408,0.19401288,1629,1133
test0120,2,0.00326347,0.00942087,381,249
test0680,2,0.00491548,0.06634879,935,673
test0741,2,0.00196934,0.00460553,278,176
test0443,2,0.01034522,0.22853732,1810,1197
test1366,2,0.00339961,0.0107646,441,262
test1140,2,0.00427222,0.01654387,504,315
test0315,2,0.00547051,0.06878853,941,681
test0425,2,0.00874114,0.13671732,1508,938
test0354,2,0.00369692,0.01189208,456,275
test0446,2,0.00526071,0.04973149,1010,556
test0344,2,0.00897169,0.18825984,1604,1113
test0917,2,0.01000357,0.16196609,1649,980
test0013,2,0.00416493,0.01481199,518,314
test1413,2,0.01102901,0.25141048,1807,1246
test0691,2,0.00929523,0.02101898,628,333
test0697,2,0.00980735,0.23986578,1772,1241
test0017,2,0.00468111,0.01968145,586,366
test0789,2,0.00190735,0.00357604,282,151
test0161,2,0.00779366,0.13992572,1444,962
test0776,2,0.00599122,0.02444959,722,360
test0103,2,0.00794959,0.0594418,964,633
test0432,2,0.00529361,0.01356268,457,298
test0927,2,0.00607872,0.03538179,754,484
test0172,2,0.00710726,0.06130385,1103,617
test0173,2,0.00379705,0.02874947,672,438
test1306,2,0.00230503,0.00447941,296,174
test0372,2,0.00713754,0.12557578,1365,910
test1254,2,0.00519347,0.02060294,577,377
test0540,2,0.0023396,0.00538373,314,192
test0129,2,0.00698566,0.04522133,864,533
test0762,2,0.01295948,0.35507369,2194,1486
test0292,2,0.00770473,0.11097193,1255,824
test0888,2,0.00275612,0.00745988,388,221
test0553,2,0.00249743,0.0053122,319,194
test0312,2,0.00277948,0.00708652,386,218
test0611,2,0.00597477,0.02893186,737,438
test1057,2,0.0073123,0.04743552,891,566
test0154,2,0.00504875,0.0537653,818,610
test0242,2,0.00565052,0.01047349,399,266
test0632,2,0.0076015,0.14245653,1439,964
test0969,2,0.02318549,0.36544323,2371,1555
test0259,2,0.00610733,0.03582621,773,482
test0880,2,0.00459266,0.01888013,572,365
test0689,2,0.00930882,0.07683039,1085,713
test0239,2,0.00697327,0.10403442,1312,800
test0205,2,0.00293136,0.02192688,555,337
test0911,2,0.00889683,0.05347157,973,575
test0764,2,0.00465798,0.03481531,778,475
test1013,2,0.0056088,0.02662134,684,423
test1188,2,0.00517797,0.0252645,632,416
test0431,2,0.00398135,0.03389883,788,470
test0218,2,0.00347495,0.01062226,447,266
test0138,2,0.00966001,0.20422363,1847,1125
test0580,2,0.00255036,0.01064467,485,259
test0710,2,0.00316978,0.02168655,603,383
test0367,2,0.0045054,0.02089357,597,380
test1247,2,0.00858474,0.1793232,1556,1090
test0756,2,0.00244975,0.00539684,295,190
test1196,2,0.01002002,0.16441727,1755,981
test0872,2,0.00704908,0.04199839,840,548
test0168,2,0.00677013,0.11221409,1307,840
test1420,2,0.00189257,0.00292826,235,139
test0757,2,0.00334024,0.01301837,449,266
test0505,2,0.00346136,0.00895643,404,250
test0001,2,0.00484371,0.04816151,890,569
test0116,2,0.00602126,0.07651663,1030,717
test1059,2,0.0044117,0.05503488,831,594
test1364,2,0.00307846,0.00960898,392,259
test0499,2,0.00366092,0.01166773,493,275
test0669,2,0.00238705,0.00588417,303,206
test0722,2,0.00786901,0.04673171,885,566
test0703,2,0.00749063,0.1224072,1396,881
test0426,2,0.006675,0.03154111,777,448
test0522,2,0.0031302,0.00852299,432,231
test1034,2,0.00638556,0.08834076,1121,742
test1463,2,0.00810862,0.14964628,1382,997
test0564,2,0.00422907,0.03235698,804,445
test0472,2,0.00741434,0.11814332,1269,855
test0345,2,0.01106381,0.24707103,1872,1246
test0971,2,0.00212765,0.00442624,255,170
test1451,2,0.00644159,0.04138637,798,528
test0300,2,0.00670433,0.03722572,792,505
test0427,2,0.00885773,0.07518578,980,715
test1293,2,0.00535965,0.06878376,1021,644
test1392,2,0.00328445,0.00807118,357,236
test0797,2,0.00340438,0.01080394,447,274
test0763,2,0.00922489,0.19214272,1624,1109
test0571,2,0.00583768,0.02954483,689,433
test0221,2,0.00523853,0.07137609,1008,693
test0758,2,0.0059247,0.07258534,1180,686
test0620,2,0.00390506,0.01342678,523,298
test1046,2,0.00774717,0.13608718,1412,916
test0721,2,0.00485444,0.02077866,636,361
test0871,2,0.00532055,0.07086921,954,690
test0018,2,0.00377703,0.02132273,577,384
test1007,2,0.00803852,0.08736825,1401,745
test1236,2,0.00269914,0.00726891,346,225
test0806,2,0.00339675,0.01083398,421,277
test0267,2,0.01588202,0.49278378,2593,1774
test1023,2,0.00509763,0.01430464,499,301
test0219,2,0.00254226,0.00588799,319,203
test0397,2,0.00665808,0.0353055,817,490
test1008,2,0.00717902,0.10921788,1276,854
test0415,2,0.00884867,0.18776202,1585,1088
test0356,2,0.00316167,0.00904727,388,259
test1261,2,0.01182127,0.23026896,1994,1213
test0678,2,0.00655103,0.10263872,1213,819
test1121,2,0.00633621,0.03315639,784,461
test0077,2,0.00292611,0.00824332,414,232
test1031,2,0.005234,0.02059269,671,367
test1077,2,0.00475764,0.00596166,310,205
test0007,2,0.00432801,0.02157187,549,386
test0829,2,0.00311184,0.01133275,399,279
test1118,2,0.00410295,0.01206779,487,280
test0041,2,0.00478649,0.01458812,504,310
test0900,2,0.00436282,0.04901958,802,579
test0215,2,0.00599718,0.08091354,1151,718
test1012,2,0.00987172,0.18199492,1770,1065
test0866,2,0.00552845,0.05739021,1039,605
test1051,2,0.01088548,0.03917837,764,521
test0666,2,0.00355697,0.01178169,462,283
test1259,2,0.00478721,0.02344847,620,399
test0930,2,0.00382972,0.01030278,462,263
test0307,2,0.01116443,0.29105973,1997,1346
test0702,2,0.00449061,0.02108932,556,384
test0349,2,0.0055871,0.04923964,891,590
test0550,2,0.01324129,0.36276674,2248,1464
test0157,2,0.00422716,0.01386976,500,303
test0671,2,0.00323534,0.01012135,377,271
test0233,2,0.00316548,0.00909472,420,255
test0920,2,0.01327777,0.21502757,1766,1163
test0977,2,0.00461483,0.02266645,618,402
test1446,2,0.00486898,0.04004145,937,511
test0445,2,0.00568128,0.03025794,690,453
test0567,2,0.00632286,0.04188919,735,487
test0694,2,0.01422,0.06478286,971,658
test0760,2,0.00293612,0.00841284,367,226
test0484,2,0.00811219,0.0677557,1000,665
test1173,2,0.00431776,0.01606512,523,299
test1137,2,0.00213599,0.00521874,281,180
test1376,2,0.00917196,0.16320276,1664,1021
test0739,2,0.00326872,0.00909066,388,252
test0335,2,0.00309563,0.00841594,380,240
test0945,2,0.00440192,0.03786373,915,484
test0178,2,0.00250149,0.00603199,303,196
test1230,2,0.0126214,0.37146497,2280,1506
test0490,2,0.00806522,0.16679931,1552,1036
test0377,2,0.00377655,0.01164842,451,280
test1255,2,0.00451446,0.01587296,524,331
test0591,2,0.00407362,0.0370748,757,497
test1415,2,0.01039529,0.22424698,1717,1204
test0046,2,0.00948238,0.13324285,1564,884
test0928,2,0.0045445,0.01883292,537,362
test1010,2,0.00639462,0.08838153,1097,776
test0104,2,0.00957203,0.18772149,1805,1047
test0394,2,0.00450611,0.01969171,549,364
test0869,2,0.0092175,0.08268833,1174,736
test0712,2,0.00261021,0.00625157,343,204
test0541,2,0.00389767,0.03605008,769,474
test1092,2,0.0041101,0.01556325,494,320
test0228,2,0.00280333,0.00782084,347,231
test1337,2,0.00492501,0.04684234,1003,546
test0681,2,0.00771165,0.11334586,1461,846
test0175,2,0.01180005,0.24792099,1958,1225
test0080,2,0.00392723,0.01412606,439,319
test0593,2,0.00713348,0.04418349,827,539
test0488,2,0.00399184,0.0369637,776,498
test0318,2,0.00576544,0.02990365,675,452
test1374,2,0.00444674,0.01894879,620,351
test1091,2,0.00251579,0.00518417,328,164
test0369,2,0.00839734,0.13665986,1451,938
test0430,2,0.00806332,0.15730143,1435,982
test0747,2,0.004076,0.01122141,450,277
test0459,2,0.01318574,0.35223031,2223,1476
test0033,2,0.00867009,0.14673972,1541,996
test0313,2,0.00577903,0.05904555,896,604
test1061,2,0.00272918,0.00866842,349,245
test0873,2,0.00791931,0.1281352,1495,886
test0184,2,0.00932312,0.06669807,990,644
test0326,2,0.00885963,0.05396485,1007,604
test1352,2,0.00602865,0.03345919,715,486
test1287,2,0.00623846,0.03043342,778,454
test0458,2,0.00715208,0.09757924,1372,765
test0660,2,0.00694299,0.03870773,878,501
test0699,2,0.00445294,0.03537369,829,469
test0006,2,0.00633788,0.08911777,1162,766
test0767,2,0.0066731,0.0420773,820,530
test0282,2,0.00906253,0.06763053,1036,676
test0754,2,0.00866628,0.07018471,1010,669
test0362,2,0.01029778,0.22426271,1713,1168
test0934,2,0.00400591,0.01367712,522,291
test0876,2,0.01422834,0.3544457,2290,1479
test0599,2,0.00563145,0.02304101,613,398
test0562,2,0.00215387,0.00439262,302,168
test0234,2,0.00739455,0.04066658,809,516
test1422,2,0.00595474,0.0626018,965,640
test0785,2,0.00533748,0.02414846,659,403
test1237,2,0.00692153,0.10336542,1301,797
test1468,2,0.00687027,0.10053706,1263,809
test0981,2,0.00503898,0.02155495,674,369
test1107,2,0.00602961,0.06184125,1052,634
test0304,2,0.00513864,0.05234313,969,589
test0411,2,0.0032444,0.00838828,392,239
test0385,2,0.00925326,0.18808579,1677,1097
test0653,2,0.00202942,0.00433969,280,167
test0961,2,0.00528264,0.01967406,609,356
test0127,2,0.00856781,0.12546754,1496,878
test0718,2,0.00383615,0.03441381,725,472
test1115,2,0.00189233,0.00345302,254,151
test1302,2,0.00143814,0.00230479,212,119
test1044,2,0.00488949,0.02296901,604,395
test1379,2,0.00527287,0.0190928,698,337
test1387,2,0.00855231,0.15280986,1398,982
test1050,2,0.00863743,0.13883734,1578,933
test0502,2,0.00611043,0.03656435,730,506
test1036,2,0.00715375,0.13040686,1352,926
test0957,2,0.00345874,0.01147437,435,287
test0648,2,0.00654197,0.08822894,1108,751
test0495,2,0.02012157,0.32307839,2219,1429
test0932,2,0.00666928,0.07838225,1051,731
test1029,2,0.00290418,0.00675011,352,209
test0525,2,0.02540445,0.24820065,1951,1238
test0636,2,0.0138731,0.12946391,1371,924
test0400,2,0.00710416,0.09624243,1229,786
test0368,2,0.00285149,0.00739145,374,218
test1425,2,0.00361609,0.0083034,342,233
test0379,2,0.00306726,0.00715446,369,219
test0363,2,0.0024116,0.00542092,319,193
test0948,2,0.00547004,0.03118038,710,455
test0266,2,0.00672483,0.03492284,780,487
test0235,2,0.01428652,0.39317846,2311,1557
test1465,2,0.00685358,0.04104805,805,518
test0749,2,0.00492549,0.069803,968,687
test0875,2,0.00427961,0.0107131,408,270
test1162,2,0.01738143,0.03724551,839,484
test0227,2,0.00296307,0.00665927,355,215
test0084,2,0.00457954,0.01825881,592,353
test0153,2,0.0066793,0.04088283,781,528
test0295,2,0.00345755,0.00974417,437,253
test0440,2,0.00196505,0.00416565,272,170
test0545,2,0.00552797,0.05671358,942,622
test0837,2,0.00855827,0.06177926,961,652
test0139,2,0.00560594,0.02886105,677,446
test1167,2,0.00728774,0.04483223,857,535
test0095,2,0.00692987,0.06715536,1344,644
test0840,2,0.00297976,0.01690054,541,331
test1325,2,0.00687504,0.0417819,772,542
test0736,2,0.01159811,0.32416058,2142,1418
test0616,2,0.00363255,0.01194358,394,277
test0309,2,0.01402211,0.16296101,1534,1016
test0711,2,0.00198126,0.00451231,272,173
test0518,2,0.01108837,0.19869089,1785,1132
test0241,2,0.00996494,0.17160106,1763,1027
test0090,2,0.01465154,0.38092041,2350,1540
test0094,2,0.01839304,0.12940216,1335,904
test0808,2,0.00763559,0.09532523,1339,790
test0162,2,0.00787306,0.10808301,1300,852
test1106,2,0.00966835,0.04779482,918,571
test0015,2,0.00351691,0.02844596,652,429
test1350,2,0.00923681,0.19325757,1759,1087
test0936,2,0.00252891,0.00447655,326,172
test0590,2,0.00232553,0.00557709,315,189
test0264,2,0.00375557,0.0081234,398,236
test0436,2,0.00529432,0.02975988,653,453
test0020,2,0.00392914,0.03432965,788,480
test1282,2,0.00427485,0.01547861,483,339
test1096,2,0.00392723,0.03579593,714,485
test0959,2,0.00397205,0.01399088,481,320
test0145,2,0.00290012,0.01014304,371,253
test0995,2,0.00507927,0.02503157,625,411
test0099,2,0.00843978,0.14211988,1576,945
test1305,2,0.00684881,0.03930449,836,480
test0561,2,0.00500321,0.06831264,942,674
test0662,2,0.00425863,0.01775122,526,355
test0288,2,0.0073421,0.13004208,1347,927
test1211,2,0.00528741,0.02516103,658,403
test0037,2,0.00360227,0.00793219,436,232
test0137,2,0.00246358,0.00436091,332,166
test0213,2,0.00683117,0.04117441,804,533
test0273,2,0.00382853,0.01437998,492,315
test0586,2,0.00463867,0.02009249,555,370
test0504,2,0.01297879,0.34879065,2165,1439
test0625,2,0.00398183,0.01099515,476,270
test0297,2,0.00520229,0.05429626,903,589
test1104,2,0.00876951,0.13948226,1429,965
test0091,2,0.00439811,0.01434231,538,300
test0471,2,0.01251531,0.35125017,2137,1490
test0578,2,0.0031023,0.00887728,349,251
test1359,2,0.00485802,0.02101398,590,348
test1275,2,0.00672746,0.03333807,796,430
test1231,2,0.00279045,0.00674033,315,221
test0753,2,0.00444984,0.02197957,579,384
test0009,2,0.0045321,0.02005219,538,373
test0659,2,0.00317621,0.02030516,560,370
test1235,2,0.01043916,0.16431928,1802,986
test1421,2,0.0058217,0.09063101,1157,760
test0287,2,0.00710297,0.1216774,1301,910
test1097,2,0.00513005,0.0251956,611,402
test0600,2,0.00929093,0.17532182,1570,1052
test0925,2,0.00912642,0.16623425,1663,1023
test1322,2,0.01730466,0.53458571,2713,1835
test0968,2,0.00628018,0.02503896,816,404
test0812,2,0.00473309,0.01498938,628,294
test0958,2,0.00601983,0.03178501,726,466
test0332,2,0.01103139,0.21236467,1773,1126
test0051,2,0.01213264,0.30582643,2014,1394
test1329,2,0.00201535,0.00439763,271,168
test1028,2,0.00346923,0.01154757,448,282
test0381,2,0.00242901,0.00731206,339,222
test1213,2,0.008003,0.10668182,1235,833
test1498,2,0.00740027,0.08772874,1345,750
test1419,2,0.00302172,0.00738001,401,216
test1361,2,0.00386381,0.01655698,494,325
test1165,2,0.00709009,0.03538251,741,468
test0038,2,0.00908947,0.04423809,918,540
test1452,2,0.00844193,0.13162208,1620,915
test0987,2,0.01026011,0.2336874,1854,1214
test0251,2,0.00323248,0.00909352,385,250
test1160,2,0.01022053,0.17299557,1644,1051
test0734,2,0.00361991,0.00696039,313,205
test0677,2,0.00384355,0.0324235,710,461
test0832,2,0.00765634,0.14464426,1391,986
test0194,2,0.00463033,0.02047276,618,373
test0690,2,0.0100491,0.19574356,1724,1103
test1045,2,0.00363231,0.01320863,456,302
test1370,2,0.00867057,0.06870842,1041,683
test1386,2,0.00342607,0.01990533,609,371
test0200,2,0.00399542,0.01302242,478,303
test0673,2,0.0066669,0.03651166,881,480
test1147,2,0.00879741,0.15885711,1634,1012
test1476,2,0.00405121,0.0331645,774,463
test1164,2,0.02228642,0.13198185,1513,869
test0152,2,0.008775,0.07550764,1111,710
test0706,2,0.00517464,0.05162549,984,567
test0595,2,0.00603724,0.09176445,1148,777
test0480,2,0.00574231,0.02826619,709,440
test1088,2,0.00330687,0.0225234,578,384
test0542,2,0.00232458,0.00415325,258,173
test1199,2,0.01597643,0.52979255,2679,1794
test1356,2,0.00356364,0.00996017,467,255
test1453,2,0.00336933,0.01050329,391,271
test0823,2,0.01469517,0.41757607,2407,1605
test0159,2,0.00941181,0.03763127,783,511
test0418,2,0.00481701,0.06221414,945,656
test1494,2,0.01230168,0.25386786,2032,1304
test1294,2,0.00496864,0.00969505,342,235
test1311,2,0.00272775,0.01459742,546,307
test1225,2,0.01773977,0.57746291,2733,1890
test1486,2,0.00286317,0.00624037,308,209
test0772,2,0.0126462,0.29194355,2061,1365
test0809,2,0.01337957,0.31801581,2124,1384
test0254,2,0.00570297,0.0279355,701,447
test0325,2,0.00280356,0.00767589,368,231
test1474,2,0.00256896,0.0149312,526,317
test0386,2,0.01152325,0.28468895,2088,1329
test1491,2,0.00546217,0.05612993,1062,599
test0947,2,0.00641155,0.03656459,754,475
test1049,2,0.0106771,0.09209609,1198,776
test0087,2,0.00222969,0.00500393,297,183
test0066,2,0.00632429,0.10046458,1155,808
test0201,2,0.00742078,0.04467082,862,562
test0275,2,0.00808001,0.16217899,1517,1035
test0324,2,0.00781965,0.14497972,1482,932
test0498,2,0.00489092,0.02058625,579,384
test1127,2,0.0039866,0.03318644,740,473
test0894,2,0.00569463,0.0595448,1125,606
test0191,2,0.00512075,0.06484342,905,655
test0346,2,0.01135087,0.29030943,1951,1343
test0801,2,0.00543284,0.06377625,1045,650
test1132,2,0.00484824,0.01701307,549,347
test0943,2,0.01310921,0.31280375,2216,1410
test0740,2,0.00581932,0.03154206,720,412
test1410,2,0.00306988,0.02293158,618,390
test0999,2,0.00718284,0.08589172,1398,715
test1367,2,0.00375581,0.02411985,628,408
test0530,2,0.00303292,0.00943732,395,253
test0989,2,0.00940514,0.16024423,1734,999
test0226,2,0.00559616,0.02775049,654,439
test0633,2,0.00575781,0.07430959,976,687
test1278,2,0.0172503,0.10771775,1299,814
test0940,2,0.00753546,0.11279011,1357,864
test1455,2,0.01348948,0.05549836,926,606
test1437,2,0.01775169,0.03801918,727,463
test0638,2,0.01114583,0.2490232,2030,1283
test0075,2,0.00406814,0.01242495,507,286
test0965,2,0.00202346,0.00419998,253,176
test0387,2,0.00399113,0.01559949,506,326
test0229,2,0.00480223,0.02448654,633,391
test1303,2,0.00390029,0.01480007,494,323
test1014,2,0.00553536,0.02859211,681,450
test0489,2,0.00402689,0.03175712,701,467
test0083,2,0.00270605,0.00599384,344,194
test1400,2,0.00986433,0.2005012,1637,1121
test1341,2,0.0069313,0.03592682,843,478
test1245,2,0.00747085,0.11625791,1306,874
test1217,2,0.00689268,0.07953453,1206,671
test0081,2,0.01003122,0.25030184,1805,1246
test1369,2,0.0045054,0.01531148,554,313
test1438,2,0.0024364,0.00573945,312,203
test0769,2,0.00537658,0.06182814,1028,633
test0044,2,0.02374554,0.26543665,1953,1283
test1467,2,0.00470662,0.05667949,891,613
test1142,2,0.00700021,0.04238915,834,539
test1216,2,0.00706553,0.02530432,660,399
test1390,2,0.00304484,0.00925374,359,228
test1016,2,0.00541067,0.06572366,1061,656
test0592,2,0.00460982,0.01885176,548,369
test0047,2,0.00292301,0.00821614,360,239
test0181,2,0.00806856,0.0561204,956,604
test0115,2,0.00688696,0.01347375,477,293
test1017,2,0.00347877,0.0121212,479,289
test1060,2,0.00483632,0.02320194,633,383
test1358,2,0.00523973,0.02151632,605,389
test0010,2,0.00520635,0.05292988,906,589
test1304,2,0.00447106,0.01189494,509,279
test0064,2,0.02910161,0.34811711,2154,1469
test0603,2,0.00782919,0.18337727,1412,1010
test0667,2,0.00625348,0.03350759,725,477
test1405,2,0.00580454,0.06962442,1016,668
test0851,2,0.0053699,0.02528048,688,415
test0569,2,0.01046515,0.20509744,1836,1117
test0464,2,0.01080275,0.21185827,1861,1116
test0641,2,0.00839806,0.17660356,1473,1055
test0732,2,0.00991344,0.16208029,1512,996
test1223,2,0.00633454,0.08059239,1036,747
test0882,2,0.00963759,0.1769712,1674,1045
test0169,2,0.00596142,0.09360838,1111,795
test1103,2,0.0065062,0.05659199,1176,584
test1412,2,0.00782514,0.10911512,1524,785
test0949,2,0.01143909,0.20167017,1822,1120
test0238,2,0.00159979,0.00237393,216,116
test0203,2,0.0036552,0.01275277,446,300
test0423,2,0.00509667,0.02225018,617,390
test0012,2,0.00648999,0.04835463,890,539
test0045,2,0.01837134,0.12955713,1298,895
test1079,2,0.00545549,0.02668524,675,435
test0805,2,0.00395203,0.0117023,358,251
test1068,2,0.00296068,0.00844407,367,238
test0819,2,0.00438237,0.04286957,816,526
test0479,2,0.00340438,0.01018381,445,267
test0670,2,0.00323319,0.02411008,632,375
test0192,2,0.00224853,0.00472069,273,189
test0364,2,0.00696421,0.04268384,829,534
test0997,2,0.00591636,0.02646756,720,427
test1472,2,0.00453901,0.0434401,874,485
test1326,2,0.00407147,0.0144937,457,324
test1141,2,0.00619674,0.02779412,772,425
test0605,2,0.00596213,0.0792985,1012,737
test1128,2,0.01062489,0.19179821,1622,1108
test1334,2,0.00312257,0.01122427,416,289
test1357,2,0.00448084,0.01958418,555,367
test0257,2,0.0062778,0.1009407,1183,825
test0167,2,0.0066905,0.04027605,750,517
test0654,2,0.00629711,0.08356714,1184,752
test1464,2,0.00795078,0.10493731,1354,833
test1150,2,0.01195645,0.23556399,1951,1229
test1283,2,0.00509977,0.02081394,650,364
test1297,2,0.01333117,0.35864615,2212,1496
test0453,2,0.01074815,0.13774943,1436,956
test0547,2,0.00556922,0.02240992,743,368
test0109,2,0.00802636,0.16062403,1510,1020
test1117,2,0.00317907,0.00785828,346,236
test1343,2,0.00304699,0.00824738,360,247
test0294,2,0.00384569,0.00587368,281,166
test0283,2,0.02455449,0.20143366,1896,1115
test1202,2,0.00742316,0.04110193,796,545
test1274,2,0.0092535,0.22084522,1734,1215
test0713,2,0.00482273,0.01613212,609,320
test0214,2,0.00319672,0.02383661,641,400
test1171,2,0.00722098,0.11714983,1264,882
test0475,2,0.01268291,0.3223834,2059,1404
test0693,2,0.00802803,0.12489367,1427,903
test1429,2,0.00232267,0.00645208,332,208
test0728,2,0.00424385,0.03562355,772,494
test0985,2,0.00306082,0.01166534,402,276
test0244,2,0.00381994,0.01271558,459,281
test1043,2,0.00233245,0.00538921,335,188
test0243,2,0.00289297,0.00754881,393,222
test1095,2,0.00521994,0.0518806,816,513
test0786,2,0.00836086,0.12940502,1449,871
test0462,2,0.00760627,0.07007337,1258,648
test0054,2,0.00905848,0.16554809,1495,1042
test1381,2,0.00463247,0.01618552,567,327
test1338,2,0.00191522,0.00418568,266,169
test0924,2,0.00359082,0.01322865,457,286
test0668,2,0.00453615,0.01510859,528,314
test1207,2,0.01186752,0.26158381,1952,1291
test1469,2,0.00423312,0.02964568,751,430
test0674,2,0.00910854,0.07726693,1133,718
test0956,2,0.00739145,0.03870058,789,517
test0938,2,0.0036478,0.02426624,637,396
test1360,2,0.0068109,0.04528666,840,522
test0941,2,0.00286293,0.0063827,305,216
test0232,2,0.00265169,0.00582337,358,192
test0868,2,0.00349879,0.01251268,432,295
test1172,2,0.00385427,0.02930832,643,444
test1186,2,0.00357914,0.0311389,724,447
test1309,2,0.00946927,0.05540347,957,582
test0942,2,0.00873899,0.05502319,988,602
test0284,2,0.00442505,0.01196361,543,278
test0141,2,0.00416613,0.01328254,540,287
test1102,2,0.00457287,0.02107024,553,394
test0513,2,0.0067668,0.03850365,765,516
test1227,2,0.00628018,0.03762507,759,491
test0684,2,0.00181246,0.00364661,246,155
test1480,2,0.00627446,0.10181618,1195,827
test0493,2,0.00566983,0.02979708,701,448
test0189,2,0.00334215,0.02673078,614,419
test0824,2,0.00508213,0.02388906,623,407
test1406,2,0.00249076,0.00562167,306,187
test1332,2,0.0034616,0.01181817,431,294
test0791,2,0.00363612,0.03154755,728,463
test1201,2,0.00448251,0.04293203,857,526
test0642,2,0.00515866,0.02199936,563,394
test0950,2,0.00770068,0.13031888,1414,900
test0216,2,0.00462055,0.01879525,535,356
test1242,2,0.00479007,0.04388595,797,535
test0771,2,0.00512147,0.04899168,1036,542
test0723,2,0.00570917,0.08950567,1089,731
test0035,2,0.00198722,0.00412226,267,172
test1185,2,0.00386977,0.01477814,497,320
test0388,2,0.00241709,0.0051353,307,186
test1116,2,0.00793433,0.12924099,1541,893
test0236,2,0.00437355,0.04030561,838,482
test0963,2,0.0046463,0.04249716,794,529
test1042,2,0.00827909,0.15075016,1466,989
test0246,2,0.00332427,0.01715159,562,332
test0661,2,0.00473928,0.05418181,848,600
test0639,2,0.00342488,0.00776505,403,220
test0577,2,0.0040493,0.03882575,740,512
test1063,2,0.00354838,0.01263547,453,307
test0085,2,0.00469303,0.02062583,600,374
test1401,2,0.00792599,0.05659389,970,618
test0433,2,0.00272465,0.01688457,524,325
test1442,2,0.01029563,0.22714782,1799,1178
test0515,2,0.00483704,0.03757119,913,477
test0424,2,0.00506067,0.02135301,617,379
test0072,2,0.01073337,0.21423197,1741,1179
test1411,2,0.00743437,0.0972209,1355,788
test0531,2,0.00457454,0.02078414,558,390
test1445,2,0.01274395,0.34398651,2147,1471
test1391,2,0.00441813,0.02720857,716,417
test0853,2,0.00550675,0.02551627,710,412
test0068,2,0.01565957,0.48498893,2530,1730
test0520,2,0.00310659,0.00663519,335,220
test0804,2,0.01285458,0.2083509,1702,1130
test0815,2,0.01028514,0.2540133,1840,1283
test0166,2,0.00487685,0.03749704,692,481
test0058,2,0.00988317,0.22663164,1778,1214
test1228,2,0.02835965,0.29353499,2127,1359
test0967,2,0.00782847,0.1349144,1324,939
test0451,2,0.00289917,0.00668025,345,217
test0321,2,0.0075233,0.03708315,749,494
test0057,2,0.00326443,0.02417088,623,396
test1206,2,0.02558589,0.21670127,1905,1119
test1070,2,0.00521803,0.02081442,603,372
test0709,2,0.01082516,0.20329142,1924,1088
test0024,2,0.00927901,0.0895586,1129,763
test0839,2,0.00589752,0.02303624,703,394
test1204,2,0.00240946,0.01331854,518,294
test0598,2,0.00370455,0.01344514,453,279
test0206,2,0.00804257,0.10355902,1374,812
test1280,2,0.00636244,0.11078882,1218,851
test0655,2,0.00461984,0.01565218,637,314
test0403,2,0.00516891,0.02310896,617,405
test0281,2,0.00305605,0.01052141,382,256
test0156,2,0.00590038,0.09034038,1010,705
test1284,2,0.01260638,0.31858921,2064,1332
test0473,2,0.00686526,0.07521963,1131,643
test1449,2,0.00281572,0.00700045,327,209
test0121,2,0.00289631,0.00741649,395,217
test1344,2,0.00884581,0.07803988,1059,679
test1205,2,0.00358987,0.00887465,441,227
test0494,2,0.00909686,0.17262959,1466,1026
test0188,2,0.01371145,0.43378353,2186,1529
test0126,2,0.00755382,0.1370852,1349,955
test0340,2,0.00498486,0.01929116,583,353
test1122,2,0.02063251,0.26431084,2077,1289
test1163,2,0.00679326,0.08137155,949,634
test1080,2,0.00303292,0.00610018,292,191
test0624,2,0.00369501,0.01093102,363,242
test1493,2,0.01786304,0.22128057,1597,1094
test0793,2,0.00275397,0.01226068,468,276
test0615,2,0.01663589,0.47681451,1689,1178
test1194,2,0.00704598,0.01706648,467,278
test1210,2,0.00737453,0.03927779,666,436
test1154,2,0.01194477,0.21382475,1584,1060
test0039,2,0.01297569,0.08229542,904,599
test0401,2,0.00354838,0.02276087,562,355
test0608,2,0.00843573,0.05891609,934,570
test1286,2,0.00342298,0.00671649,299,187
test1074,2,0.0093832,0.06472731,952,600
test0133,2,0.01423264,0.04905057,659,391
test0380,2,0.00885272,0.08528495,986,630
test0410,2,0.01878142,0.07869697,874,584
test0416,2,0.00687623,0.06279564,1048,556
test0695,2,0.00893354,0.1600368,1454,786
test0249,2,0.03050303,0.27501082,1444,1039
test0376,2,0.01165533,0.03017902,607,280
test0788,2,0.00682235,0.0325458,538,298
test1331,2,0.02487111,0.27672338,1580,1091
test0954,2,0.00801706,0.03653479,708,434
test0428,2,0.01626611,0.22165179,1755,1102
test0014,2,0.00544357,0.02523732,619,401
test0817,2,0.01303291,0.31917715,2070,1375
test1288,2,0.01198125,0.3770504,2217,1422
test0253,2,0.01152229,0.04096508,589,327
test1158,2,0.02052879,0.19435358,1158,654
test0491,2,0.00983095,0.15111613,1073,715
test0190,2,0.01076794,0.0364809,654,382
test1039,2,0.01857948,0.33846545,1874,1202
test0521,2,0.01090598,0.24594355,1725,1185
test0714,2,0.00550985,0.06661391,996,621
test0939,2,0.00713921,0.09346986,1217,773
test0607,2,0.00589585,0.02799654,658,441
test0268,2,0.00765419,0.04581952,929,552
test0682,2,0.00220919,0.01016212,442,251
test0434,2,0.00224495,0.00559735,307,199
test0308,2,0.00707746,0.115242,1392,870
test1407,2,0.00684094,0.04271603,901,536
test0148,2,0.00634551,0.10073543,1208,805
test1218,2,0.00404525,0.01449275,516,316
test0151,2,0.00924063,0.19610381,1611,1112
test0497,2,0.00334549,0.0099647,383,270
test0543,2,0.00623727,0.03701544,864,498
test0487,2,0.00853944,0.1505146,1459,971
test1004,2,0.00544524,0.06470799,977,645
test0210,2,0.00394344,0.03111696,774,454
test0847,2,0.00435877,0.01434135,516,318
test0277,2,0.01679039,0.11855078,1322,877
test0269,2,0.00188231,0.00422764,284,161
test1099,2,0.00726247,0.11659312,1390,879
test0149,2,0.00474072,0.01845551,585,358
test1273,2,0.00432754,0.01526952,552,322
test0635,2,0.00447559,0.01385808,590,295
test0841,2,0.00242615,0.00472379,301,184
test0391,2,0.00433636,0.04720402,822,568
test1054,2,0.00867105,0.12357283,1309,906
test1176,2,0.00562644,0.03013539,683,473
test1033,2,0.00584459,0.06349826,1030,658
test1423,2,0.0033443,0.00912356,419,245
test1368,2,0.00825572,0.12496328,1571,859
test0538,2,0.00327969,0.01177645,428,284
test0675,2,0.00498915,0.05653715,872,620
test0366,2,0.00829196,0.12437582,1660,879
test1264,2,0.00455213,0.01738262,546,353
test0794,2,0.00531483,0.07446551,1056,705
test1315,2,0.00553393,0.08000302,1018,714
test1319,2,0.01567721,0.24785662,1979,1236
test1146,2,0.00538778,0.0208354,601,382
test0918,2,0.01118112,0.23279452,1903,1237
test1466,2,0.00804877,0.14070415,1421,920
test1308,2,0.01237679,0.28918576,2070,1364
test1497,2,0.0055213,0.06871653,950,670
test0140,2,0.00792289,0.05545473,1009,609
test1191,2,0.00478506,0.0204041,606,375
test0078,2,0.0034647,0.02245688,603,345
test1324,2,0.00311065,0.01014471,412,262
test0982,2,0.004004,0.01482391,515,322
test0482,2,0.00772238,0.04591584,842,550
test0027,2,0.00370407,0.03564119,728,489
test1248,2,0.00793052,0.12141466,1369,886
test0909,2,0.00232887,0.00651217,286,182
test0305,2,0.00934601,0.07945657,1146,728
test0919,2,0.00891018,0.07715893,1108,743
test0886,2,0.00280762,0.01723814,584,337
test0158,2,0.00901198,0.03155208,721,463
test1087,2,0.00514627,0.05873704,1002,624
test0528,2,0.00811911,0.05507255,957,611
test1145,2,0.00288653,0.00905919,360,260
test1129,2,0.00283504,0.0065341,346,209
test1226,2,0.00290346,0.02275801,581,391
test0486,2,0.00343251,0.02885938,691,420
test1490,2,0.00665164,0.0376997,765,501
test1052,2,0.00510859,0.01743722,526,338
test0186,2,0.00920463,0.21415162,1686,1193
test0844,2,0.00700617,0.11303854,1282,858
test1444,2,0.00224471,0.0062542,304,213
test0465,2,0.00154185,0.00267458,236,130
test0124,2,0.00927377,0.07186222,1088,710
test0529,2,0.01614404,0.5344398,2722,1858
test0339,2,0.00809503,0.12125707,1231,880
test1183,2,0.00850797,0.05552101,955,610
test0860,2,0.01377439,0.38252521,2285,1576
test1295,2,0.00213075,0.00373387,277,154
test1098,2,0.01419926,0.4068141,2476,1612
test1212,2,0.00252724,0.00633693,302,207
test0843,2,0.00604606,0.03254032,738,483
test0946,2,0.00263548,0.0070312,345,226
test0862,2,0.00785804,0.13923836,1569,925
test0052,2,0.00204968,0.00423312,260,172
test0065,2,0.00380325,0.02633595,758,408
test0798,2,0.00576758,0.02364469,748,400
test0204,2,0.00235438,0.00488544,304,181
test0687,2,0.00371456,0.01135254,478,282
test0008,2,0.0027473,0.00692058,367,216
test1067,2,0.00243068,0.0080626,345,232
test0546,2,0.00380516,0.04062366,710,431
test0537,2,0.00959349,0.16039515,1657,1029
test0516,2,0.0046773,0.01502299,603,290
test1184,2,0.01260614,0.06260395,855,624
test0261,2,0.00793695,0.13283277,1434,944
test1058,2,0.00415182,0.0363946,857,492
test0289,2,0.00391293,0.01539564,486,336
test1215,2,0.00677705,0.03621244,845,486
test0527,2,0.01379466,0.20484519,1959,1132
test1456,2,0.00460792,0.01340199,525,293
test0582,2,0.00279188,0.0068748,332,221
test0517,2,0.00504756,0.0491147,1007,548
test0319,2,0.0029366,0.01036787,384,275
test0883,2,0.00512576,0.05324078,979,594
test0002,2,0.00308967,0.00914907,381,252
test0576,2,0.00384569,0.03555441,721,492
test1251,2,0.00868201,0.15914083,1531,1026
test0609,2,0.00406098,0.02822018,651,433
test0858,2,0.00922346,0.04239607,821,536
test0457,2,0.00744605,0.0499332,931,584
test0280,2,0.00246882,0.01135612,472,277
test0322,2,0.00283408,0.0081296,378,242
test0765,2,0.00674772,0.08209109,1220,725
test0067,2,0.00988889,0.20856428,1638,1170
test1032,2,0.00901413,0.0742259,1022,680
test0384,2,0.00352478,0.02669168,649,427
test0984,2,0.00843239,0.16792655,1492,1071
test1108,2,0.00634289,0.03276443,776,470
test1138,2,0.0096662,0.16579342,1641,1020
test0778,2,0.00320935,0.00818396,348,240
test1241,2,0.00761771,0.10874724,1220,819
test0421,2,0.01176,0.2763834,2026,1362
test0276,2,0.0023315,0.00515795,303,192
test0435,2,0.00758219,0.07744908,920,561
test1089,2,0.00612688,0.04951072,829,541
test1416,2,0.00333333,0.0117445,403,248
test0814,2,0.00287271,0.00921702,366,256
test0597,2,0.00640368,0.03748941,749,491
test0826,2,0.0018754,0.00460005,285,176
test0135,2,0.00650859,0.03899145,791,493
test0118,2,0.00590801,0.03410125,716,483
test0329,2,0.00276804,0.00799036,340,239
test1316,2,0.00854611,0.0552547,978,604
test0652,2,0.0046618,0.04127073,871,519
test0879,2,0.00238776,0.00574708,319,200
test1009,2,0.00560403,0.01922202,535,346
test0402,2,0.00239611,0.00562811,313,199
test0587,2,0.00265193,0.00621819,311,214
test0049,2,0.01320601,0.37183523,2218,1545
test0647,2,0.00358462,0.0091207,436,242
test0548,2,0.01110697,0.25423861,1916,1283
test0096,2,0.00317144,0.01030231,392,266
test1078,2,0.01912761,0.08322835,1436,709
test0964,2,0.00447512,0.01351261,579,294
test0146,2,0.00523114,0.02631235,652,423
test0715,2,0.00764585,0.13215971,1475,915
test0449,2,0.00418568,0.03364754,803,470
test0867,2,0.01046014,0.226192,1847,1178
test0328,2,0.00328398,0.00863004,354,243
test0996,2,0.00266886,0.00627184,349,211
test0040,2,0.02532244,0.23467135,1941,1223
test0643,2,0.01018524,0.22475171,1781,1196
test0519,2,0.00990939,0.18018389,1686,1075
test0649,2,0.00429106,0.04227877,813,528
test0811,2,0.00667191,0.09180164,1211,769
test0202,2,0.00281286,0.00700617,394,220
test0303,2,0.00549841,0.02237749,654,391
test0944,2,0.01389861,0.45543051,2518,1691
test0439,2,0.01329947,0.3624208,2307,1481
test0333,2,0.00463676,0.04427123,875,544
test0405,2,0.00827122,0.16025305,1550,1028
test1335,2,0.00673938,0.03429842,821,478
test0353,2,0.00771976,0.09777522,1555,782
test0988,2,0.00819612,0.13185072,1432,899
test0441,2,0.00859499,0.17183065,1554,1069
test0994,2,0.00477815,0.04685783,865,574
test0382,2,0.00866413,0.17550039,1550,1048
test0296,2,0.00299239,0.01414037,511,293
test0795,2,0.00433087,0.03915358,723,519
test0330,2,0.00828433,0.06353116,1038,637
test0222,2,0.00506377,0.01075697,403,239
test0123,2,0.003654,0.01392913,504,314
test0483,2,0.00154185,0.00234151,214,121
test0265,2,0.00951767,0.19531798,1757,1120
test0247,2,0.00192332,0.00375009,261,160
test0827,2,0.00428748,0.0424552,809,534
test0143,2,0.01995635,0.15697646,1483,1009
test0512,2,0.00267148,0.00636601,306,210
test0404,2,0.00389314,0.03528786,738,483