File,Gamma,V,T,E,TG_edges,Tnb_gmLS,G_edges,nb_gmLS
rollernet45,2,62,222,51683,295.8152,2.9305,27400,2677
rollernet2741,2,62,4,6142,10.7259,6.6522,4176,61
rollernet3254,2,62,4,5329,9.2052,5.8563,3401,60
rollernet3202,2,62,4,5508,7.9127,3.0337,3573,60
rollernet21,2,62,476,69107,467.7924,7.1696,31833,5060
rollernet2756,2,62,4,6126,6.1334,3.8138,4161,61
rollernet2408,2,62,5,6822,7.8088,4.2224,4738,61
rollernet1251,2,62,8,10081,14.0549,4.6888,7070,119
rollernet339,2,62,30,21149,43.2207,2.5262,12788,418
rollernet710,2,62,15,14361,24.483,4.3687,9803,205
rollernet3470,2,62,3,4988,4.0796,2.7286,3078,31
rollernet3469,2,62,3,4988,4.109,2.6627,3078,31
rollernet964,2,62,11,12148,19.6383,5.02,8618,152
rollernet3448,2,62,3,4985,4.1785,2.6977,3076,31
rollernet1284,2,62,8,10050,14.4155,4.8126,7118,118
rollernet628,2,62,16,15321,27.0254,4.0045,10258,224
rollernet1228,2,62,9,10422,15.3166,4.8083,7399,121
rollernet493,2,62,21,17672,33.6956,3.5978,11528,297
rollernet330,2,62,31,21388,43.1142,2.3583,12784,423
rollernet864,2,62,12,13027,22.0876,5.0273,9240,173
rollernet1779,2,62,6,8367,10.8488,5.1322,6020,92
rollernet3333,2,62,3,4978,4.0293,2.6544,3068,31
rollernet1706,2,62,6,8433,11.2665,5.213,6071,92
rollernet1177,2,62,9,10867,16.6633,5.2928,7868,121
rollernet137,2,62,73,31487,84.1194,1.3477,16303,952
rollernet3190,2,62,4,5526,5.2788,3.0452,3591,60
rollernet440,2,62,23,18633,38.179,3.3629,11859,325
rollernet3464,2,62,3,4988,4.2663,2.8261,3078,31
rollernet1830,2,62,6,8248,12.3536,7.3385,5913,92
rollernet3111,2,62,4,5728,8.3011,4.6139,3796,60
rollernet10,2,62,998,91133,778.9066,47.163,41631,9148
rollernet2388,2,62,5,6882,8.6119,4.6339,4794,61
rollernet3495,2,62,3,4988,4.2888,2.8529,3078,31
rollernet1252,2,62,8,10085,15.7419,4.8606,7076,119
rollernet177,2,62,57,28233,88.2769,1.5645,15046,752
rollernet2544,2,62,4,6253,6.822,4.1017,4233,61
rollernet1303,2,62,8,10033,15.159,5.0429,7154,118
rollernet615,2,62,17,15572,29.2043,3.9084,10332,236
rollernet2521,2,62,4,6266,6.6669,4.2114,4246,61
rollernet3441,2,62,3,4986,4.0827,2.7842,3078,31
rollernet1933,2,62,6,7857,9.9854,4.8875,5616,90
rollernet473,2,62,22,17900,34.8883,3.4752,11487,299
rollernet2113,2,62,5,7334,9.1515,4.794,5178,61
rollernet871,2,62,12,12959,22.6293,5.1119,9167,173
rollernet188,2,62,54,27480,66.0961,1.4715,14700,715
rollernet96,2,62,104,36981,114.4716,1.4234,19204,1330
rollernet1937,2,62,6,7833,10.0423,4.8879,5597,90
rollernet3457,2,62,3,4986,4.2074,2.6826,3076,31
rollernet66,2,62,152,43582,164.8542,1.8492,22917,1894
rollernet2281,2,62,5,7152,8.6127,4.6678,5037,61
rollernet208,2,62,48,26516,63.715,1.6884,14688,645
rollernet3315,2,62,4,5072,4.1769,2.6947,3156,53
rollernet3152,2,62,4,5621,5.2701,3.169,3694,60
rollernet694,2,62,15,14580,26.2458,4.4698,9966,211
rollernet1974,2,62,6,7661,9.9621,4.8523,5468,89
rollernet185,2,62,54,27655,68.4021,1.4521,14744,717
rollernet431,2,62,24,18768,36.0114,3.1262,11802,327
rollernet786,2,62,13,13658,23.9203,4.7697,9481,180
rollernet2760,2,62,4,6122,6.4064,3.8705,4156,61
rollernet1169,2,62,9,10890,17.2027,5.3214,7875,121
rollernet65,2,62,154,43913,162.9289,1.8147,23101,1919
rollernet968,2,62,11,12122,19.5342,5.0786,8621,152
rollernet359,2,62,28,20585,42.7381,2.659,12611,386
rollernet2238,2,62,5,7256,8.8199,4.7451,5143,61
rollernet127,2,62,79,32634,90.4141,1.311,16903,1028
rollernet510,2,62,20,17156,33.9938,6.4374,11033,278
rollernet2952,2,62,4,5998,13.8055,8.4643,4054,61
rollernet1855,2,62,6,8156,11.6929,8.2159,5831,91
rollernet3120,2,62,4,5708,6.5498,5.1321,3777,60
rollernet2039,2,62,5,7382,10.2051,8.3857,5220,61
rollernet3332,2,62,3,4978,6.5991,3.4218,3068,31
rollernet3042,2,62,4,5854,7.0531,4.2633,3911,61
rollernet3405,2,62,3,4981,4.9061,3.1713,3074,31
rollernet641,2,62,16,15245,33.7937,5.918,10279,223
rollernet2158,2,62,5,7327,12.0117,6.3701,5189,61
rollernet686,2,62,15,14735,40.1262,5.5898,10051,211
rollernet3055,2,62,4,5834,7.3456,4.2395,3896,61
rollernet2391,2,62,5,6876,12.4366,5.73,4788,61
rollernet2981,2,62,4,5955,11.6196,6.1645,4006,61
rollernet1089,2,62,10,11288,34.0412,8.2808,8022,148
rollernet619,2,62,17,15483,49.3541,6.6641,10295,234
rollernet2081,2,62,5,7338,15.783,7.43,5166,61
rollernet2813,2,62,4,6079,9.8436,5.5202,4117,61
rollernet1019,2,62,10,11640,25.7158,6.6759,8216,149
rollernet1337,2,62,8,9992,22.8004,7.39,7231,119
rollernet1577,2,62,7,9042,23.6808,9.7795,6549,92
rollernet3076,2,62,4,5792,9.2009,4.8886,3859,60
rollernet695,2,62,15,14555,33.4499,5.9389,9942,211
rollernet78,2,62,128,40451,201.1067,2.5175,21094,1618
rollernet1408,2,62,8,9614,17.8931,6.3139,6936,118
rollernet2228,2,62,5,7277,11.2572,6.0299,5164,61
rollernet1325,2,62,8,10040,19.0493,6.3767,7257,119
rollernet1134,2,62,9,11010,27.3999,8.5295,7920,123
rollernet329,2,62,31,21406,55.5778,3.421,12803,421
rollernet2406,2,62,5,6832,10.6789,5.5263,4747,61
rollernet2215,2,62,5,7303,12.2133,8.8268,5187,61
rollernet829,2,62,13,12994,28.4847,5.5761,8926,177
rollernet2491,2,62,5,6305,9.505,5.6168,4268,61
rollernet928,2,62,11,12136,25.4209,5.5072,8366,151
rollernet1763,2,62,6,8396,14.5727,6.5191,6052,92
rollernet2181,2,62,5,7335,11.7368,6.411,5207,61
rollernet1345,2,62,8,9958,19.6182,8.1073,7208,119
rollernet2799,2,62,4,6084,7.5203,4.416,4123,61
rollernet2522,2,62,4,6265,7.9618,4.786,4244,61
rollernet2551,2,62,4,6254,7.8562,5.0609,4237,61
rollernet509,2,62,20,17172,38.7733,5.4218,11040,277
rollernet3100,2,62,4,5760,10.6501,4.8207,3828,60
rollernet51,2,62,196,48886,271.3016,3.7644,25873,2383
rollernet481,2,62,21,17808,46.3618,5.3653,11504,295
rollernet3054,2,62,4,5835,7.4626,3.9144,3895,61
rollernet3028,2,62,4,5880,7.1411,4.2345,3935,61
rollernet2396,2,62,5,6871,10.6574,4.7983,4787,61
rollernet950,2,62,11,12175,28.4223,6.4449,8584,150
rollernet2876,2,62,4,6048,8.0954,3.8178,4091,61
rollernet1941,2,62,6,7804,10.5216,5.3569,5573,90
rollernet2089,2,62,5,7341,11.2011,5.5307,5179,61
rollernet2381,2,62,5,6910,10.0733,5.0359,4818,61
rollernet1689,2,62,6,8435,13.2555,5.8125,6062,92
rollernet2084,2,62,5,7340,8.6745,4.5248,5170,61
rollernet307,2,62,33,22034,44.1928,2.1396,12882,451
rollernet3587,2,62,3,4998,4.0103,2.6558,3092,31
rollernet3360,2,62,3,4980,3.9851,3.018,3072,31
rollernet1533,2,62,7,9209,12.9096,5.1069,6649,92
rollernet1211,2,62,9,10624,16.2116,5.0728,7634,121
rollernet684,2,62,15,14751,26.7663,4.4967,10058,212
rollernet75,2,62,134,41075,148.7617,1.6986,21490,1669
rollernet1789,2,62,6,8342,11.5878,5.3012,5992,92
rollernet541,2,62,19,16804,32.7483,4.0401,11092,269
rollernet561,2,62,18,16366,32.1023,3.8933,10764,246
rollernet3294,2,62,4,5225,4.5335,2.7329,3306,59
rollernet965,2,62,11,12138,20.9342,5.4992,8613,153
rollernet1014,2,62,10,11640,19.0027,4.9698,8200,148
rollernet2129,2,62,5,7333,9.2908,4.8148,5185,61
rollernet927,2,62,11,12138,19.4701,4.6276,8361,152
rollernet1069,2,62,10,11292,17.8504,4.6972,7855,149
rollernet1040,2,62,10,11522,18.3782,4.9805,8089,149
rollernet2768,2,62,4,6114,6.5305,3.9455,4148,61
rollernet2678,2,62,4,6161,6.7258,4.2107,4184,61
rollernet2723,2,62,4,6148,7.0361,4.888,4182,61
rollernet311,2,62,33,21879,57.5771,2.3753,12898,448
rollernet3578,2,62,3,4995,3.9801,2.7078,3089,31
rollernet3310,2,62,4,5101,4.1144,3.0377,3181,54
rollernet1492,2,62,7,9299,15.5556,7.5259,6689,91
rollernet1840,2,62,6,8208,14.4939,5.5744,5888,91
rollernet3138,2,62,4,5665,6.4553,3.0581,3737,60
rollernet2542,2,62,4,6253,7.1478,4.4467,4231,61
rollernet2263,2,62,5,7197,9.0757,5.4472,5085,61
rollernet2625,2,62,4,6198,6.9758,5.2277,4209,61
rollernet2772,2,62,4,6106,7.8009,4.3861,4140,61
rollernet2970,2,62,4,5974,6.7261,3.8231,4027,61
rollernet2672,2,62,4,6161,7.3325,4.4,4182,61
rollernet2711,2,62,4,6146,7.2382,4.5875,4174,61
rollernet376,2,62,27,20185,41.3882,2.0413,12472,375
rollernet1578,2,62,7,9041,12.2004,3.8684,6550,92
rollernet3094,2,62,4,5767,3.8292,2.3069,3833,60
rollernet2906,2,62,4,6027,5.1095,2.8449,4078,61
rollernet902,2,62,12,12358,14.8581,3.2696,8496,172
rollernet1934,2,62,6,7851,7.9815,3.6013,5608,90
rollernet15,2,62,666,77989,463.9535,23.1471,33942,6588
rollernet3484,2,62,3,4988,4.9356,3.2843,3078,31
rollernet2967,2,62,4,5978,7.1982,4.2747,4031,61
