File,Gamma,V,T,E,TG_edges,Tnb_gmLS,G_edges,nb_gmLS
rollernet45,18,62,222,51683,133.4715,0.0036,529,48
rollernet21,18,62,476,69107,230.3601,0.0001,39,6
rollernet339,18,62,30,21149,19.6683,0.001,166,16
rollernet710,18,62,15,14361,0,0,0,0
rollernet964,18,62,11,12148,0,0,0,0
rollernet628,18,62,16,15321,0,0,0,0
rollernet493,18,62,21,17672,13.768,0.0003,71,11
rollernet330,18,62,31,21388,20.5959,0.0025,224,17
rollernet864,18,62,12,13027,0,0,0,0
rollernet137,18,62,73,31487,45.3949,0.0079,440,21
rollernet440,18,62,23,18633,15.1748,0.0003,81,14
rollernet10,18,62,998,91133,422.64,0.0013,305,39
rollernet177,18,62,57,28233,35.2669,0.0117,398,21
rollernet615,18,62,17,15572,0,0,0,0
rollernet473,18,62,22,17900,14.8232,0.0003,69,15
rollernet871,18,62,12,12959,0,0,0,0
rollernet188,18,62,54,27480,35.4198,0.0069,388,20
rollernet96,18,62,104,36981,63.4476,0.013,605,36
rollernet66,18,62,152,43582,87.52,0.0131,721,46
rollernet208,18,62,48,26516,30.76,0.0063,328,19
rollernet694,18,62,15,14580,0,0,0,0
rollernet185,18,62,54,27655,33.7085,0.0089,382,22
rollernet431,18,62,24,18768,17.3336,0.001,89,11
rollernet786,18,62,13,13658,0,0,0,0
rollernet65,18,62,154,43913,98.4168,0.0075,608,41
rollernet968,18,62,11,12122,0,0,0,0
rollernet359,18,62,28,20585,19.1243,0.0005,93,14
rollernet127,18,62,79,32634,49.693,0.011,478,27
rollernet510,18,62,20,17156,15.5753,0.0002,36,12
rollernet641,18,62,16,15245,0,0,0,0
rollernet686,18,62,15,14735,0,0,0,0
rollernet619,18,62,17,15483,0,0,0,0
rollernet695,18,62,15,14555,0,0,0,0
rollernet78,18,62,128,40451,76.7702,0.0187,728,36
rollernet329,18,62,31,21406,20.3487,0.0024,214,17
rollernet829,18,62,13,12994,0,0,0,0
rollernet928,18,62,11,12136,0,0,0,0
rollernet509,18,62,20,17172,12.7858,0.0001,35,11
rollernet51,18,62,196,48886,118.4636,0.0048,530,51
rollernet481,18,62,21,17808,14.577,0.0002,51,12
rollernet950,18,62,11,12175,0,0,0,0
rollernet307,18,62,33,22034,22.6772,0.0012,194,17
rollernet684,18,62,15,14751,0,0,0,0
rollernet75,18,62,134,41075,80.5447,0.0136,683,41
rollernet541,18,62,19,16804,13.8036,0.0001,24,11
rollernet561,18,62,18,16366,13.668,0.0001,9,4
rollernet965,18,62,11,12138,0,0,0,0
rollernet927,18,62,11,12138,0,0,0,0
rollernet311,18,62,33,21879,22.8186,0.0009,167,18
rollernet376,18,62,27,20185,19.2685,0.0009,147,17
rollernet902,18,62,12,12358,0,0,0,0
rollernet15,18,62,666,77989,315.7773,0.0003,83,14
rollernet371,18,62,27,20310,18.1818,0.0012,163,15
rollernet230,18,62,44,25217,31.7176,0.007,341,18
rollernet272,18,62,37,23384,30.3088,0.0028,256,18
rollernet411,18,62,25,19280,18.811,0.0005,97,13
rollernet690,18,62,15,14654,0,0,0,0
rollernet942,18,62,11,12173,0,0,0,0
rollernet556,18,62,18,16468,13.0671,0.0,5,3
rollernet237,18,62,43,25097,28.6815,0.0051,335,18
rollernet245,18,62,41,24599,27.4861,0.0037,307,20
rollernet472,18,62,22,17980,14.253,0.0003,74,15
rollernet913,18,62,11,12202,0,0,0,0
rollernet543,18,62,19,16836,12.8167,0.0001,21,11
rollernet669,18,62,15,14783,0,0,0,0
rollernet742,18,62,14,14018,0,0,0,0
rollernet352,18,62,29,20703,22.9086,0.0015,168,15
rollernet815,18,62,13,13217,0,0,0,0
rollernet277,18,62,37,23124,27.0297,0.0026,238,17
rollernet906,18,62,12,12266,0,0,0,0
rollernet35,18,62,286,57341,175.6545,0.0017,345,50
rollernet315,18,62,32,21949,34.7676,0.0024,210,15
rollernet233,18,62,43,25163,34.837,0.0039,296,17
rollernet754,18,62,14,13904,0,0,0,0
rollernet476,18,62,21,17767,17.1505,0.0003,53,13
rollernet678,18,62,15,14776,0,0,0,0
rollernet459,18,62,22,18155,24.8499,0.0005,81,12
rollernet498,18,62,21,17416,17.0148,0.0001,40,10
rollernet623,18,62,17,15327,0,0,0,0
rollernet802,18,62,13,13395,0,0,0,0
rollernet660,18,62,16,14976,0,0,0,0
rollernet618,18,62,17,15504,0,0,0,0
rollernet565,18,62,18,16344,12.3805,0.0,9,4
rollernet259,18,62,39,24084,31.1196,0.0053,268,19
rollernet375,18,62,27,20157,21.7846,0.0009,138,16
rollernet638,18,62,16,15284,0,0,0,0
rollernet150,18,62,67,30202,53.5707,0.0062,393,24
rollernet649,18,62,16,15064,0,0,0,0
rollernet485,18,62,21,17760,18.1853,0.0003,70,15
rollernet963,18,62,11,12161,0,0,0,0
rollernet1001,18,62,10,11721,0,0,0,0
rollernet412,18,62,25,19234,23.6491,0.0005,109,14
rollernet614,18,62,17,15581,0,0,0,0
rollernet385,18,62,26,19777,20.681,0.0012,153,15
rollernet254,18,62,40,24032,33.0775,0.0038,291,18
rollernet289,18,62,35,22945,29.9958,0.0024,225,17
rollernet999,18,62,10,11742,0,0,0,0
rollernet336,18,62,30,21185,25.0,0.0014,188,16
rollernet966,18,62,11,12129,0,0,0,0
rollernet487,18,62,21,17713,18.4259,0.0003,63,12
rollernet152,18,62,66,30283,52.805,0.0064,395,23
rollernet226,18,62,45,25682,34.2344,0.0049,322,18
rollernet74,18,62,135,41502,91.4286,0.01,639,39
rollernet889,18,62,12,12644,0,0,0,0
rollernet231,18,62,44,25100,29.5638,0.0043,318,16
rollernet905,18,62,12,12272,0,0,0,0
rollernet434,18,62,23,18628,17.7325,0.0004,82,13
rollernet856,18,62,12,13039,0,0,0,0
rollernet696,18,62,15,14540,0,0,0,0
rollernet580,18,62,18,16165,13.7612,0.0001,5,3
rollernet921,18,62,11,12142,0,0,0,0
rollernet590,18,62,17,16010,0,0,0,0
rollernet334,18,62,30,21303,24.2303,0.0011,156,14
rollernet788,18,62,13,13622,0,0,0,0
rollernet842,18,62,12,13052,0,0,0,0
rollernet579,18,62,18,16174,15.378,0.0,5,3
rollernet477,18,62,21,17795,16.9289,0.0002,50,13
rollernet969,18,62,11,12103,0,0,0,0
rollernet492,18,62,21,17690,17.1845,0.0003,68,11
rollernet547,18,62,19,16817,12.5785,0.0001,18,10
rollernet810,18,62,13,13255,0,0,0,0
rollernet993,18,62,11,11892,0,0,0,0
rollernet474,18,62,22,17846,14.1419,0.0002,62,14
rollernet278,18,62,36,23117,23.23,0.0033,246,19
rollernet161,18,62,62,29552,38.8762,0.009,379,19
rollernet779,18,62,13,13685,0,0,0,0
rollernet655,18,62,16,15021,0,0,0,0
rollernet409,18,62,25,19342,16.3789,0.0006,105,13
rollernet64,18,62,156,44184,90.3385,0.0091,661,44
rollernet996,18,62,11,11812,0,0,0,0
rollernet418,18,62,24,19139,16.0937,0.0006,106,16
rollernet667,18,62,15,14781,0,0,0,0
rollernet423,18,62,24,19026,16.0255,0.0006,110,17
rollernet325,18,62,31,21480,20.1174,0.0013,171,15
rollernet192,18,62,52,27338,32.8698,0.0033,284,21
rollernet524,18,62,20,16900,12.7344,0.0002,38,12
rollernet716,18,62,14,14243,0,0,0,0
rollernet542,18,62,19,16818,12.6173,0.0001,24,11
rollernet347,18,62,29,21014,20.7191,0.0014,160,15
rollernet134,18,62,75,31961,45.0338,0.0075,422,25
rollernet503,18,62,20,17309,13.5693,0.0002,42,13
rollernet720,18,62,14,14249,0,0,0,0
rollernet386,18,62,26,19755,19.0838,0.001,138,15
rollernet144,18,62,70,30971,47.3686,0.0071,442,23
rollernet341,18,62,30,21187,19.9585,0.0007,131,15
rollernet363,18,62,28,20583,18.766,0.0011,141,14
rollernet713,18,62,14,14268,0,0,0,0
rollernet890,18,62,12,12617,0,0,0,0
rollernet897,18,62,12,12480,0,0,0,0
rollernet598,18,62,17,15832,0,0,0,0
rollernet146,18,62,69,30672,47.4666,0.007,386,19
rollernet180,18,62,56,28075,47.2891,0.0045,310,22
rollernet118,18,62,85,33799,63.7393,0.0109,496,24
rollernet419,18,62,24,19120,19.4083,0.0007,113,16
rollernet988,18,62,11,11990,0,0,0,0
rollernet613,18,62,17,15585,0,0,0,0
rollernet759,18,62,14,13847,0,0,0,0
rollernet248,18,62,41,24469,29.9198,0.0049,331,21
rollernet584,18,62,18,16050,11.6435,0.0,3,2
rollernet244,18,62,41,24663,28.9959,0.0033,281,16
rollernet708,18,62,15,14409,0,0,0,0
rollernet145,18,62,69,30949,46.3847,0.0062,380,21
rollernet56,18,62,179,46991,100.6826,0.0072,638,43
rollernet858,18,62,12,13039,0,0,0,0
rollernet281,18,62,36,23123,23.7375,0.0022,217,17
rollernet528,18,62,19,16860,12.6398,0.0002,41,13
rollernet811,18,62,13,13253,0,0,0,0
rollernet733,18,62,14,14079,0,0,0,0
rollernet956,18,62,11,12193,0,0,0,0
rollernet727,18,62,14,14169,0,0,0,0
rollernet387,18,62,26,19783,17.592,0.0007,126,15
rollernet717,18,62,14,14238,0,0,0,0
rollernet644,18,62,16,15131,0,0,0,0
rollernet839,18,62,12,13037,0,0,0,0
rollernet41,18,62,244,53741,153.6502,0.0036,485,48
rollernet919,18,62,11,12140,0,0,0,0
rollernet491,18,62,21,17687,19.8658,0.0004,68,12
rollernet81,18,62,124,39813,83.8907,0.0143,692,39
rollernet175,18,62,58,28518,44.9965,0.009,391,18
rollernet770,18,62,13,13689,0,0,0,0
rollernet760,18,62,14,13831,0,0,0,0
rollernet18,18,62,555,72913,290.0462,0.0001,39,9
rollernet133,18,62,76,31966,53.5972,0.0087,431,23
rollernet447,18,62,23,18467,17.3356,0.0004,85,11
rollernet849,18,62,12,13052,0,0,0,0
rollernet734,18,62,14,14053,0,0,0,0
rollernet190,18,62,53,27471,41.1374,0.0042,338,21
rollernet110,18,62,91,34789,63.8059,0.0131,580,29
rollernet214,18,62,47,26063,35.7766,0.0041,324,20
rollernet426,18,62,24,18988,15.9829,0.0004,102,15
rollernet781,18,62,13,13681,0,0,0,0
rollernet181,18,62,56,28108,34.7866,0.003,306,20
rollernet879,18,62,12,12817,0,0,0,0
rollernet369,18,62,28,20355,18.4194,0.001,162,15
rollernet331,18,62,31,21398,20.2578,0.0022,215,18
rollernet497,18,62,21,17504,13.7651,0.0002,56,12
rollernet952,18,62,11,12186,0,0,0,0
rollernet617,18,62,17,15537,0,0,0,0
rollernet501,18,62,20,17359,13.1625,0.0001,41,12
rollernet755,18,62,14,13886,0,0,0,0
rollernet453,18,62,23,18368,14.8352,0.0003,70,13
rollernet138,18,62,73,31546,44.0379,0.0058,395,24
rollernet403,18,62,25,19621,16.9336,0.0004,97,15
rollernet892,18,62,12,12553,0,0,0,0
rollernet723,18,62,14,14225,0,0,0,0
rollernet820,18,62,13,13127,0,0,0,0
rollernet683,18,62,15,14772,0,0,0,0
rollernet876,18,62,12,12877,0,0,0,0
rollernet402,18,62,25,19621,16.9575,0.0004,90,15
rollernet877,18,62,12,12861,0,0,0,0
rollernet513,18,62,20,17121,13.1931,0.0001,37,12
rollernet540,18,62,19,16767,12.487,0.0001,25,12
rollernet427,18,62,24,18943,15.825,0.0003,80,15
rollernet916,18,62,11,12176,0,0,0,0
rollernet935,18,62,11,12132,0,0,0,0
rollernet39,18,62,256,54937,143.9139,0.0021,394,48
rollernet800,18,62,13,13454,0,0,0,0
rollernet783,18,62,13,13654,0,0,0,0
rollernet348,18,62,29,20923,19.1492,0.0014,156,15
rollernet799,18,62,13,13485,0,0,0,0
rollernet268,18,62,38,23583,24.2631,0.0034,297,18
rollernet85,18,62,118,38904,66.1314,0.0094,583,36
rollernet335,18,62,30,21230,19.8142,0.0007,160,15
rollernet656,18,62,16,15010,0,0,0,0
rollernet367,18,62,28,20379,17.9106,0.001,147,14
rollernet400,18,62,25,19641,16.8921,0.0005,114,16
rollernet391,18,62,26,19752,16.687,0.0004,109,13
rollernet666,18,62,15,14812,0,0,0,0
rollernet931,18,62,11,12136,0,0,0,0
rollernet634,18,62,16,15267,0,0,0,0
rollernet287,18,62,35,22906,22.6034,0.0017,210,17
rollernet846,18,62,12,13053,0,0,0,0
rollernet285,18,62,36,22962,22.9307,0.0022,245,17
rollernet120,18,62,84,33304,48.543,0.0087,432,25
rollernet480,18,62,21,17833,14.1832,0.0002,53,13
rollernet414,18,62,25,19140,16.1608,0.0004,98,14
rollernet785,18,62,13,13655,0,0,0,0
rollernet260,18,62,39,24154,25.4394,0.0024,254,17
rollernet642,18,62,16,15202,0,0,0,0
rollernet445,18,62,23,18551,14.9868,0.0004,88,14
rollernet408,18,62,25,19397,16.5011,0.0008,108,13
rollernet22,18,62,454,68076,216.4868,0.0002,83,15
rollernet709,18,62,15,14383,0,0,0,0
rollernet645,18,62,16,15110,0,0,0,0
rollernet92,18,62,109,37616,63.6106,0.0134,601,32
rollernet413,18,62,25,19222,16.4138,0.0004,104,13
rollernet131,18,62,77,32336,47.9313,0.0144,527,23
rollernet729,18,62,14,14130,0,0,0,0
rollernet420,18,62,24,19106,16.4923,0.0006,108,17
rollernet279,18,62,36,23157,23.8572,0.0026,254,17
rollernet168,18,62,60,28952,37.0667,0.0085,403,22
rollernet685,18,62,15,14745,0,0,0,0
rollernet44,18,62,227,52160,156.3975,0.0035,503,49
rollernet511,18,62,20,17154,13.7882,0.0001,34,12
rollernet199,18,62,51,27008,33.136,0.0058,331,17
rollernet924,18,62,11,12139,0,0,0,0
rollernet43,18,62,233,52721,149.1019,0.0039,498,46
rollernet995,18,62,11,11855,0,0,0,0
rollernet467,18,62,22,18130,16.4336,0.0002,68,13
rollernet534,18,62,19,16766,17.4527,0.0002,33,13
rollernet548,18,62,19,16792,16.3091,0.0001,17,10
rollernet652,18,62,16,15039,0,0,0,0
rollernet903,18,62,12,12332,0,0,0,0
rollernet622,18,62,17,15361,0,0,0,0
rollernet151,18,62,67,30323,50.8993,0.0059,376,21
rollernet162,18,62,62,29383,43.1437,0.0082,386,21
rollernet122,18,62,82,33240,58.4311,0.0107,510,26
rollernet249,18,62,41,24261,35.1735,0.0048,314,18
rollernet532,18,62,19,16816,16.648,0.0002,38,12
rollernet302,18,62,34,22362,32.4813,0.0039,254,16
rollernet270,18,62,37,23482,26.4928,0.0027,277,19
rollernet457,18,62,22,18243,17.2336,0.0004,84,12
rollernet804,18,62,13,13345,0,0,0,0
rollernet50,18,62,200,49390,140.8202,0.0053,606,52
rollernet763,18,62,14,13791,0,0,0,0
rollernet977,18,62,11,12054,0,0,0,0
rollernet271,18,62,37,23476,28.3402,0.0029,265,19
rollernet407,18,62,25,19474,26.3279,0.0011,121,13
rollernet471,18,62,22,18033,16.9857,0.0004,83,15
rollernet926,18,62,11,12132,0,0,0,0
rollernet258,18,62,39,24076,29.0419,0.003,268,19
rollernet5,18,62,1996,127401,905.548,0.038,2838,302
rollernet743,18,62,14,14018,0,0,0,0
rollernet536,18,62,19,16751,18.6499,0.0001,26,11
rollernet557,18,62,18,16446,14.3914,0.0,5,3
rollernet938,18,62,11,12143,0,0,0,0
rollernet227,18,62,44,25567,31.91,0.0035,299,19
rollernet224,18,62,45,25439,37.2426,0.006,318,18
rollernet105,18,62,96,35505,72.1993,0.0206,554,30
rollernet349,18,62,29,20889,26.2993,0.0016,162,15
rollernet769,18,62,13,13688,0,0,0,0
rollernet257,18,62,39,24022,29.6968,0.0031,266,18
rollernet475,18,62,22,17796,19.1859,0.0003,61,14
rollernet399,18,62,26,19671,20.1841,0.0006,122,16
rollernet808,18,62,13,13294,0,0,0,0
rollernet693,18,62,15,14596,0,0,0,0
rollernet843,18,62,12,13051,0,0,0,0
rollernet213,18,62,47,26087,38.0506,0.0051,324,19
rollernet388,18,62,26,19786,24.8693,0.0013,112,13
rollernet687,18,62,15,14702,0,0,0,0
rollernet600,18,62,17,15808,0,0,0,0
rollernet577,18,62,18,16181,17.0492,0.0001,7,4
rollernet396,18,62,26,19787,21.3159,0.0009,141,16
rollernet550,18,62,19,16717,14.9627,0.0001,16,10
rollernet377,18,62,27,20117,25.1176,0.0009,141,16
rollernet217,18,62,46,25899,40.0656,0.0048,319,16
rollernet796,18,62,13,13540,0,0,0,0
rollernet97,18,62,103,36722,88.7822,0.0142,609,35
rollernet149,18,62,67,30552,51.5381,0.0159,375,23
rollernet971,18,62,11,12068,0,0,0,0
rollernet881,18,62,12,12800,0,0,0,0
rollernet753,18,62,14,13918,0,0,0,0
rollernet462,18,62,22,18145,15.3925,0.0004,72,13
rollernet925,18,62,11,12138,0,0,0,0
rollernet914,18,62,11,12199,0,0,0,0
rollernet537,18,62,19,16752,14.1152,0.0001,23,11
rollernet432,18,62,24,18710,20.0041,0.0005,89,12
rollernet314,18,62,32,21959,28.2662,0.0031,213,17
rollernet321,18,62,32,21819,25.9829,0.0013,194,16
rollernet620,18,62,17,15439,0,0,0,0
rollernet604,18,62,17,15726,0,0,0,0
rollernet374,18,62,27,20192,18.8397,0.0007,131,16
rollernet266,18,62,38,23762,26.3445,0.0035,295,17
rollernet223,18,62,45,25424,29.6806,0.0048,311,18
rollernet658,18,62,16,14994,0,0,0,0
rollernet499,18,62,20,17371,15.9594,0.0001,40,11
rollernet637,18,62,16,15269,0,0,0,0
rollernet28,18,62,357,62616,210.8492,0.0007,127,24
rollernet6,18,62,1663,115375,796.4221,0.0176,1573,198
rollernet841,18,62,12,13056,0,0,0,0
rollernet865,18,62,12,13028,0,0,0,0
rollernet563,18,62,18,16356,13.2428,0.0,11,4
rollernet439,18,62,23,18623,17.4586,0.0003,77,13
rollernet650,18,62,16,15077,0,0,0,0
rollernet234,18,62,43,25027,28.2152,0.0046,320,19
rollernet406,18,62,25,19500,18.3263,0.001,116,13
rollernet912,18,62,11,12215,0,0,0,0
rollernet895,18,62,12,12505,0,0,0,0
rollernet53,18,62,189,48035,108.1007,0.0058,592,47
rollernet12,18,62,832,84702,409.1712,0.0008,172,26
rollernet901,18,62,12,12392,0,0,0,0
rollernet301,18,62,34,22452,36.3371,0.008,252,19
rollernet114,18,62,88,34234,66.0308,0.013,507,31
rollernet84,18,62,119,39168,92.7082,0.015,624,38
rollernet978,18,62,11,12048,0,0,0,0
rollernet87,18,62,115,38654,76.2238,0.0145,615,38
rollernet59,18,62,170,45837,112.6056,0.0123,584,45
rollernet393,18,62,26,19777,26.8265,0.0006,105,13
rollernet962,18,62,11,12179,0,0,0,0
rollernet635,18,62,16,15270,0,0,0,0
rollernet183,18,62,55,28112,43.4675,0.0069,389,21
rollernet128,18,62,78,32481,52.6673,0.0075,422,25
rollernet704,18,62,15,14415,0,0,0,0
rollernet774,18,62,13,13688,0,0,0,0
rollernet444,18,62,23,18614,16.1746,0.0005,99,14
rollernet523,18,62,20,16954,13.6426,0.0002,40,11
rollernet632,18,62,16,15282,0,0,0,0
rollernet859,18,62,12,13046,0,0,0,0
rollernet592,18,62,17,15992,0,0,0,0
rollernet806,18,62,13,13328,0,0,0,0
rollernet60,18,62,167,45469,93.4764,0.0094,662,44
rollernet158,18,62,64,29694,40.9595,0.0063,398,23
rollernet544,18,62,19,16825,12.6579,0.0001,19,10
rollernet48,18,62,208,50227,119.4887,0.0034,524,47
rollernet893,18,62,12,12535,0,0,0,0
rollernet1002,18,62,10,11717,0,0,0,0
rollernet129,18,62,78,32457,47.6739,0.0066,416,26
rollernet215,18,62,47,26024,30.3462,0.0039,295,17
rollernet33,18,62,303,58748,164.9914,0.0012,257,36
rollernet701,18,62,15,14458,0,0,0,0
rollernet813,18,62,13,13242,0,0,0,0
rollernet823,18,62,13,13083,0,0,0,0
rollernet115,18,62,87,34094,51.8631,0.0085,487,26
rollernet771,18,62,13,13688,0,0,0,0
rollernet468,18,62,22,18106,14.4554,0.0002,70,15
rollernet178,18,62,57,28099,36.1312,0.0096,387,21
rollernet707,18,62,15,14411,0,0,0,0
rollernet651,18,62,16,15066,0,0,0,0
rollernet80,18,62,125,40042,71.3085,0.0111,632,35
rollernet957,18,62,11,12205,0,0,0,0
rollernet394,18,62,26,19762,17.0964,0.0005,114,15
rollernet724,18,62,14,14207,0,0,0,0
rollernet451,18,62,23,18435,14.8171,0.0003,62,12
rollernet372,18,62,27,20340,18.4275,0.0008,147,16
rollernet549,18,62,19,16768,12.9026,0.0001,16,10
rollernet991,18,62,11,11957,0,0,0,0
rollernet773,18,62,13,13686,0,0,0,0
rollernet567,18,62,18,16314,12.1815,0.0,5,2
rollernet787,18,62,13,13636,0,0,0,0
rollernet908,18,62,11,12239,0,0,0,0
rollernet488,18,62,21,17737,14.5397,0.0004,76,13
rollernet422,18,62,24,19060,16.5941,0.0006,104,17
rollernet576,18,62,18,16186,12.9931,0.0,7,4
rollernet954,18,62,11,12188,0,0,0,0
rollernet139,18,62,72,31342,48.3259,0.0061,376,24
rollernet142,18,62,71,31192,47.1066,0.0114,466,22
rollernet452,18,62,23,18390,16.3076,0.0003,71,13
rollernet246,18,62,41,24623,30.4718,0.0047,335,21
rollernet647,18,62,16,15075,0,0,0,0
rollernet121,18,62,83,33471,54.4108,0.0088,430,25
rollernet852,18,62,12,13072,0,0,0,0
rollernet668,18,62,15,14775,0,0,0,0
rollernet776,18,62,13,13682,0,0,0,0
rollernet812,18,62,13,13241,0,0,0,0
rollernet136,18,62,74,31642,44.8082,0.0121,484,22
rollernet324,18,62,31,21497,21.3193,0.0013,186,18
rollernet698,18,62,15,14539,0,0,0,0
rollernet986,18,62,11,12005,0,0,0,0
rollernet552,18,62,19,16605,13.8292,0.0001,10,6
rollernet495,18,62,21,17593,15.4163,0.0006,62,11
rollernet741,18,62,14,14041,0,0,0,0
rollernet489,18,62,21,17728,15.9092,0.0004,79,13
rollernet108,18,62,93,34927,55.0249,0.0121,545,33
rollernet166,18,62,61,29143,41.9118,0.0057,359,21
rollernet700,18,62,15,14483,0,0,0,0
rollernet32,18,62,312,59501,168.358,0.001,282,38
rollernet958,18,62,11,12198,0,0,0,0
rollernet319,18,62,32,21986,22.5943,0.0013,194,16
rollernet553,18,62,19,16564,14.0343,0.0,8,5
rollernet283,18,62,36,23119,24.3789,0.0027,267,17
rollernet934,18,62,11,12130,0,0,0,0
rollernet354,18,62,29,20696,19.4905,0.0011,174,16
rollernet670,18,62,15,14784,0,0,0,0
rollernet514,18,62,20,17109,13.4639,0.0001,40,12
rollernet202,18,62,50,26803,33.6329,0.0035,317,21
rollernet366,18,62,28,20460,19.4533,0.0011,152,15
rollernet103,18,62,97,35794,83.3299,0.0132,613,31
rollernet830,18,62,13,12964,0,0,0,0
rollernet197,18,62,51,27049,33.1986,0.0073,376,22
rollernet247,18,62,41,24538,29.9487,0.0043,326,19
rollernet378,18,62,27,20105,25.3968,0.0005,119,16
rollernet209,18,62,48,26499,33.6517,0.0054,318,17
rollernet383,18,62,27,19895,18.5876,0.001,143,15
rollernet621,18,62,17,15387,0,0,0,0
rollernet560,18,62,18,16394,12.9181,0.0,9,4
rollernet627,18,62,16,15302,0,0,0,0
rollernet135,18,62,74,31989,46.6565,0.0093,423,23
rollernet798,18,62,13,13520,0,0,0,0
rollernet739,18,62,14,14064,0,0,0,0
rollernet11,18,62,907,87624,404.2985,0.001,231,32
rollernet961,18,62,11,12189,0,0,0,0
rollernet633,18,62,16,15275,0,0,0,0
rollernet141,18,62,71,31141,44.1438,0.0124,461,21
rollernet299,18,62,34,22588,24.2926,0.0021,229,19
rollernet671,18,62,15,14773,0,0,0,0
rollernet242,18,62,42,24752,32.5286,0.0032,272,18
rollernet415,18,62,25,19106,16.5594,0.0005,96,15
rollernet973,18,62,11,12056,0,0,0,0
rollernet494,18,62,21,17639,14.1652,0.0003,66,11
rollernet862,18,62,12,13040,0,0,0,0
rollernet772,18,62,13,13693,0,0,0,0
rollernet944,18,62,11,12176,0,0,0,0
rollernet130,18,62,77,32414,48.2512,0.0099,479,24
rollernet7,18,62,1426,107008,599.2105,0.0072,936,132
rollernet31,18,62,322,60163,170.5759,0.0009,244,37
rollernet295,18,62,34,22774,25.3414,0.0027,275,19
rollernet782,18,62,13,13669,0,0,0,0
rollernet863,18,62,12,13021,0,0,0,0
rollernet193,18,62,52,27222,35.5487,0.0133,365,21
rollernet47,18,62,213,50694,162.0096,0.0047,475,41
rollernet828,18,62,13,13008,0,0,0,0
rollernet124,18,62,81,33077,50.4022,0.0092,491,29
rollernet252,18,62,40,24140,26.3231,0.0033,281,18
rollernet664,18,62,16,14873,0,0,0,0
rollernet909,18,62,11,12248,0,0,0,0
rollernet111,18,62,90,34703,56.0538,0.0123,548,28
rollernet164,18,62,61,29193,38.1384,0.0055,377,23
rollernet835,18,62,12,13009,0,0,0,0
rollernet90,18,62,111,38034,70.8245,0.0105,602,36
rollernet170,18,62,59,28723,36.6276,0.0069,382,22
rollernet676,18,62,15,14764,0,0,0,0
rollernet389,18,62,26,19761,17.6719,0.0006,114,14
rollernet932,18,62,11,12132,0,0,0,0
rollernet606,18,62,17,15712,0,0,0,0
rollernet240,18,62,42,24752,27.1756,0.0033,286,19
rollernet990,18,62,11,11961,0,0,0,0
rollernet123,18,62,82,33224,56.0358,0.0094,466,25
rollernet98,18,62,102,36631,64.937,0.0109,554,32
rollernet868,18,62,12,12970,0,0,0,0
rollernet296,18,62,34,22767,30.5457,0.0034,266,17
rollernet286,18,62,35,22903,29.0368,0.0028,253,16
rollernet256,18,62,39,24036,28.6205,0.0031,277,19
rollernet725,18,62,14,14183,0,0,0,0
rollernet824,18,62,13,13058,0,0,0,0
rollernet305,18,62,33,22131,23.756,0.0018,226,18
rollernet364,18,62,28,20583,22.9098,0.0013,157,14
rollernet24,18,62,416,66173,248.711,0.0003,87,17
rollernet679,18,62,15,14779,0,0,0,0
rollernet430,18,62,24,18813,20.3221,0.0006,91,13
rollernet691,18,62,15,14648,0,0,0,0
rollernet195,18,62,52,27109,36.3667,0.0098,399,22
rollernet930,18,62,11,12149,0,0,0,0
rollernet243,18,62,42,24717,26.9809,0.0028,273,17
rollernet298,18,62,34,22647,29.122,0.0028,268,19
rollernet595,18,62,17,15911,0,0,0,0
rollernet461,18,62,22,18143,19.5467,0.0005,81,12
rollernet360,18,62,28,20579,24.2121,0.0006,93,14
rollernet570,18,62,18,16242,16.1628,0.0,6,3
rollernet194,18,62,52,27224,43.3829,0.0083,374,21
rollernet163,18,62,62,29314,47.8293,0.0064,369,24
rollernet126,18,62,80,32662,59.1056,0.0122,485,24
rollernet777,18,62,13,13675,0,0,0,0
rollernet76,18,62,132,40955,93.3997,0.0121,662,39
rollernet328,18,62,31,21449,27.5797,0.0017,180,18
rollernet207,18,62,49,26480,36.9769,0.0059,339,21
rollernet907,18,62,11,12234,0,0,0,0
rollernet581,18,62,18,16156,15.6982,0.0,4,3
rollernet169,18,62,60,28702,48.0492,0.0097,381,19
rollernet750,18,62,14,13910,0,0,0,0
rollernet896,18,62,12,12490,0,0,0,0
rollernet721,18,62,14,14256,0,0,0,0
rollernet516,18,62,20,17107,16.9424,0.0001,37,12
rollernet220,18,62,46,25760,38.1689,0.0065,330,18
rollernet533,18,62,19,16794,17.7287,0.0002,36,13
rollernet974,18,62,11,12049,0,0,0,0
rollernet384,18,62,26,19830,20.1916,0.0013,145,15
rollernet454,18,62,22,18336,20.4724,0.0004,72,14
rollernet211,18,62,48,26261,40.8812,0.0065,360,18
rollernet288,18,62,35,22934,29.1772,0.002,216,17
rollernet705,18,62,15,14423,0,0,0,0
rollernet267,18,62,38,23646,32.3176,0.0048,322,18
rollernet274,18,62,37,23276,31.6074,0.0024,238,18
rollernet284,18,62,36,23072,30.9195,0.0028,261,16
rollernet646,18,62,16,15102,0,0,0,0
rollernet236,18,62,43,25126,35.722,0.0051,286,17
rollernet946,18,62,11,12158,0,0,0,0
rollernet416,18,62,24,19107,20.8544,0.0004,95,16
rollernet55,18,62,182,47161,117.3722,0.0052,521,46
rollernet915,18,62,11,12172,0,0,0,0
rollernet526,18,62,19,16860,17.5077,0.0001,33,12
rollernet945,18,62,11,12158,0,0,0,0
rollernet221,18,62,46,25653,37.7965,0.0053,306,17
rollernet891,18,62,12,12571,0,0,0,0
rollernet900,18,62,12,12410,0,0,0,0
rollernet719,18,62,14,14255,0,0,0,0
rollernet654,18,62,16,15019,0,0,0,0
rollernet535,18,62,19,16754,16.8888,0.0002,32,11
rollernet981,18,62,11,12020,0,0,0,0
rollernet675,18,62,15,14758,0,0,0,0
rollernet562,18,62,18,16364,16.1856,0.0,9,4
rollernet30,18,62,333,60919,214.3124,0.0005,161,28
rollernet8,18,62,1248,100397,607.5976,0.0035,582,72
rollernet784,18,62,13,13661,0,0,0,0
rollernet455,18,62,22,18340,19.8117,0.0006,79,14
rollernet327,18,62,31,21441,25.8124,0.0015,176,18
rollernet591,18,62,17,15998,0,0,0,0
rollernet29,18,62,345,61801,214.4267,0.0006,195,35
rollernet825,18,62,13,13071,0,0,0,0
rollernet989,18,62,11,11973,0,0,0,0
rollernet722,18,62,14,14232,0,0,0,0
rollernet255,18,62,40,24035,31.6489,0.0038,295,19
rollernet507,18,62,20,17195,17.9122,0.0002,38,11
rollernet837,18,62,12,13033,0,0,0,0
rollernet714,18,62,14,14257,0,0,0,0
rollernet998,18,62,10,11745,0,0,0,0
rollernet746,18,62,14,13964,0,0,0,0
rollernet612,18,62,17,15605,0,0,0,0
rollernet186,18,62,54,27724,36.4639,0.0078,376,21
rollernet731,18,62,14,14091,0,0,0,0
rollernet206,18,62,49,26598,33.3239,0.0066,337,18
rollernet821,18,62,13,13110,0,0,0,0
rollernet19,18,62,526,71645,311.7314,0.0002,48,13
rollernet465,18,62,22,18164,16.7169,0.0003,63,14
rollernet529,18,62,19,16848,16.6736,0.0002,39,12
rollernet106,18,62,95,35221,64.0447,0.0137,549,30
rollernet589,18,62,17,15973,0,0,0,0
rollernet52,18,62,192,48449,132.9492,0.0085,617,51
rollernet441,18,62,23,18627,18.5429,0.0004,85,14
rollernet775,18,62,13,13702,0,0,0,0
rollernet147,18,62,68,30556,51.0628,0.0113,421,20
rollernet718,18,62,14,14243,0,0,0,0
rollernet182,18,62,55,28228,46.9004,0.0042,360,22
rollernet435,18,62,23,18636,19.5757,0.0004,79,12
rollernet458,18,62,22,18207,21.4087,0.0005,83,13
rollernet189,18,62,53,27466,42.7575,0.0062,378,20
rollernet13,18,62,768,82146,409.2418,0.0005,126,24
rollernet953,18,62,11,12179,0,0,0,0
rollernet238,18,62,42,24953,38.8334,0.0053,312,18
rollernet636,18,62,16,15273,0,0,0,0
rollernet290,18,62,35,22925,31.5891,0.0019,229,17
rollernet93,18,62,108,37495,76.7098,0.011,565,33
rollernet546,18,62,19,16827,16.3317,0.0001,15,9
rollernet94,18,62,107,37143,81.264,0.014,605,34
rollernet370,18,62,27,20344,23.7833,0.0015,169,15
rollernet261,18,62,39,24046,31.0828,0.0031,271,21
rollernet531,18,62,19,16804,15.1897,0.0001,36,12
rollernet602,18,62,17,15757,0,0,0,0
rollernet527,18,62,19,16852,18.349,0.0001,33,13
rollernet463,18,62,22,18158,18.6524,0.0003,67,13
rollernet904,18,62,12,12298,0,0,0,0
rollernet176,18,62,57,28378,43.1389,0.0115,380,21
rollernet910,18,62,11,12248,0,0,0,0
rollernet450,18,62,23,18431,23.5337,0.0003,72,13
rollernet884,18,62,12,12757,0,0,0,0
rollernet793,18,62,13,13596,0,0,0,0
rollernet3,18,62,3326,173933,1898.1927,0.28,11735,956
rollernet575,18,62,18,16197,17.4832,0.0,8,4
rollernet61,18,62,164,45174,114.8063,0.0058,553,43
rollernet738,18,62,14,14079,0,0,0,0
rollernet790,18,62,13,13623,0,0,0,0
rollernet887,18,62,12,12700,0,0,0,0
rollernet855,18,62,12,13050,0,0,0,0
rollernet610,18,62,17,15622,0,0,0,0
rollernet939,18,62,11,12150,0,0,0,0
rollernet818,18,62,13,13164,0,0,0,0
rollernet343,18,62,30,21209,28.6176,0.0009,148,16
rollernet765,18,62,14,13748,0,0,0,0
rollernet955,18,62,11,12195,0,0,0,0
rollernet148,18,62,68,30754,50.1459,0.0131,494,22
rollernet153,18,62,66,30020,60.0145,0.0105,425,23
rollernet929,18,62,11,12146,0,0,0,0
rollernet496,18,62,21,17537,19.473,0.0003,58,11
rollernet959,18,62,11,12201,0,0,0,0
rollernet300,18,62,34,22484,28.6895,0.0026,236,17
rollernet629,18,62,16,15312,0,0,0,0
rollernet594,18,62,17,15912,0,0,0,0
rollernet970,18,62,11,12089,0,0,0,0
rollernet365,18,62,28,20516,19.7971,0.0009,136,14
rollernet62,18,62,161,44881,127.983,0.0106,640,42
rollernet680,18,62,15,14781,0,0,0,0
rollernet401,18,62,25,19632,23.1098,0.0005,105,16
rollernet57,18,62,176,46560,123.8399,0.0075,641,50
rollernet608,18,62,17,15659,0,0,0,0
rollernet27,18,62,370,63454,186.1177,0.0006,173,34
rollernet100,18,62,100,36317,59.1974,0.0108,568,31
rollernet960,18,62,11,12205,0,0,0,0
rollernet538,18,62,19,16758,12.5681,0.0001,25,12
rollernet994,18,62,11,11880,0,0,0,0
rollernet500,18,62,20,17358,13.6189,0.0002,44,12
rollernet91,18,62,110,37822,63.9058,0.0149,600,31
rollernet653,18,62,16,15038,0,0,0,0
rollernet38,18,62,263,55458,140.3881,0.0015,347,42
rollernet616,18,62,17,15560,0,0,0,0
rollernet894,18,62,12,12517,0,0,0,0
rollernet948,18,62,11,12174,0,0,0,0
rollernet338,18,62,30,21119,19.8981,0.001,175,15
rollernet318,18,62,32,21964,21.5913,0.0021,218,15
rollernet14,18,62,713,79868,309.5619,0.0003,96,21
rollernet826,18,62,13,13062,0,0,0,0
rollernet291,18,62,35,22875,23.5145,0.0021,244,17
rollernet898,18,62,12,12453,0,0,0,0
rollernet983,18,62,11,12030,0,0,0,0
rollernet697,18,62,15,14550,0,0,0,0
rollernet797,18,62,13,13529,0,0,0,0
rollernet764,18,62,14,13769,0,0,0,0
rollernet657,18,62,16,14998,0,0,0,0
rollernet294,18,62,34,22727,23.2191,0.0021,254,18
rollernet486,18,62,21,17757,14.2132,0.0003,65,13
rollernet706,18,62,15,14420,0,0,0,0
rollernet795,18,62,13,13556,0,0,0,0
rollernet677,18,62,15,14773,0,0,0,0
rollernet71,18,62,141,42277,79.7031,0.0129,702,43
rollernet433,18,62,24,18665,15.675,0.0005,89,13
rollernet63,18,62,159,44576,88.7467,0.0083,621,45
rollernet702,18,62,15,14434,0,0,0,0
rollernet83,18,62,121,39325,69.0721,0.0132,614,34
rollernet736,18,62,14,14075,0,0,0,0
rollernet834,18,62,12,12978,0,0,0,0
rollernet219,18,62,46,25792,17928.4801,0.0071,334,16
rollernet1000,18,62,10,11723,0,0,0,0
rollernet346,18,62,29,21024,21.346,0.0019,186,15
rollernet732,18,62,14,14089,0,0,0,0
rollernet941,18,62,11,12173,0,0,0,0
rollernet639,18,62,16,15289,0,0,0,0
rollernet320,18,62,32,21948,21.3238,0.0016,210,15
rollernet337,18,62,30,21129,19.5821,0.0015,209,16
rollernet395,18,62,26,19792,17.4179,0.0006,129,14
rollernet530,18,62,19,16800,12.7053,0.0002,39,12
rollernet425,18,62,24,18996,16.1921,0.0005,109,17
rollernet992,18,62,11,11925,0,0,0,0
rollernet803,18,62,13,13364,0,0,0,0
rollernet780,18,62,13,13683,0,0,0,0
rollernet218,18,62,46,25867,29.2852,0.0047,315,16
rollernet791,18,62,13,13603,0,0,0,0
rollernet551,18,62,19,16669,12.622,0.0,12,8
rollernet596,18,62,17,15885,0,0,0,0
rollernet253,18,62,40,24114,26.7288,0.0037,303,18
rollernet25,18,62,400,65088,285.7521,0.0003,80,18
rollernet747,18,62,14,13947,0,0,0,0
rollernet794,18,62,13,13575,0,0,0,0
rollernet555,18,62,18,16494,17.7642,0.0,6,4
rollernet661,18,62,16,14977,0,0,0,0
rollernet449,18,62,23,18451,27.357,0.0003,74,13
rollernet332,18,62,31,21353,34.4572,0.0022,161,14
rollernet293,18,62,35,22711,42.0359,0.0021,241,19
rollernet539,18,62,19,16771,22.0704,0.0001,24,12
rollernet518,18,62,20,17074,26.1349,0.0001,33,10
rollernet228,18,62,44,25472,50.9892,0.0036,284,17
rollernet822,18,62,13,13089,0,0,0,0
rollernet778,18,62,13,13683,0,0,0,0
rollernet886,18,62,12,12730,0,0,0,0
rollernet303,18,62,33,22321,38.0861,0.0048,261,18
rollernet845,18,62,12,13059,0,0,0,0
rollernet751,18,62,14,13925,0,0,0,0
rollernet869,18,62,12,12961,0,0,0,0
rollernet155,18,62,65,30051,70.3328,0.0108,468,25
rollernet688,18,62,15,14700,0,0,0,0
rollernet874,18,62,12,12914,0,0,0,0
rollernet160,18,62,63,29712,62.1901,0.015,443,20
rollernet184,18,62,55,27895,44.3178,0.01,404,21
rollernet949,18,62,11,12179,0,0,0,0
rollernet767,18,62,14,13713,0,0,0,0
rollernet712,18,62,15,14300,0,0,0,0
rollernet643,18,62,16,15159,0,0,0,0
rollernet951,18,62,11,12185,0,0,0,0
rollernet436,18,62,23,18635,23.5288,0.0003,66,11
rollernet873,18,62,12,12939,0,0,0,0
rollernet789,18,62,13,13617,0,0,0,0
rollernet940,18,62,11,12164,0,0,0,0
rollernet630,18,62,16,15295,0,0,0,0
rollernet979,18,62,11,12044,0,0,0,0
rollernet749,18,62,14,13918,0,0,0,0
rollernet728,18,62,14,14156,0,0,0,0
rollernet167,18,62,60,29141,53.4146,0.0086,389,22
rollernet263,18,62,38,23942,30.0145,0.0034,281,19
rollernet125,18,62,80,32767,58.3516,0.0085,462,26
rollernet421,18,62,24,19071,19.3727,0.0005,108,17
rollernet933,18,62,11,12126,0,0,0,0
rollernet482,18,62,21,17761,17.7608,0.0003,55,12
rollernet872,18,62,12,12942,0,0,0,0
rollernet466,18,62,22,18153,17.2236,0.0003,71,14
rollernet355,18,62,29,20674,24.0322,0.0008,151,16
rollernet972,18,62,11,12065,0,0,0,0
rollernet597,18,62,17,15867,0,0,0,0
rollernet844,18,62,12,13054,0,0,0,0
rollernet438,18,62,23,18619,25.7148,0.0004,81,14
rollernet585,18,62,18,16039,19.5534,0.0,3,2
rollernet102,18,62,98,35945,92.3834,0.0133,527,31
rollernet682,18,62,15,14776,0,0,0,0
rollernet515,18,62,20,17101,21.3622,0.0002,38,12
rollernet232,18,62,44,25116,53.0205,0.006,321,18
rollernet568,18,62,18,16284,19.5315,0.0,5,2
rollernet853,18,62,12,13070,0,0,0,0
rollernet817,18,62,13,13173,0,0,0,0
rollernet101,18,62,99,36178,118.18,0.0208,546,30
rollernet42,18,62,238,53229,193.8767,0.0049,506,49
rollernet205,18,62,49,26635,46.6544,0.0101,379,17
rollernet588,18,62,17,15976,0,0,0,0
rollernet832,18,62,12,12939,0,0,0,0
rollernet317,18,62,32,21956,38.5582,0.0031,206,14
rollernet735,18,62,14,14056,0,0,0,0
rollernet398,18,62,26,19700,29.8832,0.0007,123,16
rollernet681,18,62,15,14788,0,0,0,0
rollernet737,18,62,14,14076,0,0,0,0
rollernet159,18,62,63,29563,84.1984,0.011,379,21
rollernet936,18,62,11,12137,0,0,0,0
rollernet878,18,62,12,12846,0,0,0,0
rollernet323,18,62,31,21611,50.116,0.0024,179,17
rollernet918,18,62,11,12149,0,0,0,0
rollernet77,18,62,130,40602,152.5396,0.0216,670,39
rollernet392,18,62,26,19771,42.3614,0.0005,106,13
rollernet356,18,62,29,20654,29.3206,0.0009,148,15
rollernet850,18,62,12,13062,0,0,0,0
rollernet340,18,62,30,21155,33.2638,0.001,158,15
rollernet517,18,62,20,17085,15.841,0.0001,35,10
rollernet469,18,62,22,18075,16.6118,0.0003,80,14
rollernet985,18,62,11,12012,0,0,0,0
rollernet154,18,62,65,30061,50.5749,0.0114,429,22
rollernet943,18,62,11,12174,0,0,0,0
rollernet276,18,62,37,23160,27.7737,0.002,222,18
rollernet104,18,62,96,35589,69.4596,0.0101,523,27
rollernet816,18,62,13,13202,0,0,0,0
rollernet269,18,62,38,23536,24.9267,0.0034,278,17
rollernet574,18,62,18,16203,12.131,0.0,8,4
rollernet573,18,62,18,16182,11.9384,0.0,7,4
rollernet711,18,62,15,14325,0,0,0,0
rollernet326,18,62,31,21463,22.3706,0.0012,175,18
rollernet766,18,62,14,13716,0,0,0,0
rollernet519,18,62,20,17070,14.1353,0.0001,35,10
rollernet758,18,62,14,13867,0,0,0,0
rollernet885,18,62,12,12738,0,0,0,0
rollernet229,18,62,44,25350,37.5289,0.0057,368,19
rollernet165,18,62,61,29086,43.4622,0.0056,370,22
rollernet157,18,62,64,29868,54.3837,0.0051,345,23
rollernet554,18,62,19,16529,18.8874,0.0,6,4
rollernet191,18,62,53,27463,41.8825,0.0042,313,21
rollernet353,18,62,29,20683,22.2778,0.0017,174,15
rollernet506,18,62,20,17232,17.3405,0.0002,39,11
rollernet980,18,62,11,12025,0,0,0,0
rollernet417,18,62,24,19093,17.711,0.0005,96,16
rollernet801,18,62,13,13423,0,0,0,0
rollernet448,18,62,23,18446,17.9057,0.0003,79,13
rollernet201,18,62,50,26774,39.037,0.0027,278,21
rollernet4,18,62,2495,144869,1492.6501,0.0775,5381,500
rollernet117,18,62,86,33717,75.5951,0.0107,493,25
rollernet582,18,62,18,16125,13.2893,0.0,4,2
rollernet251,18,62,40,24224,34.1272,0.0032,264,16
rollernet379,18,62,27,20065,27.146,0.0007,119,15
rollernet673,18,62,15,14764,0,0,0,0
rollernet116,18,62,87,34019,72.7773,0.0095,496,28
rollernet132,18,62,76,32066,51.8521,0.0082,390,26
rollernet312,18,62,32,21870,25.9447,0.001,175,17
rollernet273,18,62,37,23343,29.3779,0.0051,235,18
rollernet187,18,62,54,27523,41.5981,0.0103,416,19
rollernet672,18,62,15,14774,0,0,0,0
rollernet748,18,62,14,13930,0,0,0,0
rollernet264,18,62,38,23917,27.8262,0.0034,256,18
rollernet699,18,62,15,14525,0,0,0,0
rollernet143,18,62,70,31006,58.2383,0.0103,423,23
rollernet840,18,62,12,13045,0,0,0,0
rollernet857,18,62,12,13039,0,0,0,0
rollernet204,18,62,49,26619,53.3512,0.0062,344,21
rollernet512,18,62,20,17142,18.2304,0.0002,36,12
rollernet744,18,62,14,14007,0,0,0,0
rollernet726,18,62,14,14181,0,0,0,0
rollernet601,18,62,17,15789,0,0,0,0
rollernet424,18,62,24,19009,24.0781,0.0006,115,17
rollernet692,18,62,15,14626,0,0,0,0
rollernet443,18,62,23,18640,19.9023,0.0005,95,14
rollernet976,18,62,11,12054,0,0,0,0
rollernet838,18,62,12,13038,0,0,0,0
rollernet975,18,62,11,12058,0,0,0,0
rollernet99,18,62,101,36412,83.8238,0.014,522,28
rollernet578,18,62,18,16177,17.9096,0.0,6,4
rollernet210,18,62,48,26421,39.7717,0.0075,401,18
rollernet703,18,62,15,14411,0,0,0,0
rollernet9,18,62,1109,95275,583.7656,0.0068,420,50
rollernet235,18,62,43,25052,53.9893,0.0059,283,17
rollernet875,18,62,12,12909,0,0,0,0
rollernet382,18,62,27,19921,26.0523,0.001,138,15
rollernet665,18,62,16,14836,0,0,0,0
rollernet428,18,62,24,18906,23.382,0.0004,94,15
rollernet792,18,62,13,13608,0,0,0,0
rollernet833,18,62,12,12955,0,0,0,0
rollernet16,18,62,624,76000,366.6111,0.0002,71,14
rollernet987,18,62,11,11996,0,0,0,0
rollernet308,18,62,33,21988,21.6343,0.0011,197,16
rollernet899,18,62,12,12438,0,0,0,0
rollernet807,18,62,13,13307,0,0,0,0
rollernet867,18,62,12,12988,0,0,0,0
rollernet920,18,62,11,12150,0,0,0,0
rollernet37,18,62,270,56106,147.1141,0.0018,377,45
rollernet483,18,62,21,17767,14.3172,0.0002,57,13
rollernet357,18,62,28,20564,19.3726,0.0008,127,14
rollernet508,18,62,20,17183,13.5027,0.0002,37,11
rollernet79,18,62,127,40235,74.5859,0.0112,601,37
rollernet888,18,62,12,12677,0,0,0,0
rollernet282,18,62,36,23086,24.3483,0.0025,235,17
rollernet313,18,62,32,21927,22.2921,0.0013,191,17
rollernet262,18,62,39,23990,26.4182,0.0034,275,19
rollernet345,18,62,29,21094,20.4573,0.0018,175,15
rollernet917,18,62,11,12158,0,0,0,0
rollernet814,18,62,13,13247,0,0,0,0
rollernet316,18,62,32,21937,21.9759,0.0024,207,15
rollernet174,18,62,58,28641,36.7704,0.0065,416,24
rollernet20,18,62,499,70321,263.6317,0.0007,90,13
rollernet72,18,62,139,41989,104.4407,0.0146,636,41
rollernet40,18,62,250,54263,185.4476,0.0032,491,51
rollernet239,18,62,42,24820,46.6334,0.0045,298,19
rollernet456,18,62,22,18292,35.3603,0.0008,79,13
rollernet113,18,62,89,34393,109.3108,0.0095,499,29
rollernet179,18,62,56,27990,37.5608,0.0066,355,21
rollernet504,18,62,20,17291,14.1996,0.0001,37,12
rollernet397,18,62,26,19769,18.6562,0.001,149,16
rollernet306,18,62,33,22052,26.8764,0.0014,201,18
rollernet309,18,62,33,21963,28.5054,0.001,169,16
rollernet740,18,62,14,14063,0,0,0,0
rollernet112,18,62,90,34425,83.5044,0.0084,446,27
rollernet380,18,62,27,20040,28.9181,0.0005,117,16
rollernet107,18,62,94,35207,96.3107,0.0215,515,26
rollernet442,18,62,23,18626,25.6927,0.0008,95,15
rollernet689,18,62,15,14671,0,0,0,0
rollernet351,18,62,29,20738,27.4545,0.0014,161,14
rollernet250,18,62,40,24157,45.8535,0.0052,306,18
rollernet280,18,62,36,23143,27.684,0.0026,252,17
rollernet304,18,62,33,22237,23.3888,0.0026,257,18
rollernet404,18,62,25,19625,17.9501,0.0009,127,14
rollernet593,18,62,17,15949,0,0,0,0
rollernet880,18,62,12,12812,0,0,0,0
rollernet648,18,62,16,15059,0,0,0,0
rollernet525,18,62,20,16865,13.5468,0.0001,34,11
rollernet545,18,62,19,16827,13.1523,0.0001,16,9
rollernet984,18,62,11,12024,0,0,0,0
rollernet599,18,62,17,15825,0,0,0,0
rollernet350,18,62,29,20817,19.5073,0.0016,190,16
rollernet631,18,62,16,15290,0,0,0,0
rollernet212,18,62,48,26095,30.8744,0.0051,350,19
rollernet54,18,62,185,47710,105.3286,0.0086,652,46
rollernet333,18,62,30,21317,20.7017,0.001,158,14
rollernet446,18,62,23,18503,15.7701,0.0005,86,12
rollernet322,18,62,31,21694,21.5298,0.0013,185,16
rollernet603,18,62,17,15738,0,0,0,0
rollernet982,18,62,11,12032,0,0,0,0
rollernet200,18,62,50,26873,32.6952,0.0046,334,21
rollernet626,18,62,16,15306,0,0,0,0
rollernet520,18,62,20,17041,13.5794,0.0002,38,10
rollernet297,18,62,34,22677,23.284,0.0027,279,18
rollernet361,18,62,28,20570,19.556,0.0007,123,15
rollernet762,18,62,14,13793,0,0,0,0
rollernet819,18,62,13,13151,0,0,0,0
rollernet611,18,62,17,15623,0,0,0,0
rollernet674,18,62,15,14763,0,0,0,0
rollernet866,18,62,12,13008,0,0,0,0
rollernet502,18,62,20,17332,14.2091,0.0002,43,12
rollernet46,18,62,217,51184,120.8226,0.0033,482,47
rollernet362,18,62,28,20580,19.6186,0.0012,151,16
rollernet625,18,62,16,15313,0,0,0,0
rollernet68,18,62,147,42866,83.9402,0.0091,618,45
rollernet851,18,62,12,13069,0,0,0,0
rollernet805,18,62,13,13333,0,0,0,0
rollernet26,18,62,384,64246,202.0736,0.0004,134,25
rollernet947,18,62,11,12162,0,0,0,0
rollernet757,18,62,14,13875,0,0,0,0
rollernet854,18,62,12,13055,0,0,0,0
rollernet870,18,62,12,12951,0,0,0,0
rollernet437,18,62,23,18631,16.0165,0.0003,77,14
rollernet583,18,62,18,16097,12.0905,0.0,3,2
rollernet109,18,62,92,34920,55.5943,0.0089,496,30
rollernet119,18,62,84,33676,51.6621,0.0092,505,26
rollernet715,18,62,14,14256,0,0,0,0
rollernet847,18,62,12,13046,0,0,0,0
rollernet882,18,62,12,12793,0,0,0,0
rollernet58,18,62,173,46182,98.1865,0.0086,641,44
rollernet34,18,62,294,58015,3558.1923,0.0017,371,44
rollernet521,18,62,20,17016,16.342,0.0002,41,11
rollernet173,18,62,58,28690,61.6954,0.0072,369,25
rollernet171,18,62,59,28773,55.63,0.0031,284,21
rollernet605,18,62,17,15731,0,0,0,0
rollernet522,18,62,20,16978,17.5068,0.0002,40,11
rollernet70,18,62,143,42437,127.0368,0.0145,704,42
rollernet172,18,62,59,28738,63.3854,0.004,318,23
rollernet216,18,62,47,25903,53.0163,0.0075,345,18
rollernet752,18,62,14,13927,0,0,0,0
rollernet368,18,62,28,20354,28.1083,0.0011,175,15
rollernet73,18,62,137,41621,128.7704,0.0136,649,36
rollernet572,18,62,18,16196,14.9804,0.0,6,3
rollernet831,18,62,13,12954,0,0,0,0
rollernet911,18,62,11,12229,0,0,0,0
rollernet861,18,62,12,13041,0,0,0,0
rollernet923,18,62,11,12147,0,0,0,0
rollernet922,18,62,11,12145,0,0,0,0
rollernet470,18,62,22,18075,18.8893,0.0003,76,14
rollernet624,18,62,16,15306,0,0,0,0
rollernet381,18,62,27,19975,31.8282,0.0008,128,16
rollernet659,18,62,16,14975,0,0,0,0
rollernet662,18,62,16,14936,0,0,0,0
rollernet558,18,62,18,16431,18.2306,0.0,4,2
rollernet82,18,62,122,39542,109.9199,0.0174,636,37
rollernet86,18,62,117,38726,91.5424,0.0143,602,34
rollernet88,18,62,114,38345,83.7116,0.0153,640,36
rollernet373,18,62,27,20266,21.5144,0.0008,135,15
rollernet559,18,62,18,16402,15.4502,0.0,5,2
rollernet768,18,62,13,13705,0,0,0,0
rollernet36,18,62,278,56780,188.3227,0.0035,350,44
rollernet342,18,62,30,21210,22.5388,0.0011,139,16
rollernet196,18,62,51,27006,40.1486,0.0071,369,19
rollernet198,18,62,51,27031,35.1761,0.0067,370,20
rollernet390,18,62,26,19758,19.0011,0.0005,108,15
rollernet937,18,62,11,12135,0,0,0,0
rollernet479,18,62,21,17834,22.2391,0.0002,47,12
rollernet292,18,62,35,22766,24.8978,0.0023,256,17
rollernet607,18,62,17,15690,0,0,0,0
rollernet505,18,62,20,17263,17.4399,0.0002,41,12
rollernet566,18,62,18,16324,12.8176,0.0,7,3
rollernet809,18,62,13,13278,0,0,0,0
rollernet410,18,62,25,19312,19.1337,0.0005,96,13
rollernet67,18,62,149,43293,97.2021,0.0121,672,43
rollernet848,18,62,12,13050,0,0,0,0
rollernet490,18,62,21,17689,15.4988,0.0004,76,14
rollernet663,18,62,16,14911,0,0,0,0
rollernet49,18,62,204,49784,129.4405,0.0055,583,43
rollernet587,18,62,17,15959,0,0,0,0
rollernet745,18,62,14,13985,0,0,0,0
rollernet17,18,62,587,74546,302.3595,0.0001,41,12
rollernet564,18,62,18,16349,19.067,0.0001,11,4
rollernet609,18,62,17,15637,0,0,0,0
rollernet569,18,62,18,16268,19.2144,0.0001,6,3
rollernet222,18,62,45,25519,47.987,0.0048,304,18
rollernet429,18,62,24,18873,24.3088,0.0005,88,12
rollernet883,18,62,12,12770,0,0,0,0
rollernet241,18,62,42,24694,35.4862,0.0038,277,17
rollernet464,18,62,22,18142,20.529,0.0003,67,13
rollernet827,18,62,13,13014,0,0,0,0
rollernet310,18,62,33,21951,33.5277,0.0008,159,15
rollernet344,18,62,30,21141,28.3397,0.0021,172,17
rollernet225,18,62,45,25572,41.2631,0.0047,305,18
rollernet730,18,62,14,14106,0,0,0,0
rollernet23,18,62,434,67120,305.0106,0.0003,79,14
rollernet761,18,62,14,13801,0,0,0,0
rollernet967,18,62,11,12124,0,0,0,0
rollernet571,18,62,18,16225,23.6254,0.0,6,3
rollernet405,18,62,25,19567,36.8109,0.0008,116,15
rollernet140,18,62,72,31337,82.2645,0.0081,391,22
rollernet275,18,62,37,23231,46.1529,0.0027,232,17
rollernet836,18,62,12,13018,0,0,0,0
rollernet756,18,62,14,13877,0,0,0,0
rollernet586,18,62,18,15988,25.9402,0.0,1,1
rollernet860,18,62,12,13043,0,0,0,0
rollernet640,18,62,16,15265,0,0,0,0
rollernet156,18,62,64,29913,62.1508,0.006,360,23
rollernet69,18,62,145,42766,112.1594,0.0112,647,41
rollernet265,18,62,38,23768,40.6683,0.0032,279,17
rollernet484,18,62,21,17757,21.5148,0.0003,53,14
rollernet460,18,62,22,18152,23.3857,0.0005,79,12
rollernet203,18,62,50,26690,38.9097,0.0044,309,20
rollernet478,18,62,21,17813,22.4746,0.0003,46,12
rollernet358,18,62,28,20552,30.7406,0.0005,110,14
rollernet89,18,62,113,38199,94.1291,0.0155,651,35
rollernet95,18,62,106,36935,90.1898,0.0154,612,36
rollernet997,18,62,11,11792,0,0,0,0
rollernet7,18,62,1426,107008,662.6746,0.0069,936,132
rollernet45,19,62,222,51683,127.2216,0.0044,462,40
rollernet21,19,62,476,69107,411.7087,0.0003,32,5
rollernet339,19,62,30,21149,33.6359,0.0007,129,14
rollernet710,19,62,15,14361,0,0,0,0
rollernet964,19,62,11,12148,0,0,0,0
rollernet628,19,62,16,15321,0,0,0,0
rollernet493,19,62,21,17672,19.0589,0.0002,42,10
rollernet330,19,62,31,21388,29.0088,0.0017,173,15
rollernet864,19,62,12,13027,0,0,0,0
rollernet137,19,62,73,31487,59.4719,0.0072,403,19
rollernet440,19,62,23,18633,19.8603,0.0002,54,11
rollernet10,19,62,998,91133,516.0826,0.0018,266,34
rollernet177,19,62,57,28233,66.608,0.0153,361,19
rollernet615,19,62,17,15572,0,0,0,0
rollernet473,19,62,22,17900,23.4953,0.0002,41,13
rollernet871,19,62,12,12959,0,0,0,0
rollernet188,19,62,54,27480,51.1384,0.0115,349,18
rollernet96,19,62,104,36981,117.8847,0.0128,556,30
rollernet66,19,62,152,43582,103.28,0.0129,664,40
rollernet208,19,62,48,26516,49.9636,0.0088,288,16
rollernet694,19,62,15,14580,0,0,0,0
rollernet185,19,62,54,27655,79.0306,0.0116,340,20
rollernet431,19,62,24,18768,30.8631,0.0005,66,9
rollernet786,19,62,13,13658,0,0,0,0
rollernet65,19,62,154,43913,174.8572,0.0092,544,38
rollernet968,19,62,11,12122,0,0,0,0
rollernet359,19,62,28,20585,47.2831,0.0006,66,13
rollernet127,19,62,79,32634,100.6889,0.012,437,24
rollernet510,19,62,20,17156,26.3485,0.0001,15,8
rollernet641,19,62,16,15245,0,0,0,0
rollernet686,19,62,15,14735,0,0,0,0
rollernet619,19,62,17,15483,0,0,0,0
rollernet695,19,62,15,14555,0,0,0,0
rollernet78,19,62,128,40451,143.7133,0.0318,672,33
rollernet329,19,62,31,21406,38.2756,0.0024,171,15
rollernet829,19,62,13,12994,0,0,0,0
rollernet928,19,62,11,12136,0,0,0,0
rollernet509,19,62,20,17172,27.3532,0.0001,15,8
rollernet51,19,62,196,48886,187.4052,0.0048,453,43
rollernet481,19,62,21,17808,27.0077,0.0001,28,9
rollernet950,19,62,11,12175,0,0,0,0
rollernet307,19,62,33,22034,32.9896,0.0011,151,14
rollernet684,19,62,15,14751,0,0,0,0
rollernet75,19,62,134,41075,142.8519,0.0178,627,35
rollernet541,19,62,19,16804,27.4347,0.0,5,3
rollernet561,19,62,18,16366,0,0,0,0
rollernet965,19,62,11,12138,0,0,0,0
rollernet927,19,62,11,12138,0,0,0,0
rollernet311,19,62,33,21879,36.2949,0.0006,124,15
rollernet376,19,62,27,20185,25.1341,0.0009,114,13
rollernet902,19,62,12,12358,0,0,0,0
rollernet15,19,62,666,77989,497.1353,0.0003,69,11
rollernet371,19,62,27,20310,37.1975,0.0021,121,14
rollernet230,19,62,44,25217,61.0976,0.006,298,17
rollernet272,19,62,37,23384,41.2831,0.0023,214,16
rollernet411,19,62,25,19280,29.5224,0.0004,72,11
rollernet690,19,62,15,14654,0,0,0,0
rollernet942,19,62,11,12173,0,0,0,0
rollernet556,19,62,18,16468,0,0,0,0
rollernet237,19,62,43,25097,44.335,0.0064,289,18
rollernet245,19,62,41,24599,43.8934,0.0037,264,20
rollernet472,19,62,22,17980,21.8923,0.0002,45,13
rollernet913,19,62,11,12202,0,0,0,0
rollernet543,19,62,19,16836,19.5662,0.0,4,2
rollernet669,19,62,15,14783,0,0,0,0
rollernet742,19,62,14,14018,0,0,0,0
rollernet352,19,62,29,20703,38.4337,0.0017,131,13
rollernet815,19,62,13,13217,0,0,0,0
rollernet277,19,62,37,23124,48.1787,0.0024,193,16
rollernet906,19,62,12,12266,0,0,0,0
rollernet35,19,62,286,57341,245.2876,0.0016,280,42
rollernet315,19,62,32,21949,32.1853,0.002,163,14
rollernet233,19,62,43,25163,43.2115,0.0035,253,16
rollernet754,19,62,14,13904,0,0,0,0
rollernet476,19,62,21,17767,22.2831,0.0001,29,11
rollernet678,19,62,15,14776,0,0,0,0
rollernet459,19,62,22,18155,23.0212,0.0003,54,11
rollernet498,19,62,21,17416,21.3507,0.0001,20,9
rollernet623,19,62,17,15327,0,0,0,0
rollernet802,19,62,13,13395,0,0,0,0
rollernet660,19,62,16,14976,0,0,0,0
rollernet618,19,62,17,15504,0,0,0,0
rollernet565,19,62,18,16344,0,0,0,0
rollernet259,19,62,39,24084,36.7032,0.0022,227,17
rollernet375,19,62,27,20157,28.861,0.0007,105,13
rollernet638,19,62,16,15284,0,0,0,0
rollernet150,19,62,67,30202,69.3924,0.0068,353,21
rollernet649,19,62,16,15064,0,0,0,0
rollernet485,19,62,21,17760,24.9644,0.0002,40,10
rollernet963,19,62,11,12161,0,0,0,0
rollernet1001,19,62,10,11721,0,0,0,0
rollernet412,19,62,25,19234,24.6496,0.0004,81,13
rollernet614,19,62,17,15581,0,0,0,0
rollernet385,19,62,26,19777,25.6344,0.0011,122,14
rollernet254,19,62,40,24032,38.3397,0.0035,247,15
rollernet289,19,62,35,22945,33.996,0.002,179,15
rollernet999,19,62,10,11742,0,0,0,0
rollernet336,19,62,30,21185,29.7487,0.0011,150,14
rollernet966,19,62,11,12129,0,0,0,0
rollernet487,19,62,21,17713,23.0938,0.0002,36,8
rollernet152,19,62,66,30283,76.4357,0.0086,355,20
rollernet226,19,62,45,25682,62.365,0.0052,283,15
rollernet74,19,62,135,41502,124.3742,0.0279,586,37
rollernet889,19,62,12,12644,0,0,0,0
rollernet231,19,62,44,25100,50.4745,0.005,276,15
rollernet905,19,62,12,12272,0,0,0,0
rollernet434,19,62,23,18628,42.1469,0.0005,57,10
rollernet856,19,62,12,13039,0,0,0,0
rollernet696,19,62,15,14540,0,0,0,0
rollernet580,19,62,18,16165,0,0,0,0
rollernet921,19,62,11,12142,0,0,0,0
rollernet590,19,62,17,16010,0,0,0,0
rollernet334,19,62,30,21303,35.3094,0.0008,121,13
rollernet788,19,62,13,13622,0,0,0,0
rollernet842,19,62,12,13052,0,0,0,0
rollernet579,19,62,18,16174,0,0,0,0
rollernet477,19,62,21,17795,21.9052,0.0001,26,10
rollernet969,19,62,11,12103,0,0,0,0
rollernet492,19,62,21,17690,21.6188,0.0005,40,10
rollernet547,19,62,19,16817,19.0703,0.0,3,2
rollernet810,19,62,13,13255,0,0,0,0
rollernet993,19,62,11,11892,0,0,0,0
rollernet474,19,62,22,17846,25.954,0.0002,35,12
rollernet278,19,62,36,23117,35.4497,0.0032,196,15
rollernet161,19,62,62,29552,64.143,0.0109,348,17
rollernet779,19,62,13,13685,0,0,0,0
rollernet655,19,62,16,15021,0,0,0,0
rollernet409,19,62,25,19342,27.1069,0.0005,78,11
rollernet64,19,62,156,44184,128.0216,0.0131,598,41
rollernet996,19,62,11,11812,0,0,0,0
rollernet418,19,62,24,19139,24.893,0.0005,75,13
rollernet667,19,62,15,14781,0,0,0,0
rollernet423,19,62,24,19026,30.1521,0.0004,79,12
rollernet325,19,62,31,21480,39.0688,0.0012,130,15
rollernet192,19,62,52,27338,56.4402,0.0034,249,18
rollernet524,19,62,20,16900,24.0777,0.0001,8,5
rollernet716,19,62,14,14243,0,0,0,0
rollernet542,19,62,19,16818,23.1331,0.0001,5,3
rollernet347,19,62,29,21014,45.4846,0.0012,123,12
rollernet134,19,62,75,31961,85.155,0.0146,378,22
rollernet503,19,62,20,17309,25.2762,0.0001,17,9
rollernet720,19,62,14,14249,0,0,0,0
rollernet386,19,62,26,19755,35.3141,0.0009,109,14
rollernet144,19,62,70,30971,82.7374,0.0079,400,21
rollernet341,19,62,30,21187,40.0586,0.0008,99,12
rollernet363,19,62,28,20583,33.4686,0.0012,109,13
rollernet713,19,62,14,14268,0,0,0,0
rollernet890,19,62,12,12617,0,0,0,0
rollernet897,19,62,12,12480,0,0,0,0
rollernet598,19,62,17,15832,0,0,0,0
rollernet146,19,62,69,30672,80.9954,0.0251,351,17
rollernet180,19,62,56,28075,60.4448,0.0037,271,17
rollernet118,19,62,85,33799,83.137,0.01,459,22
rollernet419,19,62,24,19120,20.2182,0.0004,79,13
rollernet988,19,62,11,11990,0,0,0,0
rollernet613,19,62,17,15585,0,0,0,0
rollernet759,19,62,14,13847,0,0,0,0
rollernet248,19,62,41,24469,37.6274,0.0042,281,17
rollernet584,19,62,18,16050,0,0,0,0
rollernet244,19,62,41,24663,30.3242,0.0023,241,16
rollernet708,19,62,15,14409,0,0,0,0
rollernet145,19,62,69,30949,43.2385,0.0047,342,19
rollernet56,19,62,179,46991,101.6514,0.0065,576,37
rollernet858,19,62,12,13039,0,0,0,0
rollernet281,19,62,36,23123,24.4941,0.0014,172,16
rollernet528,19,62,19,16860,13.1145,0.0,8,4
rollernet811,19,62,13,13253,0,0,0,0
rollernet733,19,62,14,14079,0,0,0,0
rollernet956,19,62,11,12193,0,0,0,0
rollernet727,19,62,14,14169,0,0,0,0
rollernet387,19,62,26,19783,18.0066,0.0005,95,13
rollernet717,19,62,14,14238,0,0,0,0
rollernet644,19,62,16,15131,0,0,0,0
rollernet839,19,62,12,13037,0,0,0,0
rollernet41,19,62,244,53741,176.2609,0.0029,417,38
rollernet919,19,62,11,12140,0,0,0,0
rollernet491,19,62,21,17687,17.4252,0.0002,38,11
rollernet81,19,62,124,39813,106.7203,0.0174,642,35
rollernet175,19,62,58,28518,52.8761,0.0074,356,16
rollernet770,19,62,13,13689,0,0,0,0
rollernet760,19,62,14,13831,0,0,0,0
rollernet18,19,62,555,72913,357.0037,0.0001,30,7
rollernet133,19,62,76,31966,69.1038,0.0075,391,21
rollernet447,19,62,23,18467,22.1718,0.0003,60,11
rollernet849,19,62,12,13052,0,0,0,0
rollernet734,19,62,14,14053,0,0,0,0
rollernet190,19,62,53,27471,39.3742,0.0033,297,18
rollernet110,19,62,91,34789,59.7628,0.0108,536,27
rollernet214,19,62,47,26063,37.4464,0.0061,286,19
rollernet426,19,62,24,18988,22.8657,0.0003,74,13
rollernet781,19,62,13,13681,0,0,0,0
rollernet181,19,62,56,28108,48.7834,0.0026,269,19
rollernet879,19,62,12,12817,0,0,0,0
rollernet369,19,62,28,20355,24.9553,0.0006,122,14
rollernet331,19,62,31,21398,21.6775,0.0015,167,16
rollernet497,19,62,21,17504,14.5771,0.0001,30,9
rollernet952,19,62,11,12186,0,0,0,0
rollernet617,19,62,17,15537,0,0,0,0
rollernet501,19,62,20,17359,16.0902,0.0002,19,11
rollernet755,19,62,14,13886,0,0,0,0
rollernet453,19,62,23,18368,33.3756,0.0002,48,12
rollernet138,19,62,73,31546,69.6941,0.005,352,21
rollernet403,19,62,25,19621,18.7702,0.0003,73,14
rollernet892,19,62,12,12553,0,0,0,0
rollernet723,19,62,14,14225,0,0,0,0
rollernet820,19,62,13,13127,0,0,0,0
rollernet683,19,62,15,14772,0,0,0,0
rollernet876,19,62,12,12877,0,0,0,0
rollernet402,19,62,25,19621,18.0752,0.0003,66,13
rollernet877,19,62,12,12861,0,0,0,0
rollernet513,19,62,20,17121,15.1907,0.0001,15,10
rollernet540,19,62,19,16767,13.5286,0.0,6,4
rollernet427,19,62,24,18943,16.8998,0.0002,58,12
rollernet916,19,62,11,12176,0,0,0,0
rollernet935,19,62,11,12132,0,0,0,0
rollernet39,19,62,256,54937,142.2544,0.0017,328,42
rollernet800,19,62,13,13454,0,0,0,0
rollernet783,19,62,13,13654,0,0,0,0
rollernet348,19,62,29,20923,19.8354,0.0009,121,12
rollernet799,19,62,13,13485,0,0,0,0
rollernet268,19,62,38,23583,25.3373,0.0023,240,18
rollernet85,19,62,118,38904,68.0443,0.009,536,33
rollernet335,19,62,30,21230,20.5542,0.0005,123,14
rollernet656,19,62,16,15010,0,0,0,0
rollernet367,19,62,28,20379,19.3206,0.0007,117,14
rollernet400,19,62,25,19641,17.4548,0.0004,85,13
rollernet391,19,62,26,19752,17.8498,0.0003,77,12
rollernet666,19,62,15,14812,0,0,0,0
rollernet931,19,62,11,12136,0,0,0,0
rollernet634,19,62,16,15267,0,0,0,0
rollernet287,19,62,35,22906,23.6235,0.001,160,16
rollernet846,19,62,12,13053,0,0,0,0
rollernet285,19,62,36,22962,23.8285,0.0014,193,16
rollernet120,19,62,84,33304,50.4484,0.0068,392,23
rollernet480,19,62,21,17833,14.6605,0.0001,29,10
rollernet414,19,62,25,19140,16.5706,0.0003,70,10
rollernet785,19,62,13,13655,0,0,0,0
rollernet260,19,62,39,24154,26.4896,0.0017,212,16
rollernet642,19,62,16,15202,0,0,0,0
rollernet445,19,62,23,18551,15.5436,0.0002,62,12
rollernet408,19,62,25,19397,17.2467,0.0005,84,12
rollernet22,19,62,454,68076,222.5072,0.0002,67,11
rollernet709,19,62,15,14383,0,0,0,0
rollernet645,19,62,16,15110,0,0,0,0
rollernet92,19,62,109,37616,64.4917,0.0114,555,29
rollernet413,19,62,25,19222,16.9833,0.0003,77,12
rollernet131,19,62,77,32336,48.1026,0.0132,491,22
rollernet729,19,62,14,14130,0,0,0,0
rollernet420,19,62,24,19106,16.7486,0.0004,77,13
rollernet279,19,62,36,23157,24.078,0.0017,204,15
rollernet168,19,62,60,28952,38.6939,0.0066,367,18
rollernet685,19,62,15,14745,0,0,0,0
rollernet44,19,62,227,52160,123.8098,0.0028,435,40
rollernet511,19,62,20,17154,13.5432,0.0001,14,8
rollernet199,19,62,51,27008,33.3565,0.0045,292,16
rollernet924,19,62,11,12139,0,0,0,0
rollernet43,19,62,233,52721,1448.4821,0.0027,427,43
rollernet995,19,62,11,11855,0,0,0,0
rollernet467,19,62,22,18130,22.6591,0.0001,43,11
rollernet534,19,62,19,16766,16.9651,0.0,7,4
rollernet548,19,62,19,16792,17.2716,0.0,2,1
rollernet652,19,62,16,15039,0,0,0,0
rollernet903,19,62,12,12332,0,0,0,0
rollernet622,19,62,17,15361,0,0,0,0
rollernet151,19,62,67,30323,65.1039,0.0052,335,18
rollernet162,19,62,62,29383,51.9475,0.0074,351,17
rollernet122,19,62,82,33240,68.523,0.0093,471,24
rollernet249,19,62,41,24261,39.2778,0.0033,263,16
rollernet532,19,62,19,16816,17.194,0.0,7,3
rollernet302,19,62,34,22362,29.1601,0.0026,204,14
rollernet270,19,62,37,23482,33.8991,0.002,226,19
rollernet457,19,62,22,18243,21.2573,0.0002,57,11
rollernet804,19,62,13,13345,0,0,0,0
rollernet50,19,62,200,49390,179.8143,0.0078,535,46
rollernet763,19,62,14,13791,0,0,0,0
rollernet977,19,62,11,12054,0,0,0,0
rollernet271,19,62,37,23476,37.8283,0.0018,219,17
rollernet407,19,62,25,19474,22.7763,0.0008,95,13
rollernet471,19,62,22,18033,23.8282,0.0002,52,13
rollernet926,19,62,11,12132,0,0,0,0
rollernet258,19,62,39,24076,40.1891,0.0023,225,16
rollernet5,19,62,1996,127401,1067.2846,0.0256,2490,260
rollernet743,19,62,14,14018,0,0,0,0
rollernet536,19,62,19,16751,22.4217,0.0,5,3
rollernet557,19,62,18,16446,0,0,0,0
rollernet938,19,62,11,12143,0,0,0,0
rollernet227,19,62,44,25567,37.2662,0.0026,257,16
rollernet224,19,62,45,25439,52.8488,0.006,280,15
rollernet105,19,62,96,35505,79.0135,0.0114,505,28
rollernet349,19,62,29,20889,33.1427,0.0009,124,13
rollernet769,19,62,13,13688,0,0,0,0
rollernet257,19,62,39,24022,40.2721,0.0022,224,16
rollernet475,19,62,22,17796,26.2203,0.0001,34,12
rollernet399,19,62,26,19671,27.4146,0.0007,91,14
rollernet808,19,62,13,13294,0,0,0,0
rollernet693,19,62,15,14596,0,0,0,0
rollernet843,19,62,12,13051,0,0,0,0
rollernet213,19,62,47,26087,36.442,0.0038,286,17
fileTruc,19,6,4,14,0,0,0,0
rollernet388,19,62,26,19786,17.9157,0.0003,81,10
rollernet687,19,62,15,14702,0,0,0,0
rollernet600,19,62,17,15808,0,0,0,0
rollernet577,19,62,18,16181,0,0,0,0
rollernet396,19,62,26,19787,18.4964,0.0006,106,14
rollernet550,19,62,19,16717,12.3082,0.0,1,1
rollernet377,19,62,27,20117,20.4499,0.0005,108,14
rollernet217,19,62,46,25899,34.7114,0.0033,272,17
rollernet796,19,62,13,13540,0,0,0,0
rollernet97,19,62,103,36722,76.1618,0.0174,562,28
rollernet149,19,62,67,30552,52.9251,0.0098,334,22
rollernet971,19,62,11,12068,0,0,0,0
rollernet881,19,62,12,12800,0,0,0,0
rollernet753,19,62,14,13918,0,0,0,0
rollernet462,19,62,22,18145,24.2686,0.0004,48,11
rollernet925,19,62,11,12138,0,0,0,0
rollernet914,19,62,11,12199,0,0,0,0
rollernet537,19,62,19,16752,14.8669,0.0,6,4
rollernet432,19,62,24,18710,16.0799,0.0004,64,9
rollernet314,19,62,32,21959,24.065,0.0041,164,16
rollernet321,19,62,32,21819,49.3746,0.0008,150,14
rollernet620,19,62,17,15439,0,0,0,0
rollernet604,19,62,17,15726,0,0,0,0
rollernet374,19,62,27,20192,21.2763,0.0006,98,13
rollernet266,19,62,38,23762,30.823,0.0065,241,16
rollernet223,19,62,45,25424,43.9697,0.004,273,17
rollernet658,19,62,16,14994,0,0,0,0
rollernet499,19,62,20,17371,17.8537,0.0001,18,10
rollernet637,19,62,16,15269,0,0,0,0
rollernet28,19,62,357,62616,248.7982,0.0004,101,18
rollernet6,19,62,1663,115375,874.42,0.0116,1347,175
rollernet841,19,62,12,13056,0,0,0,0
rollernet865,19,62,12,13028,0,0,0,0
rollernet563,19,62,18,16356,0,0,0,0
rollernet439,19,62,23,18623,15.3148,0.0002,52,12
rollernet650,19,62,16,15077,0,0,0,0
rollernet234,19,62,43,25027,28.5491,0.0034,280,17
rollernet406,19,62,25,19500,16.983,0.0006,90,12
rollernet912,19,62,11,12215,0,0,0,0
rollernet895,19,62,12,12505,0,0,0,0
rollernet53,19,62,189,48035,110.7416,0.005,511,41
rollernet12,19,62,832,84702,459.288,0.0005,145,22
rollernet901,19,62,12,12392,0,0,0,0
rollernet301,19,62,34,22452,22.1661,0.0024,201,17
rollernet114,19,62,88,34234,52.2846,0.0089,462,25
rollernet84,19,62,119,39168,75.7059,0.016,570,33
rollernet978,19,62,11,12048,0,0,0,0
rollernet87,19,62,115,38654,99.0313,0.0199,562,31
rollernet59,19,62,170,45837,115.7147,0.0057,519,39
rollernet393,19,62,26,19777,19.6361,0.0003,77,11
rollernet962,19,62,11,12179,0,0,0,0
rollernet635,19,62,16,15270,0,0,0,0
rollernet183,19,62,55,28112,42.964,0.0056,348,19
rollernet128,19,62,78,32481,61.7941,0.0064,380,21
rollernet704,19,62,15,14415,0,0,0,0
rollernet774,19,62,13,13688,0,0,0,0
rollernet444,19,62,23,18614,15.9006,0.0003,71,12
rollernet523,19,62,20,16954,12.7176,0.0001,11,6
rollernet632,19,62,16,15282,0,0,0,0
rollernet859,19,62,12,13046,0,0,0,0
rollernet592,19,62,17,15992,0,0,0,0
rollernet806,19,62,13,13328,0,0,0,0
rollernet60,19,62,167,45469,95.4146,0.0084,594,38
rollernet158,19,62,64,29694,40.2424,0.0053,358,21
rollernet544,19,62,19,16825,16.6314,0.0,4,2
rollernet48,19,62,208,50227,156.5083,0.0025,456,43
rollernet893,19,62,12,12535,0,0,0,0
rollernet1002,19,62,10,11717,0,0,0,0
rollernet129,19,62,78,32457,53.3778,0.0057,374,23
rollernet215,19,62,47,26024,32.675,0.003,258,16
rollernet33,19,62,303,58748,58472.4077,0.0011,213,31
rollernet701,19,62,15,14458,0,0,0,0
rollernet813,19,62,13,13242,0,0,0,0
rollernet823,19,62,13,13083,0,0,0,0
rollernet115,19,62,87,34094,70.1363,0.0077,442,24
rollernet771,19,62,13,13688,0,0,0,0
rollernet468,19,62,22,18106,14.6511,0.0001,43,11
rollernet178,19,62,57,28099,49.6227,0.0106,350,17
rollernet707,19,62,15,14411,0,0,0,0
rollernet651,19,62,16,15066,0,0,0,0
rollernet80,19,62,125,40042,109.1806,0.0101,581,32
rollernet957,19,62,11,12205,0,0,0,0
rollernet394,19,62,26,19762,17.4432,0.0003,84,12
rollernet724,19,62,14,14207,0,0,0,0
rollernet451,19,62,23,18435,15.374,0.0001,42,11
rollernet372,19,62,27,20340,18.5421,0.0005,108,14
rollernet549,19,62,19,16768,12.7687,0.0,2,1
rollernet991,19,62,11,11957,0,0,0,0
rollernet773,19,62,13,13686,0,0,0,0
rollernet567,19,62,18,16314,0,0,0,0
rollernet787,19,62,13,13636,0,0,0,0
rollernet908,19,62,11,12239,0,0,0,0
rollernet488,19,62,21,17737,16.9946,0.0002,42,10
rollernet422,19,62,24,19060,23.5484,0.0004,73,13
rollernet576,19,62,18,16186,0,0,0,0
rollernet954,19,62,11,12188,0,0,0,0
rollernet139,19,62,72,31342,55.8801,0.0075,339,21
rollernet142,19,62,71,31192,63.7278,0.0117,430,21
rollernet452,19,62,23,18390,18.9443,0.0002,49,12
rollernet246,19,62,41,24623,34.6709,0.0041,287,20
rollernet647,19,62,16,15075,0,0,0,0
rollernet121,19,62,83,33471,64.2209,0.0089,390,22
rollernet852,19,62,12,13072,0,0,0,0
rollernet668,19,62,15,14775,0,0,0,0
rollernet776,19,62,13,13682,0,0,0,0
rollernet812,19,62,13,13241,0,0,0,0
rollernet136,19,62,74,31642,54.4719,0.0113,449,19
rollernet324,19,62,31,21497,25.1074,0.0008,141,16
rollernet698,19,62,15,14539,0,0,0,0
rollernet986,19,62,11,12005,0,0,0,0
rollernet552,19,62,19,16605,16.5912,0.0,1,1
rollernet495,19,62,21,17593,17.6006,0.0002,36,9
rollernet741,19,62,14,14041,0,0,0,0
rollernet489,19,62,21,17728,21.4708,0.0002,44,11
rollernet108,19,62,93,34927,77.4261,0.01,496,28
rollernet166,19,62,61,29143,45.5981,0.0055,320,19
rollernet700,19,62,15,14483,0,0,0,0
rollernet32,19,62,312,59501,1257.3298,0.0043,236,37
rollernet958,19,62,11,12198,0,0,0,0
rollernet319,19,62,32,21986,26.4508,0.0008,149,15
rollernet553,19,62,19,16564,17.3967,0.0,1,1
rollernet283,19,62,36,23119,27.5686,0.0027,217,16
rollernet934,19,62,11,12130,0,0,0,0
rollernet354,19,62,29,20696,31.2437,0.0008,134,16
rollernet670,19,62,15,14784,0,0,0,0
rollernet514,19,62,20,17109,18.0071,0.0001,16,10
rollernet202,19,62,50,26803,42.4102,0.0028,277,18
rollernet366,19,62,28,20460,23.8611,0.0008,120,15
rollernet103,19,62,97,35794,68.0202,0.0124,567,27
rollernet830,19,62,13,12964,0,0,0,0
rollernet197,19,62,51,27049,37.0757,0.0057,331,19
rollernet247,19,62,41,24538,29.6425,0.0032,278,19
rollernet378,19,62,27,20105,22.8202,0.0005,89,14
rollernet209,19,62,48,26499,36.1474,0.0043,281,15
rollernet383,19,62,27,19895,17.6804,0.0007,112,14
rollernet621,19,62,17,15387,0,0,0,0
rollernet560,19,62,18,16394,0,0,0,0
rollernet627,19,62,16,15302,0,0,0,0
rollernet135,19,62,74,31989,46.7362,0.0081,385,20
rollernet798,19,62,13,13520,0,0,0,0
rollernet739,19,62,14,14064,0,0,0,0
rollernet11,19,62,907,87624,505.0517,0.002,198,28
rollernet961,19,62,11,12189,0,0,0,0
rollernet633,19,62,16,15275,0,0,0,0
rollernet141,19,62,71,31141,61.2708,0.012,425,19
rollernet299,19,62,34,22588,28.7969,0.0016,180,15
rollernet671,19,62,15,14773,0,0,0,0
rollernet242,19,62,42,24752,33.5661,0.0029,234,17
rollernet415,19,62,25,19106,20.0366,0.0004,67,11
rollernet973,19,62,11,12056,0,0,0,0
rollernet494,19,62,21,17639,20.9635,0.0009,38,9
rollernet862,19,62,12,13040,0,0,0,0
rollernet772,19,62,13,13693,0,0,0,0
rollernet944,19,62,11,12176,0,0,0,0
rollernet130,19,62,77,32414,60.0322,0.0085,433,21
rollernet7,19,62,1426,107008,600.3874,0.0053,783,99
rollernet31,19,62,322,60163,225.41,0.0007,196,32
rollernet295,19,62,34,22774,23.5051,0.0017,219,16
rollernet782,19,62,13,13669,0,0,0,0
rollernet863,19,62,12,13021,0,0,0,0
rollernet193,19,62,52,27222,37.7483,0.0068,327,18
rollernet47,19,62,213,50694,141.1613,0.0044,417,34
rollernet828,19,62,13,13008,0,0,0,0
rollernet124,19,62,81,33077,58.4121,0.0082,447,27
rollernet252,19,62,40,24140,34.135,0.0023,234,16
rollernet664,19,62,16,14873,0,0,0,0
rollernet909,19,62,11,12248,0,0,0,0
rollernet111,19,62,90,34703,63.869,0.0108,505,25
rollernet164,19,62,61,29193,43.4981,0.0055,337,21
rollernet835,19,62,12,13009,0,0,0,0
rollernet90,19,62,111,38034,75.3194,0.0122,553,32
rollernet170,19,62,59,28723,38.7259,0.0059,347,20
rollernet676,19,62,15,14764,0,0,0,0
rollernet389,19,62,26,19761,17.7788,0.0003,84,11
rollernet932,19,62,11,12132,0,0,0,0
rollernet606,19,62,17,15712,0,0,0,0
rollernet240,19,62,42,24752,28.0464,0.0024,246,17
rollernet990,19,62,11,11961,0,0,0,0
rollernet123,19,62,82,33224,58.652,0.0107,427,21
rollernet98,19,62,102,36631,76.9406,0.01,504,29
rollernet868,19,62,12,12970,0,0,0,0
rollernet296,19,62,34,22767,26.3484,0.0015,214,16
rollernet286,19,62,35,22903,26.5842,0.0016,199,15
rollernet256,19,62,39,24036,29.0978,0.0022,232,16
rollernet725,19,62,14,14183,0,0,0,0
rollernet824,19,62,13,13058,0,0,0,0
rollernet305,19,62,33,22131,24.912,0.0011,178,15
rollernet364,19,62,28,20583,21.7769,0.0009,122,13
rollernet24,19,62,416,66173,284.0015,0.0002,69,14
rollernet679,19,62,15,14779,0,0,0,0
rollernet430,19,62,24,18813,21.0892,0.0004,65,9
rollernet691,19,62,15,14648,0,0,0,0
rollernet195,19,62,52,27109,36.364,0.0079,358,19
rollernet930,19,62,11,12149,0,0,0,0
rollernet243,19,62,42,24717,27.9641,0.0021,236,17
rollernet298,19,62,34,22647,24.4169,0.0017,216,16
rollernet595,19,62,17,15911,0,0,0,0
rollernet461,19,62,22,18143,17.4961,0.0003,55,10
rollernet360,19,62,28,20579,28.8773,0.0002,64,13
rollernet570,19,62,18,16242,0,0,0,0
rollernet194,19,62,52,27224,39.4322,0.0071,335,17
rollernet163,19,62,62,29314,42.168,0.0044,330,22
rollernet126,19,62,80,32662,59.7201,0.0151,447,20
rollernet777,19,62,13,13675,0,0,0,0
rollernet76,19,62,132,40955,84.1805,0.0105,607,37
rollernet328,19,62,31,21449,23.4898,0.0011,137,15
rollernet207,19,62,49,26480,38.661,0.0048,296,16
rollernet907,19,62,11,12234,0,0,0,0
rollernet581,19,62,18,16156,0,0,0,0
rollernet169,19,62,60,28702,43.8516,0.007,347,17
rollernet750,19,62,14,13910,0,0,0,0
rollernet896,19,62,12,12490,0,0,0,0
rollernet721,19,62,14,14256,0,0,0,0
rollernet516,19,62,20,17107,16.0645,0.0001,14,9
rollernet220,19,62,46,25760,36.5768,0.0042,294,16
rollernet533,19,62,19,16794,14.3928,0.0,8,4
rollernet974,19,62,11,12049,0,0,0,0
rollernet384,19,62,26,19830,23.0543,0.0013,116,13
rollernet454,19,62,22,18336,17.9591,0.0002,49,11
rollernet211,19,62,48,26261,32.1089,0.0054,319,18
rollernet288,19,62,35,22934,25.6133,0.0013,169,15
rollernet705,19,62,15,14423,0,0,0,0
rollernet267,19,62,38,23646,27.5975,0.0031,266,18
rollernet274,19,62,37,23276,25.7703,0.0016,197,17
rollernet284,19,62,36,23072,25.4636,0.0017,212,16
rollernet646,19,62,16,15102,0,0,0,0
rollernet236,19,62,43,25126,40.3188,0.004,247,17
rollernet946,19,62,11,12158,0,0,0,0
rollernet416,19,62,24,19107,30.0748,0.0003,66,11
rollernet55,19,62,182,47161,113.2153,0.0037,451,40
rollernet915,19,62,11,12172,0,0,0,0
rollernet526,19,62,19,16860,13.7765,0.0,4,2
rollernet945,19,62,11,12158,0,0,0,0
rollernet221,19,62,46,25653,29.7365,0.0042,271,16
rollernet891,19,62,12,12571,0,0,0,0
rollernet900,19,62,12,12410,0,0,0,0
rollernet719,19,62,14,14255,0,0,0,0
rollernet654,19,62,16,15019,0,0,0,0
rollernet535,19,62,19,16754,12.6341,0.0,7,4
rollernet981,19,62,11,12020,0,0,0,0
rollernet675,19,62,15,14758,0,0,0,0
rollernet562,19,62,18,16364,0,0,0,0
rollernet30,19,62,333,60919,183.1613,0.0009,128,26
