File,Gamma,V,T,E,TG_edges,Tnb_gmLS,G_edges,nb_gmLS
test0745,2,50,49,4460,2.4139,0.1425,4368,168
test1002,2,44,43,18706,38.9235,3.6663,18270,315
test1086,2,47,46,28981,118.7014,10.7329,28350,414
test1256,2,43,42,27973,104.524,12.4911,27306,378
test0705,2,44,43,10880,16.5806,1.3741,10626,231
test1094,2,50,49,25873,86.7334,7.5738,25344,384
test0390,2,85,84,8821,9.994,0.4292,8715,294
test0016,2,56,55,22331,72.515,5.1602,21924,378
test1349,2,47,46,20011,57.075,4.5694,19575,345
test0306,2,42,41,12301,19.3447,1.7401,12000,240
test1159,2,44,43,18706,44.1282,4.1044,18270,315
test0835,2,50,49,2206,0.623,0.0454,2160,120
test1417,2,58,57,24796,77.742,5.5477,24360,420
test1148,2,45,44,19141,46.6218,4.2438,18705,330
test0256,2,79,78,18019,40.0918,1.9073,17787,429
test1258,2,63,62,26971,91.2069,6.0661,26535,465
test0581,2,56,55,6601,5.4981,0.3531,6480,216
test0100,2,46,45,8551,9.2683,0.6985,8360,220
test0102,2,98,97,4366,2.4213,0.0962,4320,240
test0800,2,91,90,9451,11.1417,0.4223,9345,315
test0320,2,56,55,29041,105.8943,8.2925,28512,432
test1020,2,58,57,28273,100.5784,7.5003,27776,448
test0231,2,88,87,10441,13.6759,0.5311,10320,344
test0062,2,98,97,22408,62.2014,2.3979,22176,528
test1257,2,47,46,27371,91.6251,7.9305,26775,391
test0892,2,43,42,20833,47.0633,4.6938,20336,336
test0910,2,50,49,22786,55.9241,4.7415,22320,360
test0570,2,66,65,17941,34.3017,1.9918,17664,384
test0398,2,85,84,19405,40.1182,1.7668,19173,462
test0028,2,92,91,8282,7.3379,0.2842,8190,315
test0350,2,71,70,26461,74.146,4.2958,26082,490
test1327,2,63,62,26971,76.8875,5.1997,26535,465
test0594,2,53,52,15601,26.165,1.8842,15300,312
test0533,2,75,74,10065,10.8376,0.5064,9928,296
test0343,2,92,91,7099,5.352,0.2082,7020,270
test0807,2,84,83,14194,50655.29,0.8694,14022,369
test0895,2,45,44,27721,83.516,8.4071,27090,396
test1026,2,43,42,20833,47.3561,4.6338,20336,336
test0022,2,77,76,28729,104.4466,5.1242,28350,532
test1265,2,52,51,26929,78.6444,6.8194,26400,400
test0050,2,96,95,26221,76.2687,2.9937,25944,564
test0198,2,49,48,23809,60.3653,5.6543,23312,384
test0383,2,90,89,15220,27.1488,1.0829,15048,396
test0658,2,53,52,22621,59.0183,5.0709,22185,390
test1221,2,54,53,26289,76.3781,5.9964,25792,416
test0816,2,57,56,6721,4.8186,0.2892,6600,224
test0317,2,43,42,1891,0.3881,0.0324,1845,105
test1385,2,59,58,28769,84.9531,6.2428,28272,464
test0098,2,70,69,5383,2.9976,0.1513,5304,204
test0130,2,77,76,12997,17.2639,0.8074,12825,342
test0507,2,51,50,20301,42.6989,3.8469,19894,350
test1431,2,48,47,23313,61.4369,5.6656,22816,368
test0870,2,41,40,26641,85.6161,9.05,25974,360
test0604,2,76,75,17326,34.3169,1.6427,17094,407
test1435,2,44,43,22705,59.9181,5.4972,22176,336
test1161,2,49,48,25345,79.1777,6.36,24816,384
test1100,2,53,52,22621,58.9826,4.4868,22185,390
test0838,2,90,89,24565,66.5491,2.6556,24288,528
test0683,2,72,71,12142,17.7335,0.9306,11970,315
test1262,2,47,46,20011,45.8056,3.9016,19575,345
test0861,2,52,51,22186,56.6581,4.7196,21750,375
test0492,2,50,49,18523,40.1409,3.1942,18144,336
test0230,2,56,55,17876,34.3417,2.3772,17550,351
test0737,2,82,81,7372,5.7951,0.2504,7280,280
test1260,2,45,44,29305,93.8553,10.1119,28638,396
test0114,2,81,80,18481,37.5416,1.6695,18249,440
test0536,2,45,44,2421,0.6378,0.0494,2365,110
test0358,2,78,77,6007,3.8334,0.1737,5928,228
test1353,2,63,62,28831,90.6086,6.3452,28365,465
test0170,2,59,58,18851,42.0008,2.7309,18525,377
test1047,2,64,63,27406,83.9772,5.6508,26970,465
test0128,2,57,56,16801,31.2734,2.2861,16500,336
test0849,2,81,80,22081,55.6972,2.3685,21804,480
test0617,2,53,52,10921,12.7441,0.8414,10710,260
test0478,2,61,60,3301,1.1525,0.0689,3245,150
test1414,2,52,51,26929,80.6574,6.7052,26400,400
test1487,2,66,65,28276,106.3844,6.6461,27840,480
test1317,2,47,46,21391,55.926,4.3,20925,345
test0448,2,88,87,13312,18.6291,0.7509,13158,387
test0107,2,84,83,6475,4.3701,0.1869,6396,246
test0193,2,62,61,8297,7.27,0.4036,8160,240
test0417,2,49,48,7345,5.7106,0.3994,7191,216
test1462,2,60,59,25666,69.0403,4.7913,25230,435
test1149,2,52,51,28612,92.4716,8.5083,28050,425
test1393,2,48,47,29611,98.7908,9.4721,28980,414
test0565,2,48,47,27966,90.4951,7.8358,27370,391
test1110,2,50,49,22786,60.5337,4.8076,22320,360
test0271,2,85,84,17641,36.0544,1.4385,17430,420
test1292,2,43,42,19531,43.6158,4.354,19065,315
test0272,2,76,75,4951,2.9265,0.1359,4884,222
test0117,2,57,56,3081,1.0409,0.0641,3025,140
test0650,2,89,88,3961,1.9702,0.0757,3915,220
test0781,2,49,48,20881,52.9958,4.1221,20445,360
test1065,2,47,46,25807,77.9212,6.6237,25245,391
test1076,2,41,40,21121,54.6728,5.7053,20592,320
test0640,2,71,70,13301,19.2214,0.9434,13110,350
test0534,2,49,48,15601,25.5209,2.0213,15275,312
test0803,2,52,51,7804,6.3859,0.4239,7650,225
test0506,2,85,84,19405,39.8372,1.8732,19173,462
test1071,2,54,53,23056,58.7197,4.8977,22620,390
test1240,2,56,55,25576,77.4866,5.2679,25110,405
test1001,2,43,42,18271,35.1536,3.3635,17835,315
test0555,2,63,62,9487,9.4358,0.5274,9333,279
test1270,2,48,47,20446,47.9567,4.4514,20010,345
test0508,2,97,96,14689,23.0812,0.9107,14535,432
test1441,2,60,59,25666,74.9803,5.0491,25230,435
test1139,2,43,42,24991,76.3796,7.1727,24395,357
test1318,2,45,44,20461,53.6161,5.2595,19995,330
test0063,2,91,90,12241,18.8248,0.7483,12104,360
test0980,2,53,52,29173,97.2588,7.7859,28611,442
test1323,2,59,58,26971,82.5474,5.8661,26505,435
test1035,2,56,55,23926,69.0915,5.1053,23490,405
test0470,2,41,40,5441,3.504,0.3042,5304,160
test0637,2,60,59,16285,35.334,2.2263,16008,348
test1040,2,56,55,27281,94.2607,6.9814,26784,432
test0755,2,83,82,14023,23.2817,1.0376,13851,369
test1189,2,43,42,27973,92.3248,9.7113,27306,378
test0476,2,68,67,11458,15.9659,0.7596,11286,297
test1478,2,44,43,27091,87.352,9.3929,26460,378
test0583,2,42,41,20337,45.8516,4.6949,19840,320
test1436,2,67,66,28711,96.4756,5.8633,28275,495
test0134,2,53,52,7957,7.1543,0.4776,7803,234
test0460,2,82,81,18712,38.4759,1.754,18480,440
test1362,2,55,54,28513,90.0754,7.6373,27984,432
test0729,2,72,71,24922,72.9834,4.7769,24570,455
test1133,2,54,53,29734,104.5653,8.6563,29172,442
test0563,2,100,99,27325,89.8364,3.141,27048,588
test1339,2,48,47,23313,59.4937,5.3209,22816,368
test0738,2,51,50,15001,27.2081,1.8907,14700,300
test0378,2,70,69,7246,5.997,0.2877,7140,238
test1395,2,45,44,29305,100.798,11.3932,28638,396
test1382,2,42,41,19066,46.0273,4.5869,18600,300
test0093,2,86,85,17851,42.8093,1.5904,17640,420
test0991,2,47,46,25807,78.9582,7.9299,25245,391
test1105,2,42,41,28824,102.6933,11.809,28120,380
test0916,2,43,42,22177,55.7982,6.3704,21648,336
test1314,2,46,45,22321,56.3168,5.0871,21824,352
test1246,2,46,45,20926,50.7534,4.6206,20460,330
test1434,2,45,44,27721,84.2094,9.7154,27090,396
test0163,2,48,47,3667,1.4892,0.1032,3588,138
test0125,2,69,68,17205,34.8979,1.7001,16951,374
test1101,2,50,49,29156,105.1275,8.4234,28560,408
test1005,2,43,42,23563,70.4895,7.3749,23001,357
test0818,2,46,45,22321,62.8495,4.9513,21824,352
test0799,2,71,70,9521,9.5821,0.4738,9384,280
test1394,2,50,49,21316,55.4484,4.5964,20880,360
test0877,2,41,40,18601,41.6274,3.7637,18135,300
test0784,2,60,59,20710,50.1021,3.2224,20358,377
test0059,2,85,84,12853,19.528,0.9705,12699,378
test0898,2,44,43,25586,80.8442,8.0078,24990,357
test0833,2,76,75,18976,44.55,1.9313,18722,407
test0834,2,62,61,19826,44.5005,2.7396,19500,390
test1250,2,60,59,27436,87.6576,7.4648,26970,435
test0258,2,62,61,7321,7.7878,0.3463,7200,240
test0474,2,43,42,5041,3.9094,0.3599,4920,168
test0299,2,42,41,19066,54.7294,4.2738,18600,300
test0406,2,52,51,20707,50.3752,3.5594,20300,350
test1298,2,48,47,20446,53.2427,4.24,20010,345
test0922,2,48,47,21856,54.8145,5.1978,21390,345
test0626,2,89,88,4841,3.1485,0.1094,4785,220
test1015,2,53,52,24181,70.9499,4.9387,23715,390
test1388,2,57,56,24361,70.6385,5.5652,23925,420
test1301,2,47,46,28981,101.3421,10.6218,28350,414
test1168,2,42,41,21649,52.3147,5.153,21120,320
test1198,2,47,46,28981,102.5777,10.0763,28350,414
test0952,2,48,47,23313,69.2567,5.548,22816,368
test1424,2,45,44,20461,52.8054,4.9111,19995,330
test1082,2,61,60,27901,90.2054,7.5938,27435,450
test0779,2,65,64,12161,19.0063,1.0938,11970,320
test1125,2,46,45,19576,43.4775,3.8904,19140,330
test1192,2,67,66,28711,98.5099,5.8511,28275,495
test0557,2,99,98,4411,2.1765,0.086,4365,245
test0086,2,90,89,9346,9.6882,0.3808,9240,308
test1135,2,47,46,24289,67.0011,6.7867,23760,368
test0554,2,60,59,12391,19.9998,1.6889,12180,290
test1460,2,52,51,28612,105.1412,9.8131,28050,425
test0407,2,69,68,3741,1.6488,0.0891,3685,170
test1126,2,54,53,24646,68.153,5.1628,24180,390
test0073,2,48,47,11892,15.5159,1.1682,11638,253
test0351,2,76,75,4951,2.6403,0.125,4884,222
test0375,2,67,66,7921,6.6639,0.3477,7800,264
test0748,2,68,67,8041,6.8814,0.3526,7920,264
test1481,2,45,44,19141,42.8736,4.3315,18705,330
test0060,2,45,44,8361,9.2051,0.5972,8170,220
test1083,2,54,53,29734,106.6395,9.8815,29172,442
test0396,2,73,72,11017,13.4559,0.6111,10863,324
test1019,2,66,65,28276,86.7739,5.499,27840,480
test1124,2,46,45,28351,86.9905,8.3077,27720,396
test1038,2,51,50,28051,87.6495,8.5132,27489,425
test0207,2,41,40,6841,5.9868,0.5502,6669,180
test1155,2,55,54,28513,91.657,8.7627,27984,432
test0023,2,66,65,28276,92.618,6.0629,27840,480
test0986,2,44,43,27091,89.8504,8.8688,26460,378
test0029,2,95,94,7333,7.3598,0.3236,7254,282
test0887,2,63,62,28831,95.0177,7.9908,28365,465
test0395,2,52,51,20707,50.017,3.6704,20300,350
test0285,2,49,48,11089,14.7477,0.9896,10857,264
test1443,2,48,47,29611,94.2026,9.0214,28980,414
test0500,2,76,75,22501,53.9342,2.7562,22200,444
test1018,2,48,47,23313,61.2714,5.634,22816,368
test1354,2,65,64,27841,83.2807,5.1704,27405,480
test1396,2,41,40,25201,69.5306,7.7019,24570,360
test0774,2,53,52,7957,6.864,0.4501,7803,234
test0419,2,61,60,27901,89.4623,6.3804,27435,450
test1492,2,43,42,18271,41.9559,4.5913,17835,315
test0889,2,44,43,28639,95.8906,10.4801,27972,378
test0901,2,53,52,22621,57.918,4.4124,22185,390
test1056,2,44,43,27091,81.2894,8.3489,26460,378
test0444,2,56,55,3631,1.4716,0.0926,3564,162
test1000,2,43,42,27973,87.2502,9.5096,27306,378
test0164,2,66,65,5916,3.958,0.2163,5824,224
test0544,2,55,54,11341,14.1743,0.9155,11130,270
test1136,2,56,55,25576,71.1667,5.4127,25110,405
test0976,2,54,53,23056,57.7631,4.4769,22620,390
test0974,2,48,47,27966,85.3256,8.1898,27370,391
test0422,2,83,82,4511,2.2735,0.1003,4455,205
test1064,2,51,50,29751,95.7653,8.3077,29155,425
test0447,2,83,82,24601,62.8024,2.961,24300,492
test0342,2,43,42,19531,40.2177,3.9401,19065,315
test0731,2,86,85,3826,1.5432,0.069,3780,210
test1477,2,49,48,25345,67.2292,6.0817,24816,384
test0030,2,59,58,3829,1.6253,0.0961,3762,174
test0845,2,42,41,16647,29.2627,2.8146,16240,280
test0187,2,83,82,15581,25.3768,1.1142,15390,410
test0619,2,84,83,14194,20.9494,0.8999,14022,369
test0053,2,47,46,16147,27.3922,2.2992,15795,299
test1333,2,57,56,27777,81.0724,6.1585,27280,448
test0621,2,88,87,16531,28.4335,1.1783,16340,430
test1073,2,63,62,28831,86.7943,5.9161,28365,465
test0921,2,53,52,24181,61.2805,4.9237,23715,390
test0176,2,55,54,6481,4.4941,0.2762,6360,216
test1143,2,41,40,23801,61.8487,6.8429,23205,340
test0136,2,88,87,28276,86.6996,3.9477,27950,559
test0897,2,56,55,29041,92.0001,7.3053,28512,432
test0467,2,63,62,14323,22.4807,1.3029,14091,341
test1024,2,63,62,26971,80.4433,5.2407,26535,465
test0628,2,67,66,13861,20.6202,1.1139,13650,330
test0596,2,51,50,6801,4.9159,0.3262,6664,200
test0657,2,67,66,5149,2.9044,0.1456,5070,198
test0509,2,66,65,24571,62.4105,3.8549,24192,448
test1208,2,45,44,20461,46.1826,4.448,19995,330
test0730,2,95,94,16075,28.0876,1.0871,15903,423
test1277,2,45,44,21825,52.5443,4.9859,21328,352
test0061,2,87,86,9031,9.029,0.3601,8925,301
test0185,2,81,80,26001,95.5422,4.419,25675,520
test0293,2,75,74,4071,2.5743,0.3429,4015,185
test0461,2,99,98,22639,54.3295,2.0079,22407,539
test0248,2,77,76,11629,14.0627,0.6471,11475,342
test1488,2,42,41,25831,74.852,8.0772,25200,360
test1489,2,51,50,29751,95.8888,8.538,29155,425
test0665,2,55,54,13663,20.9247,1.3896,13409,297
test1355,2,59,58,25231,70.5576,4.9511,24795,435
test0966,2,50,49,25873,75.2369,6.2417,25344,384
test0796,2,42,41,2256,0.6484,0.0493,2200,100
test0573,2,41,40,6121,4.1169,0.3318,5967,180
test0566,2,78,77,17788,33.1085,1.5804,17556,418
test0575,2,80,79,4346,2.0054,0.0933,4290,195
test0825,2,79,78,3511,1.2991,0.0648,3465,195
test1006,2,44,43,25586,68.8367,7.0848,24990,357
test1430,2,41,40,21121,58.234,6.1123,20592,320
test0510,2,49,48,4369,3.0688,0.1558,4277,168
test0131,2,55,54,21925,56.396,3.7813,21518,378
test1499,2,61,60,26101,73.9848,4.8948,25665,450
test0286,2,88,87,7918,6.5735,0.2661,7826,301
test1233,2,50,49,22786,63.219,4.5599,22320,360
test1072,2,53,52,22621,53.2775,4.1832,22185,390
test0224,2,86,85,3826,1.5442,0.0712,3780,210
test0409,2,76,75,3376,1.2005,0.0624,3330,185
test0623,2,61,60,27901,81.2799,5.6671,27435,450
test1157,2,57,56,26041,72.1511,5.2527,25575,420
test0770,2,41,40,15121,24.0616,2.326,14742,280
test0341,2,42,41,19066,38.2307,3.9577,18600,300
test1426,2,45,44,29305,90.601,9.2981,28638,396
test0899,2,43,42,29527,91.2355,10.0934,28823,399
test1271,2,61,60,27901,81.2039,5.6513,27435,450
test1238,2,54,53,29734,93.2666,7.6527,29172,442
test1234,2,55,54,26785,75.112,5.8872,26288,432
test1112,2,48,47,21856,50.0052,4.3759,21390,345
test0374,2,100,99,27325,76.9715,2.9785,27048,588
test0975,2,53,52,25793,71.1674,5.6671,25296,416
test1027,2,67,66,28711,86.8261,5.3892,28275,495
test1448,2,43,42,24991,65.6136,6.8831,24395,357
test0532,2,63,62,11781,14.4712,0.8232,11590,310
test0535,2,60,59,13630,19.4717,1.1892,13398,319
test1085,2,49,48,22321,52.1864,4.5066,21855,360
test1075,2,41,40,22441,52.8975,5.6903,21879,340
test1330,2,67,66,28711,85.1353,5.359,28275,495
test1152,2,51,50,29751,94.1421,8.7331,29155,425
test0630,2,92,91,19111,37.8279,1.5021,18900,450
test1461,2,47,46,21391,47.1918,4.251,20925,345
test0933,2,52,51,25297,65.8293,5.4776,24800,400
test0165,2,47,46,14951,23.463,1.9305,14625,299
test1232,2,63,62,26971,74.9062,4.991,26535,465
test1384,2,46,45,23761,58.2987,5.5342,23232,352
test0389,2,97,96,7489,5.7418,0.2144,7410,288
test1432,2,41,40,17401,31.45,3.1648,16965,300
test1131,2,42,41,19066,37.8275,3.7927,18600,300
test1457,2,56,55,27281,76.5373,5.9568,26784,432
test1342,2,46,45,23761,58.1991,5.5733,23232,352
test1482,2,41,40,25201,66.031,7.3651,24570,360
test1197,2,41,40,23801,58.7286,6.4496,23205,340
test1485,2,58,57,26506,72.3303,5.3396,26040,420
test0960,2,51,50,24801,63.2732,5.3897,24304,400
test0852,2,42,41,24396,61.5717,6.6124,23800,340
test0831,2,89,88,15049,23.2007,0.9444,14877,396
test0962,2,45,44,19141,38.0958,3.4837,18705,330
test0252,2,49,48,14401,21.4075,1.6754,14100,288
test0614,2,87,86,11697,14.1019,0.5718,11560,344
test1151,2,44,43,22705,53.3898,5.2987,22176,336
test0854,2,46,45,28351,82.9598,8.3216,27720,396
test0069,2,94,93,8464,7.3731,0.284,8372,322
test0260,2,57,56,3081,1.0019,0.0636,3025,140
test1025,2,62,61,28366,2734.108,5.7942,27900,450
test0549,2,42,41,23002,56.3718,5.9487,22440,340
test1371,2,58,57,26506,73.4788,5.3833,26040,420
test0813,2,52,51,3979,1.6819,0.1112,3900,150
test0645,2,45,44,21825,50.2297,4.822,21328,352
test0003,2,86,85,19636,40.1218,1.8622,19404,462
test1348,2,42,41,21649,52.1764,5.0196,21120,320
test0585,2,85,84,12853,16.8801,0.7148,12699,378
test0031,2,93,92,8373,7.1854,0.2783,8281,322
test0316,2,56,55,5776,3.4647,0.2113,5670,189
test0735,2,101,100,17101,29.7492,1.0748,16929,450
test1473,2,64,63,27406,76.7454,5.0734,26970,465
test0042,2,45,44,11133,12.9846,1.0611,10879,242
test0274,2,92,91,21022,45.0606,1.8411,20790,495
test0524,2,52,51,10711,11.9172,0.8244,10500,250
test0914,2,48,47,20446,43.1037,3.7342,20010,345
test0311,2,57,56,5881,3.5829,0.2156,5775,196
test1111,2,57,56,24361,61.1968,4.4907,23925,420
test0263,2,45,44,7525,5.9108,0.4563,7353,198
test0413,2,97,96,6337,4.1464,0.1592,6270,288
test0195,2,76,75,15751,25.5167,1.2503,15540,370
test1181,2,45,44,21825,49.2301,4.7233,21328,352
test0026,2,54,53,4135,1.8351,0.1146,4056,156
test0278,2,73,72,18217,34.4431,1.7676,17963,396
test0848,2,45,44,14301,21.2027,1.8222,13975,286
test0122,2,88,87,3916,1.5894,0.071,3870,215
test0392,2,96,95,19951,40.6035,1.5713,19740,470
test0132,2,56,55,27281,76.6503,5.9834,26784,432
test0055,2,98,97,14842,22.7671,0.8334,14688,432
test0896,2,50,49,21316,46.8125,3.9062,20880,360
test1187,2,42,41,28824,88.2822,9.7648,28120,380
test1433,2,47,46,21391,47.3331,4.2467,20925,345
test0750,2,57,56,6721,4.7197,0.2844,6600,224
test0629,2,41,40,23801,2593.6187,6.5804,23205,340
test0761,2,43,42,27973,83.193,8.9096,27306,378
test1296,2,51,50,29751,92.7658,8.2745,29155,425
test0904,2,46,45,19576,40.3936,3.6361,19140,330
test1130,2,63,62,26971,78.4054,5.1082,26535,465
test0787,2,62,61,9334,9.2059,0.519,9180,270
test1214,2,45,44,23233,57.4458,5.459,22704,352
test0822,2,70,69,3106,1.0179,0.055,3060,170
test1062,2,43,42,18271,34.8111,3.3268,17835,315
test1313,2,49,48,28561,84.4624,7.8409,27965,408
test0211,2,66,65,3576,1.3439,0.0733,3520,160
test0082,2,97,96,18241,34.2457,1.2848,18050,480
test0359,2,83,82,8611,7.6103,0.3221,8505,287
test0079,2,84,83,14194,20.6132,0.8889,14022,369
test1037,2,41,40,18601,36.4328,3.6782,18135,300
test1193,2,52,51,26929,74.613,6.3065,26400,400
test0144,2,73,72,5617,3.2652,0.1587,5538,216
test0485,2,99,98,27049,74.2936,2.9188,26772,588
test1340,2,69,68,29581,90.5454,5.5426,29145,510
test1483,2,51,50,26401,72.0336,6.1848,25872,400
test0878,2,55,54,26785,73.6584,5.8252,26288,432
test1404,2,41,40,29641,90.7107,10.7071,28899,380
test0250,2,47,46,3589,1.3553,0.0984,3510,138
test1428,2,51,50,29751,91.2341,8.2082,29155,425
test0223,2,83,82,26651,72.2793,3.4759,26325,533
test0032,2,59,58,17401,31.0907,2.0369,17100,348
test0773,2,84,83,12700,16.4974,0.7061,12546,369
test1440,2,46,45,19576,62.2549,11.2805,19140,330
test0885,2,46,45,20926,55.8605,4.8814,20460,330
test0196,2,48,47,9871,10.4932,0.775,9660,230
test0454,2,83,82,6397,4.3369,0.1865,6318,246
test1268,2,41,40,23801,59.8548,6.5363,23205,340
test0937,2,46,45,19576,40.1574,3.6143,19140,330
test0240,2,92,91,25117,65.0074,2.7298,24840,540
test1053,2,59,58,26971,75.668,5.4562,26505,435
test0539,2,43,42,22177,51.845,5.2607,21648,336
test1375,2,53,52,22621,53.3631,4.2088,22185,390
test0438,2,50,49,15926,26.4848,2.0717,15600,312
test0727,2,72,71,12142,15.4337,0.7568,11970,315
test0891,2,43,42,19531,39.8583,3.9133,19065,315
test0907,2,52,51,26929,75.4607,6.3747,26400,400
test0672,2,81,80,6241,4.0845,0.1934,6162,240
test0463,2,75,74,4071,1.8028,0.0855,4015,185
test0056,2,46,45,15796,26.2108,2.2244,15444,286
test0466,2,95,94,4231,1.9008,0.0777,4185,235
test1177,2,63,62,28831,86.1712,5.8451,28365,465
test1439,2,41,40,18601,37.6211,3.7116,18135,300
test0208,2,72,71,21301,46.9895,2.5497,21000,420
test0503,2,69,68,7141,5.3399,0.2699,7035,238
test0560,2,82,81,22357,51.9031,2.4214,22080,480
test0850,2,43,42,7981,8.0817,0.6565,7790,210
test0864,2,44,43,25586,86.712,7.6093,24990,357
test1279,2,43,42,23563,62.5242,6.5354,23001,357
test1003,2,45,44,21825,54.3203,5.3575,21328,352
test0021,2,54,53,8110,7.6058,0.4833,7956,234
test1312,2,44,43,22705,58.2438,5.8108,22176,336
test0923,2,50,49,25873,76.5539,6.6545,25344,384
test1041,2,67,66,28711,92.278,5.8515,28275,495
test0501,2,78,77,3466,1.3793,0.0683,3420,190
test0926,2,55,54,23491,72.8646,4.7881,23055,405
test1495,2,42,41,28824,94.6103,10.7633,28120,380
test1175,2,47,46,28981,94.5821,9.3677,28350,414
test0863,2,43,42,20833,48.9888,4.9174,20336,336
test0456,2,93,92,11041,13.7128,0.5252,10920,368
test0048,2,53,52,24181,65.9991,5.3071,23715,390
test0881,2,43,42,27973,90.8644,9.8522,27306,378
test0199,2,100,99,16930,32.1946,1.185,16758,441
test1475,2,53,52,29173,99.648,8.4827,28611,442
test0579,2,69,68,7141,5.8713,0.3,7035,238
test0830,2,53,52,7073,5.8673,0.3833,6936,208
test0036,2,79,78,13339,20.6022,0.9241,13167,351
test0105,2,91,90,9451,10.2803,0.3974,9345,315
test0874,2,55,54,26785,83.831,6.5087,26288,432
test0983,2,61,60,26101,78.125,5.4042,25665,450
test1377,2,51,50,24801,71.5302,6.0027,24304,400
test0701,2,81,80,13681,21.4268,0.9483,13509,360
test1450,2,44,43,24124,67.8424,6.3374,23562,357
test1310,2,47,46,20011,42.6765,3.7791,19575,345
test0953,2,41,40,21121,47.6971,5.086,20592,320
test0301,2,72,71,21301,47.9219,2.5814,21000,420
test0365,2,58,57,23143,58.5975,4.0435,22736,392
test0698,2,44,43,10880,12.7351,1.0581,10626,231
test0627,2,69,68,25705,69.5297,4.1388,25326,476
test1267,2,49,48,26929,76.8453,7.0346,26367,408
test0574,2,64,63,22114,51.6158,3.2248,21762,403
test0393,2,71,70,24571,66.7654,3.6015,24219,455
test0724,2,57,56,15457,25.3294,1.6895,15180,336
test0679,2,82,81,26326,72.1598,3.5547,26000,520
test1363,2,42,41,25831,70.2439,7.7619,25200,360
test0255,2,49,48,2641,0.7467,0.0533,2585,120
test1320,2,60,59,25666,68.836,4.8454,25230,435
test0902,2,68,67,29146,94.8095,6.0506,28710,495
test1030,2,59,58,28769,97.739,7.0617,28272,464
test1272,2,41,40,28121,102.9193,9.7722,27417,380
test0979,2,44,43,19996,42.6548,4.6412,19530,315
test1289,2,62,61,26536,75.4025,5.9113,26100,450
test1373,2,55,54,26785,86.1204,6.1227,26288,432
test1403,2,46,45,29971,100.3784,10.532,29304,396
test1328,2,42,41,27307,86.5265,10.3492,26640,360
test0408,2,100,99,18811,39.3522,1.4521,18620,490
test1222,2,41,40,28121,90.0393,10.4371,27417,380
test1336,2,42,41,25831,76.5115,10.6403,25200,360
test1113,2,47,46,28981,100.7794,8.9137,28350,414
test0664,2,85,84,12853,17.4033,0.7354,12699,378
test0631,2,42,41,11317,13.7884,1.2307,11040,240
test1266,2,45,44,23233,57.4914,5.6214,22704,352
test0584,2,80,79,18250,35.4402,1.6811,18018,429
test0025,2,58,57,7753,6.4759,0.3874,7616,224
test0323,2,59,58,4525,2.2174,0.1293,4446,174
test0612,2,75,74,20425,44.9038,2.2578,20148,444
test1119,2,47,46,20011,44.691,6.9257,19575,345
test1484,2,41,40,18601,40.849,3.7848,18135,300
test0906,2,43,42,27973,82.3555,8.9488,27306,378
test0556,2,42,41,28824,86.6862,9.8089,28120,380
test1253,2,41,40,28121,82.7697,9.5814,27417,380
test0209,2,52,51,15301,24.5485,1.9652,15000,300
test0279,2,51,50,21751,49.9398,4.0207,21315,375
test1220,2,47,46,22817,55.4317,5.1272,22320,368
test0610,2,60,59,4603,2.322,0.1328,4524,174
test0568,2,86,85,6631,4.7275,0.1947,6552,252
test0469,2,51,50,7651,6.6711,0.4664,7497,225
test0106,2,47,46,20011,42.8376,3.802,19575,345
test0310,2,58,57,9748,10.3056,0.6162,9576,252
test1011,2,44,43,25586,70.467,7.3865,24990,357
test0810,2,96,95,11401,14.1163,0.503,11280,376
test0720,2,61,60,21061,46.6942,3.0198,20709,390
test0759,2,49,48,7345,5.688,0.4019,7191,216
test0656,2,53,52,21113,46.4462,3.5868,20706,364
test0155,2,77,76,19229,38.2912,1.8785,18975,418
test0725,2,42,41,5577,3.311,0.2636,5440,160
test1093,2,42,41,17836,33.4109,3.2857,17400,300
test0970,2,42,41,28824,86.9888,9.8267,28120,380
test1249,2,51,50,29751,92.2535,8.3646,29155,425
test0893,2,53,52,24181,63.0796,4.8878,23715,390
test0019,2,85,84,14365,21.4315,0.905,14193,378
test0688,2,48,47,4278,1.954,0.1362,4186,161
test0792,2,91,90,8191,6.9394,0.272,8099,315
test0113,2,93,92,27601,78.3816,3.3277,27300,552
test0331,2,75,74,8881,8.2049,0.3883,8760,296
test0119,2,63,62,11781,14.6944,0.8289,11590,310
test0716,2,81,80,6241,4.0877,0.1792,6162,240
test1109,2,55,54,26785,74.6328,5.8986,26288,432
test1409,2,57,56,24361,61.6615,4.5261,23925,420
test1169,2,51,50,29751,92.1978,8.2154,29155,425
test0929,2,54,53,29734,94.1721,7.8555,29172,442
test0859,2,42,41,24396,64.1294,9.6691,23800,340
test1153,2,41,40,23801,78.4821,6.6858,23205,340
test0011,2,41,40,3641,1.4316,0.1168,3549,140
test0150,2,87,86,25801,84.6638,3.3972,25500,516
test0197,2,79,78,23401,66.7844,3.12,23100,468
test0742,2,97,96,11521,14.4846,0.5277,11400,384
test0993,2,46,45,23761,61.2865,5.6588,23232,352
test0884,2,56,55,27281,78.1978,6.0477,26784,432
test0775,2,43,42,17053,30.9309,3.4437,16646,294
test1372,2,43,42,23563,123.6587,13.869,23001,357
test0442,2,90,89,16911,48.8735,3.2414,16720,440
test0496,2,43,42,3823,3.7533,0.2828,3731,147
test1069,2,44,43,19996,94.5655,10.0419,19530,315
test1345,2,46,45,28351,100.94,8.4776,27720,396
test0913,2,41,40,19841,41.8847,4.9503,19344,320
test0452,2,90,89,20560,44.8325,1.8282,20328,484
test0481,2,48,47,4278,1.957,0.138,4186,161
test1276,2,67,66,28711,85.9364,5.7489,28275,495
test0183,2,46,45,14626,24.3809,1.9309,14300,286
test1166,2,44,43,22705,55.062,5.3956,22176,336
test1398,2,43,42,26461,107.8391,9.126,25830,378
test0707,2,78,77,25026,71.243,3.5577,24700,494
test1299,2,45,44,21825,53.9024,5.1941,21328,352
test0998,2,47,46,22817,59.5238,5.9184,22320,368
test1471,2,67,66,28711,94.19,6.0098,28275,495
test0606,2,98,97,29101,96.4755,3.9321,28800,576
test0225,2,64,63,27406,85.6282,5.4975,26970,465
test0110,2,77,76,7981,6.8752,0.3107,7875,266
test1383,2,45,44,27721,84.9694,8.6799,27090,396
test0717,2,70,69,8281,7.5358,0.3766,8160,272
test0836,2,85,84,11425,15.0304,0.6099,11288,336
test0171,2,69,68,12921,18.9322,0.9578,12730,340
test0890,2,68,67,29146,98.4036,5.8321,28710,495
test1346,2,67,66,28711,93.2974,5.8833,28275,495
test0112,2,42,41,7791,6.9023,0.5796,7600,200
test0088,2,75,74,6735,5.1203,0.2396,6643,259
test1084,2,52,51,23716,63.4723,5.2018,23250,375
test0766,2,64,63,23815,63.5,3.9584,23436,434
test1203,2,63,62,28831,93.9395,6.3152,28365,465
test0526,2,41,40,16241,29.9669,3.0415,15834,280
test0523,2,53,52,27457,89.1642,6.8815,26928,416
test0790,2,99,98,8919,8.6234,0.3084,8827,343
test0089,2,77,76,14441,22.192,1.0372,14250,380
test0782,2,56,55,29041,89.0429,7.0887,28512,432
test0912,2,48,47,23313,58.4336,5.2115,22816,368
test0355,2,93,92,15733,26.1356,1.0201,15561,414
test1200,2,41,40,29641,119.33,15.3683,28899,380
test1321,2,60,59,27436,91.2232,7.3554,26970,435
test0399,2,88,87,13312,32.5318,0.8836,13158,387
test0327,2,85,84,11425,16.1373,0.9011,11288,336
test0302,2,77,76,28729,103.3109,4.7273,28350,532
test0955,2,69,68,29581,93.8336,5.7648,29145,510
test0000,2,71,53,36763,201.7587,33.8595,35436,363
test0558,2,83,82,6397,4.57,0.191,6318,246
test0352,2,52,51,14077,30.9378,2.0703,13800,300
test1479,2,45,44,20461,80.9867,7.1402,19995,330
test0514,2,92,91,25117,96.4918,2.9472,24840,540
test0074,2,82,81,11017,17.4001,0.5581,10880,320
test1190,2,45,44,27721,101.3949,17.2059,27090,396
test1470,2,51,50,24801,124.127,8.6796,24304,400
test0212,2,81,80,18481,45.2721,2.5772,18249,440
test0663,2,54,53,15901,30.686,2.1306,15600,312
test0743,2,93,92,14077,25.3069,0.8951,13923,414
test0477,2,97,96,14689,26.919,1.072,14535,432
test1402,2,54,53,27985,94.0446,7.5937,27456,416
test0336,2,58,57,2566,0.7161,0.0447,2520,140
test0601,2,84,83,3736,1.8212,0.08,3690,205
test0337,2,70,69,5383,3.3372,0.1646,5304,204
test0076,2,75,74,17095,34.2085,1.5614,16863,407
test1144,2,48,47,20446,55.3419,4.46,20010,345
test1178,2,48,47,23313,69.5845,5.7035,22816,368
test0182,2,52,51,23716,65.5699,4.9699,23250,375
test0651,2,81,80,20241,47.6706,2.059,19987,440
test0857,2,51,50,21751,61.9102,7.8841,21315,375
test1055,2,59,58,25231,79.6357,5.5522,24795,435
test0217,2,41,40,10121,11.438,1.0207,9867,220
test1300,2,66,65,28276,93.484,5.4435,27840,480
test0360,2,95,94,5171,2.86,0.1124,5115,235
test1134,2,43,42,23563,59.3987,6.1427,23001,357
test1285,2,63,62,28831,89.1437,6.1104,28365,465
test0147,2,82,81,24301,82.4369,3.4199,24000,480
test0908,2,45,44,29305,119.5114,9.9556,28638,396
test0752,2,100,99,20791,48.0037,1.6573,20580,490
test1090,2,53,52,22621,59.2427,4.8131,22185,390
test0903,2,43,42,18271,36.0854,3.476,17835,315
test1378,2,50,49,25873,80.6008,6.2742,25344,384
test1365,2,56,55,23926,61.7558,4.5104,23490,405
test1182,2,49,48,25345,75.6221,6.1887,24816,384
test0733,2,46,45,18271,37.5917,3.1216,17864,308
test1066,2,53,52,24181,69.298,7.4223,23715,390
test1427,2,60,59,27436,103.5591,5.6697,26970,435
test0420,2,65,64,19201,44.5228,2.7261,18900,384
test1290,2,52,51,28612,112.042,7.516,28050,425
test0865,2,50,49,29156,97.7565,8.9496,28560,408
test1219,2,47,46,20011,42.8246,3.7162,19575,345
test0700,2,72,71,3906,1.6293,0.0812,3850,175
test1243,2,42,41,21649,49.3108,5.2167,21120,320
test0237,2,70,69,26083,105.62,5.7456,25704,476
test1408,2,47,46,25807,76.8296,6.6653,25245,391
test0828,2,46,45,6886,5.1092,0.3777,6732,198
test0357,2,85,84,5545,3.2423,0.1375,5478,252
test0676,2,48,47,29611,96.9471,8.8648,28980,414
test0746,2,95,94,5171,2.9975,0.1233,5115,235
test1458,2,66,65,28276,104.3737,8.2997,27840,480
test0097,2,56,55,29041,129.8562,12.0879,28512,432
test0270,2,51,50,16251,44.7347,4.0305,15925,325
test0290,2,65,64,9793,15.5256,0.5934,9639,288
test1048,2,61,60,29761,102.2888,7.6772,29264,480
test0034,2,93,92,27601,92.5064,3.6134,27300,552
test1380,2,47,46,25807,70.219,6.6112,25245,391
test0686,2,81,80,13681,20.8931,0.856,13509,360
test0347,2,79,78,18019,34.2925,1.6868,17787,429
test0644,2,63,62,17113,37.4511,3.2812,16836,372
test1170,2,53,52,27457,104.1358,11.0422,26928,416
test1496,2,50,49,25873,83.0677,13.0636,25344,384
test0160,2,44,43,1936,0.4439,0.0346,1890,105
test0361,2,56,55,5776,4.0942,0.4409,5670,189
test0314,2,90,89,4006,2.142,0.0792,3960,220
test0180,2,80,79,10745,12.9405,0.5295,10608,312
test1209,2,48,47,21856,61.0233,5.1209,21390,345
test0429,2,49,48,5041,3.3626,0.2161,4935,168
test1179,2,44,43,28639,102.0878,17.294,27972,378
test0856,2,59,58,28769,100.9537,6.8585,28272,464
test0559,2,60,59,27436,86.1645,6.6591,26970,435
test0111,2,73,72,8641,9.2936,0.7504,8520,288
test1081,2,51,50,24801,73.4255,6.1839,24304,400
test0931,2,45,44,21825,68.5405,7.0888,21328,352
test0726,2,42,41,15499,30.7729,2.5823,15120,280
test0414,2,57,56,27777,84.9698,6.1541,27280,448
test1447,2,57,56,24361,62.3281,4.5509,23925,420
test1123,2,45,44,24685,64.7839,6.4118,24123,374
test0646,2,88,87,3916,1.6817,0.0733,3870,215
test0220,2,62,61,10432,11.3587,0.6489,10260,270
test0846,2,44,43,9031,8.6594,0.6945,8820,210
test1239,2,57,56,27777,84.6387,6.1946,27280,448
test0602,2,43,42,18271,39.7781,3.6686,17835,315
test1399,2,53,52,27457,104.2124,7.0894,26928,416
test0704,2,90,89,4006,2.0177,0.0921,3960,220
test0179,2,66,65,6826,5.821,0.2547,6720,224
test0177,2,54,53,26289,76.5202,7.6492,25792,416
test0070,2,65,64,19201,47.8839,2.4981,18900,384
test0412,2,46,45,6121,4.3705,0.2973,5984,176
test1291,2,43,42,19531,42.2693,4.9303,19065,315
test1389,2,47,46,27371,91.8086,9.2523,26775,391
test0744,2,52,51,4642,2.3771,0.1701,4550,175
test1459,2,42,41,19066,41.6542,6.0283,18600,300
test0708,2,84,83,8716,9.3489,0.7548,8610,287
test0468,2,58,57,3136,1.5303,0.0726,3080,140
test1454,2,65,64,27841,98.4542,5.2511,27405,480
test0245,2,49,48,15601,31.4341,5.1503,15275,312
test0978,2,59,58,28769,118.7228,6.7054,28272,464
test0373,2,74,73,12484,16.8305,0.8163,12312,324
test0821,2,84,83,3736,1.5381,0.0718,3690,205
test0004,2,95,94,12785,17.5623,0.6583,12648,376
test0618,2,55,54,8263,7.3977,0.4705,8109,243
test1418,2,51,50,23251,58.06,4.8695,22785,375
test0692,2,68,67,10252,11.3879,0.5876,10098,297
test0101,2,65,64,22465,54.6408,5.7865,22113,416
test0973,2,48,47,23313,68.7593,13.5364,22816,368
test1120,2,41,40,19841,64.6543,5.8265,19344,320
test0455,2,77,76,20977,66.559,2.9737,20700,456
test0935,2,45,44,26181,97.3258,8.0705,25585,374
test0634,2,61,60,2701,0.8739,0.0533,2655,150
test1397,2,48,47,26368,84.6356,7.7885,25806,391
test0174,2,82,81,5347,3.875,0.1462,5280,240
test0071,2,58,57,7753,8.9403,0.47,7616,224
test1195,2,48,47,20446,58.7587,4.2956,20010,345
test0751,2,47,46,27371,108.1838,8.6094,26775,391
test0777,2,84,83,8716,10.1496,0.375,8610,287
test1281,2,44,43,24124,76.7447,7.2919,23562,357
test0719,2,79,78,4291,2.5564,0.1078,4235,195
test0768,2,44,43,13976,25.2344,2.0664,13650,273
test0552,2,83,82,24601,82.586,6.3991,24300,492
test0043,2,42,41,4921,5.0047,0.2537,4800,160
test0696,2,71,70,11971,21.7077,0.8646,11799,315
test1022,2,49,48,26929,105.3107,8.0656,26367,408
test0298,2,67,66,11287,14.6852,0.7739,11115,297
test0371,2,65,64,22465,59.5506,3.7688,22113,416
test1114,2,51,50,21751,59.0331,4.4227,21315,375
test0370,2,74,73,4016,1.8852,0.0969,3960,180
test0092,2,62,61,14092,23.9461,1.4491,13860,330
test0588,2,56,55,9406,12.9535,0.9374,9234,243
test1307,2,57,56,29569,114.1442,10.9041,29040,448
test1180,2,46,45,26776,93.1608,8.5954,26180,374
test0905,2,48,47,26368,87.7241,8.0545,25806,391
test1263,2,47,46,22817,65.3063,6.9466,22320,368
test0915,2,41,40,18601,45.076,5.1832,18135,300
test0291,2,77,76,17557,44.6108,2.1976,17325,418
test0142,2,80,79,23701,65.9721,3.5784,23400,468
test0685,2,62,61,21412,56.5598,4.1235,21060,390
test0622,2,92,91,15562,29.3905,1.389,15390,405
test0334,2,53,52,15601,27.8891,2.0313,15300,312
test1347,2,52,51,22186,56.3625,4.1371,21750,375
test1229,2,45,44,26181,72.3352,7.2397,25585,374
test0450,2,91,90,10801,12.1376,0.4725,10680,360
test0780,2,61,60,8161,7.0015,0.4002,8024,240
test0108,2,57,56,10641,11.8867,0.7482,10450,280
test0842,2,69,68,12921,17.6385,0.913,12730,340
test0589,2,49,48,9121,8.8267,0.6345,8930,240
test0262,2,73,72,19873,41.1625,2.1564,19596,432
test0990,2,51,50,26401,84.7082,7.1818,25872,400
test1252,2,42,41,21649,55.7912,6.2799,21120,320
test0951,2,47,46,28981,109.2128,10.6483,28350,414
test0511,2,50,49,29156,104.9015,9.8021,28560,408
test1244,2,47,46,24289,74.126,8.045,23760,368
test0820,2,47,46,5521,4.4794,0.2537,5400,184
test0437,2,67,66,13861,23.8416,1.3658,13650,330
test1174,2,57,56,27777,105.5362,6.8073,27280,448
test1269,2,60,59,29265,103.8699,8.1021,28768,464
test0972,2,45,44,19141,53.6465,4.0392,18705,330
test0613,2,49,48,23809,86.2446,8.2423,23312,384
test0992,2,42,41,25831,95.2199,11.4327,25200,360
test1351,2,41,40,23801,72.9298,7.3454,23205,340
test0005,2,65,64,17665,36.2799,2.1499,17388,384
test0572,2,98,97,20371,48.3812,1.8011,20160,480
test0338,2,64,63,23815,68.5492,4.7264,23436,434
test0855,2,50,49,21316,63.8681,5.6837,20880,360
test1156,2,55,54,26785,96.4748,7.9253,26288,432
test0802,2,87,86,4731,2.6542,0.1164,4675,215
test1224,2,44,43,21329,63.5852,7.2068,20832,336
test1021,2,51,50,24801,78.5518,6.5198,24304,400
test0783,2,96,95,28501,104.6695,3.7857,28200,564
test0551,2,55,54,4915,2.8842,0.1747,4823,189
test0348,2,60,59,10090,12.0048,0.6964,9918,261
test0120,2,42,41,2707,0.8779,0.0672,2640,120
test0680,2,63,62,14323,25.3567,1.4242,14091,341
test0741,2,70,69,4555,2.4919,0.14,4488,204
test0443,2,65,64,19201,43.0473,2.5693,18900,384
test1366,2,46,45,29971,113.2686,11.0502,29304,396
test1140,2,54,53,23056,64.5048,4.9106,22620,390
test0315,2,79,78,25351,78.7561,5.6646,25025,507
test0425,2,70,69,5383,3.6505,0.287,5304,204
test0354,2,101,100,4501,2.6819,0.1791,4455,250
test0446,2,54,53,18604,42.0178,3.6026,18252,338
test0344,2,73,72,27217,103.3213,5.1475,26838,504
test0917,2,43,42,23563,63.9885,6.457,23001,357
test0013,2,44,43,22705,65.4954,6.4043,22176,336
test1413,2,47,46,25807,84.1625,7.0962,25245,391
test0691,2,90,89,12105,16.446,0.6441,11968,352
test0697,2,66,65,12351,21.5433,1.0461,12160,320
test0017,2,56,55,17876,41.84,2.5129,17550,351
test0789,2,42,41,4921,2.9032,0.2246,4800,160
test0161,2,41,40,17401,36.0745,3.6508,16965,300
test0776,2,75,74,3331,1.3237,0.0666,3285,185
test0103,2,59,58,28769,93.5104,6.984,28272,464
test0432,2,62,61,21412,51.2122,3.2818,21060,390
test0927,2,44,43,24124,65.7451,6.6284,23562,357
test0172,2,64,63,8569,8.2422,0.4507,8432,248
test0173,2,64,63,27406,85.7569,5.5903,26970,465
test1306,2,51,50,21751,54.3566,4.3492,21315,375
test0372,2,69,68,4489,2.3047,0.1217,4422,204
test1254,2,50,49,27490,91.0811,9.7906,26928,408
test0540,2,41,40,29641,105.8187,11.7325,28899,380
test0129,2,51,50,28051,92.0315,8.5991,27489,425
test0762,2,87,86,6709,5.5321,0.4094,6630,258
test0292,2,68,67,6098,4.3188,0.217,6006,231
test0888,2,43,42,22177,55.3288,5.6296,21648,336
test0553,2,73,72,7561,6.422,0.3026,7455,252
test0312,2,42,41,5577,3.5824,0.2902,5440,160
test0611,2,44,43,11869,16.0431,1.3493,11592,252
test1057,2,42,41,27307,86.874,9.4737,26640,360
test0154,2,41,40,5441,3.4733,0.2831,5304,160
test0242,2,91,90,7021,5.6102,0.2226,6942,270
test0632,2,76,75,14251,24.3325,1.1073,14060,370
test0969,2,60,59,27436,94.5011,6.2332,26970,435
test0259,2,87,86,18061,38.7239,1.5289,17850,430
test0880,2,54,53,27985,91.4621,7.2025,27456,416
test0689,2,65,64,8705,8.5418,0.4629,8568,256
test0239,2,42,41,6274,4.4611,0.3622,6120,180
test0205,2,68,67,9113,9.3682,0.4751,8976,264
test0911,2,44,43,24124,65.203,6.5936,23562,357
test0764,2,59,58,3829,1.6636,0.0952,3762,174
test1013,2,44,43,27091,82.4779,9.2526,26460,378
test1188,2,46,45,25246,71.5191,7.9603,24684,374
test0431,2,85,84,25201,74.0004,3.7551,24900,504
test0218,2,51,50,3301,1.2741,0.0932,3234,150
test0138,2,99,98,5391,3.3492,0.1317,5335,245
test0580,2,80,79,23701,83.1159,3.3063,23400,468
test0710,2,64,63,9640,12.5817,0.7421,9486,279
test0367,2,87,86,23737,70.8637,3.427,23460,516
test1247,2,48,47,20446,55.903,4.7275,20010,345
test0756,2,49,48,16849,37.3609,2.7665,16497,312
test1196,2,41,40,19841,49.3843,5.566,19344,320
test0872,2,48,47,27966,97.5543,9.6367,27370,391
test0168,2,61,60,10261,12.0296,0.7088,10089,270
test1420,2,52,51,22186,58.8497,4.9012,21750,375
test0757,2,66,65,5071,2.9974,0.1599,4992,192
test0505,2,83,82,3691,1.6843,0.0724,3645,205
test0001,2,43,42,27973,99.1211,10.6887,27306,378
test0116,2,46,45,7696,7.4271,0.7762,7524,198
test1059,2,44,43,22705,65.6097,5.8612,22176,336
test1364,2,65,64,27841,92.5457,7.0444,27405,480
test0499,2,62,61,18301,52.0958,2.4977,18000,360
test0669,2,46,45,4726,2.8622,0.1926,4620,154
test0722,2,42,41,27307,95.3529,9.9449,26640,360
test0703,2,71,70,17711,41.3028,2.0516,17457,385
test0426,2,70,69,28015,100.0887,5.2414,27608,476
test0522,2,54,53,8110,7.6128,0.5067,7956,234
test1034,2,46,45,20926,51.8113,4.6017,20460,330
test1463,2,59,58,28769,97.9304,6.9624,28272,464
test0564,2,51,50,23251,69.6124,5.6786,22785,375
test0472,2,41,40,3641,1.8861,0.1214,3549,140
test0345,2,63,62,14323,23.5483,1.9322,14091,341
test0971,2,47,46,28981,3682.8771,8.9204,28350,414
test1451,2,43,42,29527,92.2112,10.2196,28823,399
test0300,2,97,96,26497,73.0249,2.9172,26220,576
test0427,2,57,56,11761,14.6602,0.9308,11550,280
test1293,2,41,40,26641,75.0368,9.3885,25974,360
test1392,2,59,58,28769,87.7554,6.3201,28272,464
test0797,2,54,53,2916,0.9057,0.0588,2860,130
test0763,2,58,57,5188,2.8338,0.1702,5096,196
test0571,2,65,64,7681,6.2783,0.3344,7560,256
test0221,2,57,56,6721,4.76,0.2901,6600,224
test0758,2,49,48,3745,1.5145,0.1028,3666,144
test0620,2,81,80,20241,42.2572,1.9796,19987,440
test1046,2,54,53,29734,93.6518,7.6173,29172,442
test0721,2,96,95,28501,83.5965,3.4284,28200,564
test0871,2,45,44,23233,56.3916,5.5502,22704,352
test0018,2,80,79,3556,1.326,0.065,3510,195
test1007,2,68,67,29146,88.0312,5.4399,28710,495
test1236,2,62,61,26536,72.7148,4.9231,26100,450
test0806,2,93,92,23277,55.6952,2.2806,23023,506
test0267,2,50,49,11320,13.3773,0.9744,11088,264
test1023,2,41,40,26641,75.4189,8.4592,25974,360
test0219,2,41,40,21121,48.0868,5.3929,20592,320
test0397,2,92,91,19111,39.4155,1.9636,18900,450
test1008,2,54,53,29734,94.0901,10.3037,29172,442
test0415,2,52,51,9691,10.7807,0.7159,9500,250
test0356,2,94,93,7255,7.4022,0.2212,7176,276
test1261,2,62,61,26536,75.59,5.0146,26100,450
test0678,2,70,69,28015,82.1685,4.8722,27608,476
test1121,2,43,42,20833,45.8641,4.5935,20336,336
test0077,2,41,40,11041,12.9411,1.1689,10764,240
test1031,2,64,63,29296,90.1317,6.012,28830,465
test1077,2,56,55,27281,100.3101,7.5389,26784,432
test0007,2,55,54,25111,80.2293,7.161,24645,405
test0829,2,44,43,17459,38.7846,5.4625,17052,294
test1118,2,54,53,29734,104.684,9.0087,29172,442
test0041,2,57,56,8569,9.9282,0.5676,8415,252
test0900,2,52,51,26929,89.4682,6.4642,26400,400
test0215,2,68,67,11458,13.8159,0.713,11286,297
test1012,2,50,49,21316,49.0036,3.949,20880,360
test0866,2,53,52,24181,64.3708,6.7711,23715,390
test1051,2,43,42,27973,87.2671,9.2297,27306,378
test0666,2,45,44,16633,29.6106,2.8047,16254,308
test1259,2,51,50,24801,72.2883,5.5533,24304,400
test0930,2,48,47,29611,101.6255,9.2046,28980,414
test0307,2,101,100,7801,6.9815,0.3567,7722,300
test0702,2,69,68,27609,85.5553,4.7435,27202,476
test0349,2,44,43,9934,10.3362,0.8469,9702,231
test0550,2,73,72,7561,5.9637,0.2815,7455,252
test0157,2,57,56,9577,9.5519,0.5876,9405,252
test0671,2,57,56,19657,42.7595,2.9058,19305,364
test0233,2,41,40,25201,68.8805,7.9895,24570,360
test0920,2,56,55,29041,91.9115,7.6804,28512,432
test0977,2,51,50,21751,54.9828,4.0404,21315,375
test1446,2,52,51,26929,75.6926,6.3906,26400,400
test0445,2,90,89,20560,48.0965,1.9332,20328,484
test0567,2,63,62,23437,63.6104,4.0059,23058,434
test0694,2,72,71,10864,14.0352,0.6476,10710,315
test0760,2,57,56,29569,109.1447,7.777,29040,448
test0484,2,54,53,21519,53.0574,3.9309,21112,364
test1173,2,47,46,25807,75.9419,7.3785,25245,391
test1137,2,62,61,26536,85.8392,5.258,26100,450
test1376,2,50,49,21316,53.9583,4.6171,20880,360
test0739,2,100,99,16930,33.3077,1.1192,16758,441
test0335,2,47,46,25807,73.6375,7.6753,25245,391
test0945,2,45,44,19141,42.0956,3.5756,18705,330
test0178,2,76,75,4126,1.8133,0.0883,4070,185
test1230,2,41,40,21121,48.6988,5.1836,20592,320
test0490,2,89,88,4841,2.4739,0.1047,4785,220
test0377,2,45,44,15445,25.2603,2.1916,15093,286
test1255,2,55,54,23491,59.2172,4.3797,23055,405
test0591,2,59,58,3829,1.5523,0.0949,3762,174
test1415,2,49,48,28561,87.7884,7.8672,27965,408
test0046,2,85,84,6553,4.7958,0.2688,6474,252
test0928,2,58,57,28273,92.4328,6.6309,27776,448
test1010,2,54,53,24646,75.6277,6.3614,24180,390
test0104,2,46,45,2971,0.9798,0.0709,2904,132
test0394,2,97,96,13057,18.6234,0.656,12920,384
test0869,2,61,60,26101,76.4155,6.5516,25665,450
test0712,2,49,48,16849,32.7231,2.397,16497,312
test0541,2,56,55,29041,92.9493,7.7812,28512,432
test1092,2,65,64,29761,101.4431,6.1486,29295,480
test0228,2,88,87,3916,1.6306,0.074,3870,215
test1337,2,45,44,26181,83.158,7.6046,25585,374
test0681,2,80,79,16591,31.5594,2.6215,16380,390
test0175,2,58,57,2566,0.8034,0.0628,2520,140
test0080,2,91,90,4951,5.6088,0.1746,4895,225
test0593,2,90,89,9346,14.6507,0.3708,9240,308
test0488,2,48,47,29611,102.9846,9.0835,28980,414
test0318,2,64,63,5734,3.5373,0.1909,5642,217
test1374,2,43,42,20833,49.2541,4.676,20336,336
test1091,2,42,41,21649,51.3081,5.8799,21120,320
test0369,2,81,80,3601,1.6365,0.0685,3555,200
test0430,2,81,80,9601,10.5393,0.4399,9480,320
test0747,2,52,51,5356,3.15,0.2047,5250,175
test0459,2,49,48,3745,1.7851,0.1064,3666,144
test0033,2,99,98,24795,66.0313,2.9086,24541,539
test0313,2,100,99,29701,101.2467,4.8175,29400,588
test1061,2,63,62,28831,98.8228,6.8026,28365,465
test0873,2,43,42,27973,87.2414,9.3478,27306,378
test0184,2,65,64,25985,75.5291,4.6642,25578,448
test0326,2,90,89,24565,66.4432,2.793,24288,528
test1352,2,54,53,29734,98.5451,7.8913,29172,442
test1287,2,69,68,29581,92.5273,5.682,29145,510
test0458,2,43,42,3823,1.5961,0.1248,3731,147
test0660,2,48,47,15276,24.8281,2.0154,14950,299
test0699,2,61,60,24361,62.6226,4.2521,23954,420
test0006,2,47,46,6257,4.236,0.3078,6120,184
test0767,2,52,51,3979,1.7106,0.1121,3900,150
test0282,2,77,76,5929,3.7344,0.1734,5850,228
test0754,2,80,79,15011,23.7431,1.0841,14820,390
test0362,2,42,41,24396,67.127,6.9375,23800,340
test0934,2,45,44,20461,44.9004,4.3009,19995,330
test0876,2,56,55,25576,69.9169,5.1731,25110,405
test0599,2,90,89,4896,2.5071,0.1057,4840,220
test0562,2,73,72,18217,34.3894,1.7788,17963,396
test0234,2,83,82,12547,16.3173,0.7003,12393,369
test1422,2,42,41,21649,49.2547,5.0876,21120,320
test0785,2,53,52,4733,2.376,0.1547,4641,182
test1237,2,42,41,28824,87.7878,9.9741,28120,380
test1468,2,44,43,19996,42.141,4.0125,19530,315
test0981,2,44,43,27091,76.6383,8.0195,26460,378
test1107,2,45,44,20461,43.6203,4.0993,19995,330
test0304,2,45,44,3433,1.2841,0.0944,3354,132
test0411,2,76,75,7876,6.5039,0.2936,7770,259
test0385,2,58,57,26506,73.6534,5.5219,26040,420
test0653,2,89,88,10561,11.7303,0.4663,10440,352
test0961,2,64,63,27406,77.9508,5.1412,26970,465
test0127,2,89,88,11969,14.9063,0.595,11832,352
test0718,2,69,68,3061,0.9906,0.0554,3015,170
test1115,2,47,46,28981,88.0277,8.6133,28350,414
test1302,2,46,45,20926,45.8246,4.2058,20460,330
test1044,2,61,60,26101,72.4497,4.9177,25665,450
test1379,2,60,59,25666,68.457,4.8083,25230,435
test1387,2,51,50,24801,64.5315,5.4526,24304,400
test1050,2,48,47,29611,91.6872,10.0369,28980,414
test0502,2,70,69,22426,54.0276,2.9922,22100,442
test1036,2,56,55,25576,68.2327,5.1939,25110,405
test0957,2,49,48,20881,45.5834,3.8939,20445,360
test0648,2,67,66,6931,5.0369,0.2624,6825,231
test0495,2,77,76,5017,2.6823,0.1247,4950,228
test0932,2,51,50,23251,56.5894,4.7281,22785,375
test1029,2,54,53,23056,55.5431,5.6503,22620,390
test0525,2,42,41,11317,14.061,1.2232,11040,240
test0636,2,62,61,4027,1.738,0.1007,3960,180
test0400,2,85,84,27301,77.8536,3.6254,26975,546
test0368,2,52,51,11782,14.6178,1.0301,11550,275
test1425,2,49,48,28561,85.6193,7.9658,27965,408
test0379,2,58,57,28273,83.2494,6.2722,27776,448
test0363,2,51,50,12651,18.3652,1.2404,12397,275
test0948,2,63,62,26971,78.0327,5.1822,26535,465
test0266,2,48,47,12973,17.904,1.4025,12696,276
test0235,2,48,47,24817,64.8791,5.9334,24288,368
test1465,2,58,57,26506,73.3536,5.4338,26040,420
test0749,2,71,70,6371,4.2746,0.213,6279,245
test0875,2,44,43,19996,43.4506,4.0928,19530,315
test1162,2,47,46,21391,48.5903,4.3775,20925,345
test0227,2,59,58,13399,18.9835,1.1819,13167,319
test0084,2,77,76,5929,3.7217,0.1718,5850,228
test0153,2,70,69,22426,52.3215,2.9673,22100,442
test0295,2,83,82,18943,37.4545,1.6828,18711,451
test0440,2,61,60,16561,28.7427,1.795,16284,360
test0545,2,57,56,26041,71.4446,5.3404,25575,420
test0837,2,72,71,12142,17.1431,0.7736,11970,315
test0139,2,80,79,18250,35.0068,1.6356,18018,429
test1167,2,53,52,25793,69.9341,5.8654,25296,416
test0095,2,72,71,21301,51.3499,3.3422,21000,420
test0840,2,49,48,22321,57.0516,4.8406,21855,360
test1325,2,52,51,26929,83.9362,6.6897,26400,400
test0736,2,79,78,16381,30.8191,1.4331,16170,390
test0616,2,73,72,19873,46.0774,2.3514,19596,432
test0309,2,89,88,9241,9.6051,0.3804,9135,308
test0711,2,56,55,3631,1.4951,0.0933,3564,162
test0518,2,81,80,20241,46.8373,2.3223,19987,440
test0241,2,45,44,16633,32.2716,2.8049,16254,308
test0090,2,45,44,6733,5.2001,0.4005,6579,198
test0094,2,43,42,5041,2.9756,0.2297,4920,168
test0808,2,49,48,13249,19.8734,1.5385,12972,288
test0162,2,72,71,8521,8.2289,0.4002,8400,280
test1106,2,47,46,28981,94.1845,9.3306,28350,414
test0015,2,68,67,7036,6.0885,0.2866,6930,231
test1350,2,46,45,26776,93.7038,8.5114,26180,374
test0936,2,47,46,27371,95.3341,7.9927,26775,391
test0590,2,74,73,5695,3.5758,0.1734,5616,216
test0264,2,52,51,16576,30.0249,2.2946,16250,325
test0436,2,78,77,13168,19.6923,0.9348,12996,342
test0020,2,47,46,20011,47.295,4.2543,19575,345
test1282,2,68,67,29146,114.106,5.8174,28710,495
test1096,2,60,59,29265,103.2687,7.2007,28768,464
test0959,2,52,51,22186,55.7369,4.487,21750,375
test0145,2,70,69,22426,55.582,2.9544,22100,442
test0995,2,46,45,28351,89.7998,8.8222,27720,396
test0099,2,62,61,18301,38.8801,2.5592,18000,360
test1305,2,46,45,22321,55.0598,5.2698,21824,352
test0561,2,70,69,15940,28.3849,1.5771,15708,374
test0662,2,66,65,24571,69.6704,4.0717,24192,448
test0288,2,78,77,11782,15.5473,0.6922,11628,342
test1211,2,44,43,21329,49.4927,5.6762,20832,336
test0037,2,98,97,6403,4.9543,0.1816,6336,288
test0137,2,68,67,6098,4.2717,0.2131,6006,231
test0213,2,96,95,11401,14.7015,0.5763,11280,376
test0273,2,54,53,26289,82.3476,6.9934,25792,416
test0586,2,44,43,6580,5.6793,0.3673,6426,189
test0504,2,99,98,4411,2.706,0.13,4365,245
test0625,2,71,70,9521,11.637,0.5431,9384,280
test0297,2,61,60,21061,49.0345,3.2086,20709,390
test1104,2,45,44,26181,76.0442,8.3746,25585,374
test0091,2,45,44,7525,6.5606,0.5068,7353,198
test0471,2,67,66,18217,38.4475,2.196,17940,396
test0578,2,62,61,28366,93.9721,6.6208,27900,450
test1359,2,46,45,25246,74.7873,6.8896,24684,374
test1275,2,44,43,27091,81.6025,8.4727,26460,378
test1231,2,48,47,27966,96.2236,9.1115,27370,391
test0753,2,45,44,8361,7.8488,0.6216,8170,220
test0009,2,101,100,23101,68.5586,2.2903,22869,550
test0659,2,75,74,15541,29.5657,1.366,15330,370
test1235,2,54,53,23056,62.1279,4.7657,22620,390
test1421,2,50,49,29156,98.1919,8.8506,28560,408
test0287,2,47,46,8741,8.6145,0.8711,8550,230
test1097,2,46,45,26776,87.2925,7.8703,26180,374
test0600,2,69,68,29581,98.8178,6.0775,29145,510
test0925,2,41,40,17401,34.8699,3.4284,16965,300
test1322,2,43,42,29527,98.8398,10.6557,28823,399
test0968,2,50,49,24305,66.335,5.9053,23808,384
test0812,2,75,74,14061,22.7144,1.1054,13870,370
test0958,2,45,44,24685,70.1564,6.9351,24123,374
test0332,2,63,62,4837,2.7131,0.1525,4758,186
test0051,2,42,41,9472,10.5072,0.8949,9240,220
test1329,2,43,42,29527,102.3441,11.0801,28823,399
test1028,2,46,45,28351,92.7873,8.8849,27720,396
test0381,2,89,88,4841,2.5961,0.1124,4785,220
test1213,2,55,54,26785,81.7117,7.0287,26288,432
test1498,2,41,40,29641,104.1397,12.5642,28899,380
test1419,2,42,41,17836,36.2703,3.5263,17400,300
test1361,2,51,50,28051,92.4213,8.2235,27489,425
test1165,2,47,46,25807,82.1888,7.4799,25245,391
test0038,2,79,78,19735,46.7043,2.5106,19481,429
test1452,2,53,52,25793,78.807,6.1879,25296,416
test0987,2,47,46,28981,107.279,9.2562,28350,414
test0251,2,83,82,9841,11.3478,0.4654,9720,328
test1160,2,43,42,22177,59.4271,6.352,21648,336
test0734,2,54,53,4135,1.9385,0.1275,4056,156
test0677,2,73,72,3961,1.7614,0.0872,3905,180
test0832,2,80,79,18250,37.0313,1.711,18018,429
test0194,2,75,74,15541,27.3618,1.4559,15330,370
test0690,2,68,67,29146,115.0709,8.2235,28710,495
test1045,2,43,42,26461,88.9964,8.9069,25830,378
test1370,2,60,59,25666,75.8773,5.2032,25230,435
test1386,2,42,41,25831,77.689,8.0755,25200,360
test0200,2,44,43,16255,29.9568,2.7693,15876,294
test0673,2,88,87,24013,65.3771,2.6984,23736,516
test1147,2,50,49,21316,52.0337,4.3079,20880,360
test1476,2,68,67,29146,95.5272,5.9334,28710,495
test1164,2,69,68,29581,98.4843,6.067,29145,510
test0152,2,82,81,13852,22.9147,0.9711,13680,360
test0706,2,97,96,5281,3.4869,0.1367,5225,240
test0595,2,95,94,21715,55.5311,2.0299,21483,517
test0480,2,45,44,24685,69.789,7.4365,24123,374
test1088,2,47,46,22817,62.1031,6.1308,22320,368
test0542,2,49,48,9121,9.1567,0.663,8930,240
test1199,2,57,56,24361,69.3927,5.8654,23925,420
test1356,2,53,52,22621,62.0257,4.6516,22185,390
test1453,2,67,66,28711,94.9152,5.8136,28275,495
test0823,2,63,62,25173,73.5541,4.9325,24766,434
test0159,2,66,65,9946,11.0862,0.5876,9792,288
test0418,2,97,96,11521,14.771,0.5807,11400,384
test1494,2,57,56,29569,104.1695,10.2682,29040,448
test1294,2,46,45,23761,119.23,11.639,23232,352
test1311,2,48,47,26368,169.7163,14.2186,25806,391
test1225,2,44,43,18706,71.5509,7.4725,18270,315
test1486,2,50,49,27490,167.3623,18.4012,26928,408
test0772,2,50,49,2206,1.4948,0.079,2160,120
test0809,2,87,86,19867,78.2579,3.8046,19635,473
test0254,2,81,80,8401,15.0545,0.561,8295,280
test0325,2,75,74,4071,3.4958,0.176,4015,185
test1474,2,45,44,24685,114.0002,16.3508,24123,374
test0386,2,91,90,15391,42.9793,1.6346,15219,405
test1491,2,46,45,23761,117.4751,12.8931,23232,352
test0947,2,65,64,27841,159.8533,8.6522,27405,480
test1049,2,46,45,29971,168.7922,17.6418,29304,396
test0087,2,77,76,22801,114.7902,6.9676,22500,456
test0066,2,64,63,2836,1.4204,0.0813,2790,155
test0201,2,67,66,23167,103.2687,5.6098,22815,429
test0275,2,54,53,5566,5.4425,0.3342,5460,182
test0324,2,92,91,9556,15.9386,0.6003,9450,315
test0498,2,78,77,16171,48.8769,2.6835,15960,380
test1127,2,45,44,29305,179.256,19.1093,28638,396
test0894,2,41,40,18601,76.3138,7.4913,18135,300
test0191,2,62,61,4759,4.5669,0.2631,4680,180
test0346,2,90,89,4006,4.8136,0.1773,3960,220
test0801,2,99,98,22639,93.4206,3.5713,22407,539
test1132,2,47,46,25807,150.4055,11.7331,25245,391
test0943,2,53,52,25793,109.8628,7.292,25296,416
test0740,2,45,44,7525,7.6452,0.593,7353,198
test1410,2,43,42,24991,83.7837,8.7443,24395,357
test0999,2,50,49,21316,60.3029,4.9705,20880,360
test1367,2,44,43,28639,109.8898,11.4496,27972,378
test0530,2,70,69,4555,2.8106,0.1435,4488,204
test0989,2,50,49,27490,99.5767,8.8698,26928,408
test0226,2,50,49,5881,4.6267,0.3227,5760,192
test0633,2,93,92,29901,117.0606,4.9593,29575,598
test1278,2,46,45,25246,83.952,8.0816,24684,374
test0940,2,47,46,20011,52.8026,4.6496,19575,345
test1455,2,44,43,19996,53.3467,5.0644,19530,315
test1437,2,47,46,25807,87.9974,8.3081,25245,391
test0638,2,52,51,7804,8.1475,0.5395,7650,225
test0075,2,72,71,19597,50.4628,2.6751,19320,420
test0965,2,46,45,23761,74.5971,7.0281,23232,352
test0387,2,92,91,17291,38.9591,1.5693,17100,450
test0229,2,46,45,3511,1.6518,0.1217,3432,132
test1303,2,47,46,25807,88.7533,8.3167,25245,391
test1014,2,47,46,22817,19995.4484,4.6671,22320,368
test0489,2,85,84,4621,2.0963,0.0919,4565,210
test0083,2,76,75,28351,83.4916,4.4373,27972,518
test1400,2,45,44,24685,63.3826,6.2567,24123,374
test1341,2,61,60,29761,95.7804,6.8278,29264,480
test1245,2,59,58,25231,66.8471,4.7256,24795,435
test1217,2,43,42,22177,59.22,8.7458,21648,336
test0081,2,52,51,19279,52.4324,4.8314,18900,350
test1369,2,49,48,26929,92.6615,10.0504,26367,408
test1438,2,51,50,21751,60.7679,5.4569,21315,375
test0769,2,70,69,3106,1.3106,0.0596,3060,170
test0044,2,41,40,8401,9.5183,1.0041,8190,200
test1467,2,47,46,25807,75.7849,7.3437,25245,391
test1142,2,55,54,26785,83.8574,6.2207,26288,432
test1216,2,51,50,23251,60.7859,4.9596,22785,375
test1390,2,48,47,29611,98.0632,9.3385,28980,414
test1016,2,53,52,24181,65.2103,5.1105,23715,390
test0592,2,87,86,19867,49.3197,2.2349,19635,473
test0047,2,80,79,21805,57.8058,2.67,21528,468
test0181,2,63,62,4093,2.251,0.1089,4026,186
test0115,2,57,56,19657,55.6846,3.0447,19305,364
test1017,2,42,41,17836,43.6337,3.8744,17400,300
test1060,2,52,51,25297,79.6908,6.2533,24800,400
test1358,2,54,53,24646,68.4047,5.3346,24180,390
test0010,2,69,68,10405,12.0611,0.6205,10251,306
test1304,2,52,51,28612,96.7914,10.5322,28050,425
test0064,2,93,92,5061,3.4452,0.1437,5005,230
test0603,2,74,73,11170,15.6553,0.6813,11016,324
test0667,2,71,70,8401,10.0992,0.406,8280,280
test1405,2,56,55,27281,93.3995,7.6625,26784,432
test0851,2,51,50,2251,0.8077,0.0488,2205,125
test0569,2,47,46,12697,20.0047,1.7,12420,276
test0464,2,63,62,14323,30.5036,1.4886,14091,341
test0641,2,41,40,13001,20.7912,1.8281,12675,260
test0732,2,57,56,15457,29.2237,1.8061,15180,336
test1223,2,69,68,29581,103.8698,7.6178,29145,510
test0882,2,54,53,23056,69.8477,5.4595,22620,390
test0169,2,96,95,19951,51.5854,1.8858,19740,470
test1103,2,47,46,25807,89.5455,7.5427,25245,391
test1412,2,56,55,25576,88.0971,5.964,25110,405
test0949,2,45,44,29305,110.7665,10.6358,28638,396
test0238,2,58,57,7753,8.5325,0.4255,7616,224
test0203,2,41,40,12001,16.3439,1.4592,11700,240
test0423,2,63,62,18601,40.8529,2.786,18300,372
test0012,2,46,45,15796,40.6253,3.5288,15444,286
test0045,2,90,89,9346,11.3003,0.4164,9240,308
test1079,2,42,41,17836,39.6963,3.469,17400,300
test0805,2,49,48,8209,7.7647,0.6261,8037,216
test1068,2,45,44,21825,56.155,5.4296,21328,352
test0819,2,94,93,5116,2.9742,0.1185,5060,230
test0479,2,70,69,11800,15.7241,0.7822,11628,306
test0670,2,77,76,10337,12.0166,0.5369,10200,304
test0192,2,76,75,9001,9.0758,0.4043,8880,296
test0364,2,56,55,23926,64.6027,4.4991,23490,405
test0997,2,59,58,25231,68.2362,4.7609,24795,435
test1472,2,45,44,19141,39.9294,3.5736,18705,330
test1326,2,46,45,29971,111.8715,12.499,29304,396
test1141,2,53,52,27457,91.7565,7.5075,26928,416
test0605,2,80,79,9481,10.411,0.4414,9360,312
test1128,2,51,50,28051,103.3188,10.1989,27489,425
test1334,2,49,48,26929,95.5034,9.8691,26367,408
test1357,2,46,45,23761,70.6926,6.9171,23232,352
test0257,2,82,81,4456,2.7459,0.1037,4400,200
test0167,2,61,60,6301,4.6073,0.2566,6195,210
test0654,2,45,44,17865,37.9416,3.2051,17458,308
test1464,2,44,43,28639,98.2199,11.6151,27972,378
test1150,2,53,52,27457,85.2052,7.0351,26928,416
test1283,2,43,42,24991,72.6958,10.9991,24395,357
test1297,2,48,47,21856,59.3191,4.8103,21390,345
test0453,2,47,46,22817,60.8109,6.4032,22320,368
test0547,2,100,99,15148,27.5055,1.4171,14994,441
test0109,2,42,41,4306,3.4307,0.2445,4200,140
test1117,2,55,54,26785,83.8988,6.9987,26288,432
test1343,2,69,68,29581,103.7698,6.3353,29145,510
test0294,2,60,59,14928,25.1382,1.5692,14674,319
test0283,2,95,94,5171,3.0385,0.1213,5115,235
test1202,2,49,48,28561,94.2365,10.7459,27965,408
test1274,2,42,41,27307,96.0777,9.5365,26640,360
test0713,2,84,83,3736,1.542,0.0726,3690,205
test0214,2,53,52,10921,13.3415,0.9867,10710,260
test1171,2,45,44,29305,111.4622,10.2101,28638,396
test0475,2,67,66,15247,26.292,1.4468,15015,363
test0693,2,87,86,5677,3.6526,0.1532,5610,258
test1429,2,61,60,26101,76.2307,5.2634,25665,450
test0728,2,82,81,22357,55.4958,2.6192,22080,480
test0985,2,69,68,29581,97.7913,5.967,29145,510
test0244,2,62,61,8297,8.217,0.4357,8160,240
test1043,2,41,40,18601,39.0647,4.0651,18135,300
test0243,2,53,52,8893,8.9213,0.5885,8721,234
test1095,2,47,46,22817,77.0125,6.3281,22320,368
test0786,2,72,71,21301,57.1079,2.6883,21000,420
test0462,2,62,61,23059,63.5983,4.0459,22680,420
test0054,2,57,56,11761,16.7793,1.1266,11550,280
test1381,2,52,51,25297,80.062,6.5584,24800,400
test1338,2,46,45,26776,90.5813,9.2938,26180,374
test0924,2,49,48,28561,93.818,8.5303,27965,408
test0668,2,73,72,8641,8.3974,0.4049,8520,288
test1207,2,65,64,27841,85.3563,5.5445,27405,480
test1469,2,62,61,28366,100.7957,6.4416,27900,450
test0674,2,52,51,17902,39.625,3.8173,17550,325
test0956,2,59,58,28769,104.3418,8.147,28272,464
test0938,2,47,46,24289,78.6648,7.7389,23760,368
test1360,2,60,59,25666,80.6821,7.0752,25230,435
test0941,2,54,53,23056,65.7802,5.0637,22620,390
test0232,2,92,91,25117,74.3485,3.029,24840,540
test0868,2,47,46,25807,84.2967,9.8035,25245,391
test1172,2,46,45,22321,62.3233,5.6382,21824,352
test1186,2,54,53,24646,74.1728,5.2457,24180,390
test1309,2,41,40,25201,76.8239,7.999,24570,360
test0942,2,52,51,28612,100.9011,8.9241,28050,425
test0284,2,100,99,15148,25.992,0.9979,14994,441
test0141,2,52,51,2806,0.9558,0.0594,2750,125
test1102,2,54,53,29734,107.151,8.2076,29172,442
test0513,2,45,44,19141,43.6674,3.7249,18705,330
test1227,2,59,58,28769,92.0203,6.8822,28272,464
test0684,2,48,47,17767,37.8455,3.1679,17388,322
test1480,2,47,46,24289,64.7805,5.9926,23760,368
test0493,2,93,92,15733,27.8925,1.0466,15561,414
test0189,2,78,77,9241,9.3841,0.4091,9120,304
test0824,2,54,53,4135,1.8718,0.1165,4056,156
test1406,2,61,60,27901,85.0786,6.0283,27435,450
test1332,2,55,54,23491,69.318,5.0304,23055,405
test0791,2,84,83,14194,25.053,0.9415,14022,369
test1201,2,48,47,23313,60.3609,5.4811,22816,368
test0642,2,95,94,16075,29.6479,1.0676,15903,423
test0950,2,47,46,21391,53.9807,4.8009,20925,345
test0216,2,56,55,25576,71.5343,5.1864,25110,405
test1242,2,45,44,24685,68.6652,6.5238,24123,374
test0771,2,41,40,6841,5.2007,0.4256,6669,180
test0723,2,48,47,11892,17.5459,1.2387,11638,253
test0035,2,50,49,3235,1.2719,0.097,3168,144
test1185,2,64,63,27406,88.3737,5.2398,26970,465
test0388,2,83,82,18943,45.7804,2.1793,18711,451
test1116,2,47,46,20011,52.6561,3.7068,19575,345
test0236,2,61,60,3961,1.6661,0.0982,3894,180
test0963,2,55,54,26785,92.0339,8.3111,26288,432
test1042,2,68,67,29146,102.1092,5.5451,28710,495
test0246,2,58,57,28273,85.7017,6.1831,27776,448
test0661,2,68,67,6098,3.9117,0.199,6006,231
test0639,2,47,46,17389,31.3949,2.6949,17010,322
test0577,2,55,54,6481,4.4018,0.2767,6360,216
test1063,2,61,60,29761,91.9824,6.5162,29264,480
test0085,2,41,40,8401,7.4306,0.645,8190,200
test1401,2,43,42,18271,34.8735,3.3458,17835,315
test0433,2,75,74,12655,16.5531,0.7882,12483,333
test1442,2,42,41,27307,77.6638,8.6081,26640,360
test0515,2,75,74,22201,50.717,2.6419,21900,444
test0424,2,54,53,9064,8.5569,0.5547,8892,234
test0072,2,90,89,28926,85.5605,3.7788,28600,572
test1411,2,47,46,25807,69.5117,6.5379,25245,391
test0531,2,53,52,22621,54.4666,4.5701,22185,390
test1445,2,41,40,28121,102.0883,13.2497,27417,380
test1391,2,48,47,27966,91.8981,9.8673,27370,391
test0853,2,46,45,20926,56.852,4.5287,20460,330
test0068,2,91,90,20791,53.7745,2.0131,20559,495
test0520,2,56,55,13916,22.2622,1.4128,13662,297
test0804,2,52,51,10711,12.5762,0.8736,10500,250
test0815,2,66,65,3576,1.9319,0.0774,3520,160
test0166,2,98,97,8828,10.2902,0.3141,8736,336
test0058,2,78,77,29107,103.1733,5.0151,28728,532
test1228,2,46,45,28351,100.4983,9.9841,27720,396
test0967,2,44,43,25586,96.3707,11.214,24990,357
test0451,2,67,66,15247,29.6946,1.6297,15015,363
test0321,2,92,91,4096,1.9427,0.0834,4050,225
test0057,2,41,40,22441,73.1643,6.6403,21879,340
test1206,2,47,46,28981,111.5152,10.5991,28350,414
test1070,2,66,65,28276,101.7801,5.4437,27840,480
test0709,2,54,53,14629,27.1156,2.5057,14352,312
test0024,2,86,85,16151,31.7825,1.6406,15960,420
test0839,2,67,66,16699,39.6942,1.722,16445,363
test1204,2,64,63,29296,108.1859,7.04,28830,465
test0598,2,73,72,8641,9.3965,1.1499,8520,288
test0206,2,92,91,27301,93.312,4.3168,27000,540
test1280,2,58,57,26506,86.7269,5.7346,26040,420
test0655,2,49,48,18145,39.0212,2.8914,17766,336
test0403,2,82,81,8506,7.7559,0.3374,8400,280
test0281,2,92,91,7099,6.9578,0.2083,7020,270
test0156,2,96,95,24036,68.128,2.4683,23782,517
test1284,2,63,62,28831,95.0342,6.8649,28365,465
test0473,2,61,60,13861,25.0199,1.4344,13629,330
test1449,2,55,54,25111,76.3178,5.1196,24645,405
test0121,2,46,45,14626,22.6254,1.9031,14300,286
test1344,2,49,48,22321,53.04,4.5564,21855,360
test1205,2,50,49,25873,78.8575,7.2854,25344,384
test0494,2,91,90,22771,57.9027,2.2845,22517,495
test0188,2,61,60,19501,40.6704,2.6041,19175,390
test0126,2,44,43,2839,0.8777,0.0691,2772,126
test0340,2,93,92,29901,104.0611,4.0338,29575,598
test1122,2,50,49,27490,89.724,7.3127,26928,408
test1163,2,67,66,28711,98.1754,6.3437,28275,495
test1080,2,52,51,26929,91.8336,7.8189,26400,400
test0624,2,61,60,9181,9.5758,0.5489,9027,270
test1493,2,56,55,25576,79.839,6.0209,25110,405
test0793,2,81,80,20241,50.4877,2.16,19987,440
test0615,2,57,56,27777,98.8029,7.5814,27280,448
test1194,2,43,42,27973,106.7011,11.0587,27306,378
test1210,2,41,40,17401,37.9545,4.2743,16965,300
test1154,2,48,47,27966,92.0521,8.7771,27370,391
test0039,2,83,82,9841,12.0076,0.6657,9720,328
test0401,2,94,93,23530,66.2216,2.865,23276,506
test0608,2,43,42,18271,41.0936,4.4365,17835,315
test1286,2,45,44,21825,56.7745,5.6438,21328,352
test1074,2,48,47,26368,81.0576,7.2311,25806,391
test0133,2,82,81,22357,68.9779,3.0879,22080,480
test0380,2,91,90,4051,1.855,0.081,4005,225
test0410,2,54,53,4135,2.123,0.1573,4056,156
test0416,2,92,91,23024,65.3413,2.4943,22770,495
test0695,2,87,86,23737,78.2973,3.3592,23460,516
test0249,2,49,48,15601,28.7731,2.2349,15275,312
test0376,2,44,43,19996,45.2571,4.3014,19530,315
test0788,2,89,88,28601,98.5514,4.4236,28275,572
test1331,2,41,40,18601,40.1416,3.8194,18135,300
test0954,2,43,42,18271,37.1341,3.5753,17835,315
test0428,2,81,80,20241,45.8264,2.6521,19987,440
test0014,2,45,44,20461,50.3013,4.2916,19995,330
test0817,2,61,60,3961,1.7422,0.1018,3894,180
test1288,2,54,53,24646,70.6659,5.2492,24180,390
test0253,2,41,40,17401,34.7707,3.7784,16965,300
test1158,2,50,49,24305,69.1451,7.2204,23808,384
test0491,2,47,46,2071,0.4946,0.0363,2025,115
test0190,2,46,45,9451,9.6413,0.8666,9240,220
test1039,2,65,64,29761,98.87,7.6792,29295,480
test0521,2,87,86,5677,4.2247,0.1699,5610,258
test0714,2,55,54,23491,63.7232,4.7466,23055,405
test0939,2,53,52,22621,70.7545,5.2747,22185,390
test0607,2,55,54,8263,8.8846,0.6026,8109,243
test0268,2,48,47,2116,0.6025,0.0463,2070,115
test0682,2,54,53,12244,19.4389,1.1404,12012,286
test0434,2,77,76,10337,15.2168,0.6153,10200,304
test0308,2,58,57,11971,19.4713,1.1079,11760,280
test1407,2,41,40,22441,69.0879,8.5208,21879,340
test0148,2,46,45,23761,81.0226,7.0918,23232,352
test1218,2,54,53,23056,69.4319,4.3501,22620,390
test0151,2,77,76,15961,26.7043,1.2802,15750,380
test0497,2,70,69,26083,71.4336,4.1334,25704,476
test0543,2,83,82,6397,4.2961,0.1838,6318,246
test0487,2,77,76,7981,6.72,0.3019,7875,266
test1004,2,41,40,19841,41.2528,4.3155,19344,320
test0210,2,49,48,26929,76.018,6.8916,26367,408
test0847,2,93,92,14077,20.5319,0.7853,13923,414
test0277,2,74,73,23726,59.3175,3.6249,23400,468
test0269,2,96,95,9976,13.9907,0.4088,9870,329
test1099,2,41,40,28121,105.8211,10.1184,27417,380
test0149,2,52,51,5356,3.1335,0.2059,5250,175
test1273,2,47,46,27371,80.4236,7.6692,26775,391
test0635,2,83,82,28783,87.3112,4.2288,28431,533
test0841,2,58,57,28273,84.7031,6.3311,27776,448
test0391,2,97,96,24289,62.0841,2.4326,24035,528
test1054,2,57,56,26041,71.6777,5.4266,25575,420
test1176,2,46,45,26776,76.4796,7.5129,26180,374
test1033,2,48,47,24817,65.7165,5.9573,24288,368
test1423,2,46,45,20926,46.5706,4.2733,20460,330
test1368,2,50,49,21316,48.2195,4.0214,20880,360
test0538,2,49,48,2641,0.7577,0.0548,2585,120
test0675,2,53,52,6241,4.1727,0.2694,6120,208
test0366,2,78,77,3466,1.2983,0.0634,3420,190
test1264,2,49,48,28561,85.5117,7.8479,27965,408
test0794,2,75,74,25975,69.6335,3.7209,25623,481
test1315,2,61,60,29761,91.6187,6.5125,29264,480
test1319,2,46,45,28351,83.8334,8.3443,27720,396
test1146,2,41,40,19841,41.1858,4.2688,19344,320
test0918,2,64,63,27406,77.6435,5.0901,26970,465
test1466,2,50,49,27490,81.3645,7.0807,26928,408
test1308,2,41,40,21121,46.6616,4.9346,20592,320
test1497,2,47,46,24289,61.6443,5.7201,23760,368
test0140,2,53,52,10921,12.4474,0.8442,10710,260
test1191,2,60,59,25666,68.0419,4.7513,25230,435
test0078,2,97,96,6337,4.1674,0.1608,6270,288
test1324,2,52,51,28612,84.8606,7.525,28050,425
test0982,2,53,52,27457,80.8835,6.5372,26928,416
test0482,2,69,68,8161,6.9521,0.35,8040,272
test0027,2,74,73,27595,79.0301,4.3683,27216,504
test1248,2,53,52,24181,61.3261,4.8914,23715,390
test0909,2,51,50,23251,60.0095,6.0736,22785,375
test0305,2,78,77,4236,2.1159,0.0928,4180,190
test0919,2,57,56,24361,84.2213,5.3956,23925,420
test0886,2,54,53,23056,69.3919,4.6386,22620,390
test0158,2,52,51,28612,101.578,8.4587,28050,425
test1087,2,49,48,23809,69.4279,5.7251,23312,384
test0528,2,70,69,7246,6.3736,0.3029,7140,238
test1145,2,41,40,26641,91.2483,10.3183,25974,360
test1129,2,41,40,23801,73.2613,8.4382,23205,340
test1226,2,46,45,22321,58.9285,5.6957,21824,352
test0486,2,86,85,16151,32.3246,1.1532,15960,420
test1490,2,65,64,27841,83.2382,5.3458,27405,480
test1052,2,61,60,27901,88.2938,5.8935,27435,450
test0186,2,50,49,19895,43.8618,3.6148,19488,336
test0844,2,54,53,6361,4.6248,0.421,6240,208
test1444,2,41,40,21121,55.101,6.6904,20592,320
test0465,2,69,68,17205,33.5145,1.7131,16951,374
test0124,2,45,44,1981,0.4427,0.0346,1935,110
test0529,2,48,47,9871,10.5239,1.1508,9660,230
test0339,2,74,73,4819,4.5009,0.169,4752,216
test1183,2,48,47,29611,115.0051,9.6546,28980,414
test0860,2,48,47,24817,74.5796,8.5949,24288,368
test1295,2,45,44,23233,63.1292,7.2283,22704,352
test1098,2,46,45,22321,59.2911,5.2369,21824,352
test1212,2,63,62,28831,111.5573,6.2707,28365,465
test0843,2,86,85,14536,23.9859,1.0036,14364,378
test0946,2,46,45,25246,75.2881,6.5589,24684,374
test0862,2,50,49,21316,54.0735,4.2733,20880,360
test0052,2,45,44,10165,12.9884,1.2966,9933,242
test0065,2,44,43,28639,97.4,10.2573,27972,378
test0798,2,50,49,12398,19.0635,1.2089,12144,264
test0204,2,75,74,3331,1.1883,0.0644,3285,185
test0687,2,41,40,3641,1.6304,0.1333,3549,140
test0008,2,64,63,5734,4.5985,0.2103,5642,217
test1067,2,64,63,27406,90.5908,6.5945,26970,465
test0546,2,80,79,4346,2.3705,0.095,4290,195
test0537,2,55,54,7345,6.7705,0.3787,7208,216
test0516,2,75,74,15541,29.4027,1.3157,15330,370
test1184,2,46,45,25246,73.0689,8.935,24684,374
test0261,2,89,88,4841,3.1831,0.1405,4785,220
test1058,2,49,48,23809,69.1414,6.0267,23312,384
test0289,2,81,80,15201,28.1173,1.1543,15010,400
test1215,2,46,45,23761,66.5705,5.6289,23232,352
test0527,2,44,43,9031,10.2299,0.887,8820,210
test1456,2,46,45,20926,51.8011,4.2492,20460,330
test0582,2,63,62,15687,34.1158,1.6176,15433,341
test0517,2,67,66,7921,7.6145,0.6952,7800,264
test0319,2,54,53,8110,9.1091,0.4749,7956,234
test0883,2,47,46,27371,92.2746,8.3288,26775,391
test0002,2,45,44,17865,36.6398,3.2796,17458,308
test0576,2,45,44,8361,7.9495,0.616,8170,220
test1251,2,45,44,20461,45.6841,4.4321,19995,330
test0609,2,87,86,13159,19.47,0.7468,13005,387
test0858,2,49,48,25345,70.1656,6.1692,24816,384
test0457,2,81,80,24001,64.0208,2.9765,23700,480
test0280,2,78,77,9241,9.4109,0.4415,9120,304
test0322,2,86,85,7736,6.539,0.268,7644,294
test0765,2,78,77,8086,7.0205,0.3069,7980,266
test0067,2,84,83,22909,62.6696,2.8117,22632,492
test1032,2,55,54,28513,96.9312,6.8712,27984,432
test0384,2,52,51,4642,2.2995,0.1544,4550,175
test0984,2,56,55,25576,82.3292,5.6859,25110,405
test1108,2,41,40,23801,64.9812,6.5334,23205,340
test1138,2,45,44,21825,53.6654,5.0394,21328,352
test0778,2,94,93,5116,4.0075,0.167,5060,230
test1241,2,41,40,19841,48.6202,4.6337,19344,320
test0421,2,42,41,28824,104.7679,12.7319,28120,380
test0276,2,52,51,2296,0.6963,0.0464,2250,125
test0435,2,84,83,17431,43.2188,1.8469,17220,410
test1089,2,69,68,29581,124.8974,7.4025,29145,510
test1416,2,46,45,28351,115.4659,11.4065,27720,396
test0814,2,68,67,16952,40.6078,2.3678,16698,363
test0597,2,58,57,17101,41.6794,2.4059,16800,336
test0826,2,77,76,15961,31.4212,1.2707,15750,380
test0135,2,61,60,16561,28.7625,1.7875,16284,360
test0118,2,73,72,11017,13.5778,0.839,10863,324
test0329,2,49,48,10081,11.2684,0.7921,9870,240
test1316,2,43,42,27973,92.178,9.5123,27306,378
test0652,2,52,51,16576,31.2734,2.1558,16250,325
test0879,2,42,41,21649,55.3367,5.7361,21120,320
test1009,2,46,45,28351,95.2014,8.4828,27720,396
test0402,2,41,40,23801,66.361,8.2733,23205,340
test0587,2,46,45,12421,16.8011,1.3905,12144,264
test0049,2,46,45,6121,4.0563,0.3102,5984,176
test0647,2,86,85,21506,53.2487,3.2921,21252,462
test0548,2,51,50,8551,8.1574,0.5518,8379,225
test0096,2,89,88,8009,6.8059,0.2662,7917,308
test1078,2,51,50,26401,79.4857,6.2436,25872,400
test0964,2,57,56,24361,67.9356,5.1532,23925,420
test0146,2,50,49,13525,21.6077,1.681,13248,288
test0715,2,63,62,10603,15.8979,0.8779,10431,279
test0449,2,54,53,29734,110.3679,8.748,29172,442
test0867,2,52,51,28612,107.6461,9.2431,28050,425
test0328,2,96,95,12921,20.9812,0.7047,12784,376
test0996,2,56,55,23926,68.504,6.5313,23490,405
test0040,2,58,57,21547,53.3385,3.5923,21168,392
test0643,2,85,84,25201,72.3892,3.2094,24900,504
test0519,2,87,86,21759,53.4483,2.2552,21505,473
test0649,2,96,95,9976,10.9219,0.3953,9870,329
test0811,2,68,67,11458,14.2285,0.7536,11286,297
test0202,2,68,67,12731,17.3432,0.9189,12540,330
test0303,2,45,44,13201,18.7001,1.5972,12900,264
test0944,2,63,62,26971,85.7621,6.1915,26535,465
test0439,2,41,40,1801,0.3908,0.0328,1755,100
test0333,2,83,82,26651,86.2667,4.126,26325,533
test0405,2,81,80,7281,8.2289,0.3172,7189,280
test1335,2,47,46,28981,106.0375,9.748,28350,414
test0353,2,59,58,4525,2.4065,0.1358,4446,174
test0988,2,54,53,29734,118.9092,9.6611,29172,442
test0441,2,77,76,22801,56.6651,2.8758,22500,456
test0994,2,42,41,28824,103.7863,11.8527,28120,380
test0382,2,69,68,12921,18.2353,0.9529,12730,340
test0296,2,47,46,3037,0.9897,0.0717,2970,138
test0795,2,48,47,27966,89.9941,9.4197,27370,391
test0330,2,95,94,19741,60.1613,1.7359,19530,470
test0222,2,61,60,26101,79.8672,5.366,25665,450
test0123,2,56,55,12706,18.3305,1.2111,12474,297
test0483,2,51,50,10501,12.9381,0.893,10290,250
test0265,2,54,53,15901,29.0967,3.3289,15600,312
test0247,2,51,50,24801,72.1862,6.1311,24304,400
test0827,2,87,86,18061,43.3159,1.6878,17850,430
test0143,2,94,93,14230,27.315,0.9125,14076,414
test0512,2,64,63,23815,71.0372,4.9526,23436,434
test0404,2,70,69,20701,52.9595,2.7257,20400,408