File,Gamma,V,T,E,TG_edges,Tnb_gmBBR19,G_edges,nb_gmBBR19
enron4240000,2,150,24,4492,0.00295615,0.04655409,2285,206
enron5720000,2,150,18,3931,0.00250936,0.0309,1927,169
enron10000000,2,150,10,3143,0.00197673,0.01617908,1419,114
enron190000,2,150,518,13775,0.01280165,0.86252022,4401,1156
enron2090000,2,150,48,6027,0.00869656,0.16392255,3053,349
enron3390000,2,150,29,4867,0.00481915,0.08006692,2443,245
enron1790000,2,150,55,6455,0.006253,0.15899587,3307,381
enron8890000,2,150,12,3244,0.00248837,0.01909208,1490,119
enron3400000,2,150,29,4884,0.0039978,0.06677508,2465,246
enron6520000,2,150,16,3697,0.00357175,0.02559114,1782,148
enron8430000,2,150,12,3352,0.00207806,0.01998377,1552,134
enron6410000,2,150,16,3753,0.00314856,0.03311086,1832,159
enron9790000,2,150,11,3131,0.00225616,0.01707768,1403,113
enron7430000,2,150,14,3486,0.00680542,0.02640486,1626,141
enron1410000,2,150,70,7170,0.00638461,0.22336745,3672,457
enron1440000,2,150,69,7060,0.00612545,0.17014551,3583,447
enron7990000,2,150,13,3405,0.00287318,0.02870464,1594,127
enron2820000,2,150,35,5284,0.004282,0.07683659,2698,275
enron830000,2,150,119,8811,0.00662327,0.32242513,4310,635
enron9000000,2,150,11,3200,0.0036273,0.01572847,1443,116
enron6260000,2,150,16,3726,0.00238633,0.02678251,1782,156
enron8550000,2,150,12,3346,0.00210929,0.01976347,1562,130
enron5090000,2,150,20,4103,0.00265622,0.03610229,2041,182
enron600000,2,150,164,10042,0.00719404,0.43924189,4812,768
enron4070000,2,150,25,4555,0.00364995,0.04801846,2306,219
enron8680000,2,150,12,3275,0.00273132,0.01855826,1511,128
enron4410000,2,150,23,4413,0.00303292,0.0383656,2249,201
enron6680000,2,150,15,3657,0.00218058,0.0311234,1759,148
enron3570000,2,150,28,4824,0.00544572,0.06581402,2475,251
enron4200000,2,150,24,4479,0.00875854,0.05167055,2256,212
enron6970000,2,150,15,3610,0.00303078,0.02419591,1729,150
enron2460000,2,150,40,5616,0.00488377,0.1112721,2882,315
enron580000,2,150,170,10121,0.0082407,0.42329359,4805,769
enron4470000,2,150,22,4397,0.01743937,0.04503489,2237,193
enron4090000,2,150,25,4563,0.00348544,0.04454303,2319,217
enron2950000,2,150,34,5221,0.0039053,0.07116294,2677,280
enron9310000,2,150,11,3190,0.00242734,0.01775408,1422,120
enron5830000,2,150,17,3870,0.00287604,0.04064083,1900,167
enron200000,2,150,492,13597,0.01011252,0.61441875,4391,1135
enron9540000,2,150,11,3234,0.00327611,0.02451205,1484,117
enron7390000,2,150,14,3464,0.00221491,0.02966762,1596,147
enron8180000,2,150,13,3379,0.00494313,0.02816844,1581,125
enron5650000,2,150,18,3909,0.00725722,0.0384028,1886,169
enron8710000,2,150,12,3267,0.00303888,0.01902246,1503,125
enron4400000,2,150,23,4410,0.00585842,0.08486414,2244,203
enron4220000,2,150,24,4471,0.00693321,0.10347056,2264,215
enron7670000,2,150,13,3456,0.00549841,0.03592873,1622,142
enron7850000,2,150,13,3454,0.00368714,0.02654862,1632,135
enron4510000,2,150,22,4364,0.00426292,0.06079459,2191,196
enron8830000,2,150,12,3266,0.0035708,0.02728319,1510,125
enron2570000,2,150,39,5547,0.00696063,0.15788817,2892,299
enron9850000,2,150,10,3131,0.00509238,0.03181839,1406,113
enron1260000,2,150,78,7443,0.00671506,0.22636771,3735,492
enron1160000,2,150,85,7677,0.01512384,0.22438788,3813,503
enron7860000,2,150,13,3459,0.00292754,0.02153945,1641,135
enron7940000,2,150,13,3401,0.00269055,0.02113247,1588,128
enron520000,2,150,189,10458,0.00730348,0.50861716,4816,800
enron6360000,2,150,16,3752,0.00327706,0.03283525,1830,154
enron9640000,2,150,11,3159,0.00748706,0.03625751,1424,111
enron9080000,2,150,11,3177,0.00258279,0.01873469,1415,117
enron610000,2,150,162,9948,0.02637696,0.53312087,4722,746
enron3270000,2,150,31,4968,0.0043056,0.06495547,2565,248
enron900000,2,150,110,8550,0.00653648,0.25031495,4214,591
enron3230000,2,150,31,4974,0.00365758,0.05838251,2515,270
enron4740000,2,150,21,4296,0.00319505,0.0376761,2195,193
enron1890000,2,150,52,6256,0.00459099,0.11831784,3209,376
enron5160000,2,150,20,4062,0.00302577,0.03369927,2012,182
enron9190000,2,150,11,3171,0.00222492,0.01367331,1398,111
enron8800000,2,150,12,3298,0.00201917,0.01692486,1544,120
enron8780000,2,150,12,3291,0.00196338,0.0171721,1528,122
enron3130000,2,150,32,5022,0.00346637,0.05514169,2562,257
enron4130000,2,150,24,4438,0.00548553,0.07482171,2220,222
enron9740000,2,150,11,3147,0.00371671,0.02031565,1415,110
enron3530000,2,150,28,4839,0.00598836,0.05909657,2485,231
enron3960000,2,150,25,4567,0.00381684,0.05923247,2325,225
enron310000,2,150,318,12238,0.00844383,0.50929689,4743,964
enron3010000,2,150,33,5133,0.00387669,0.05996108,2641,265
enron3080000,2,150,32,5136,0.00370193,0.05902362,2616,269
enron8970000,2,150,11,3207,0.00191045,0.01444054,1449,117
enron6120000,2,150,17,3858,0.00263667,0.04012609,1890,162
enron2710000,2,150,37,5345,0.0056386,0.11473441,2693,291
enron5870000,2,150,17,3911,0.00298214,0.03108692,1965,167
enron690000,2,150,143,9515,0.01692009,0.31501222,4639,694
enron5170000,2,150,20,4057,0.00316811,0.03031707,2002,184
enron5400000,2,150,19,4088,0.00279856,0.03232861,2082,183
enron1370000,2,150,72,7229,0.01191735,0.16075802,3684,462
enron2330000,2,150,43,5784,0.0042882,0.08270431,2982,320
enron7720000,2,150,13,3468,0.0022192,0.01834583,1637,130
enron3290000,2,150,30,4985,0.00327206,0.05329251,2576,254
enron9860000,2,150,10,3149,0.00229931,0.01773524,1426,110
enron770000,2,150,128,9086,0.00672555,0.28906012,4431,645
enron2920000,2,150,34,5293,0.00402117,0.06764269,2763,290
enron7440000,2,150,14,3475,0.00206518,0.01991439,1616,143
enron1900000,2,150,52,6323,0.00432467,0.12625408,3279,375
enron7750000,2,150,13,3459,0.00268579,0.02297401,1624,136
enron7220000,2,150,14,3627,0.00236464,0.02246523,1769,140
enron5760000,2,150,18,3928,0.00263762,0.03029656,1936,174
enron9100000,2,150,11,3177,0.00191045,0.01563287,1415,114
enron9320000,2,150,11,3207,0.00232959,0.01550436,1438,114
enron9950000,2,150,10,3142,0.0018394,0.0149076,1411,113
enron6460000,2,150,16,3732,0.00292635,0.0382452,1825,144
enron5190000,2,150,19,4084,0.00395727,0.04257631,2014,178
enron3990000,2,150,25,4584,0.00412011,0.05155325,2358,225
enron6930000,2,150,15,3649,0.00762439,0.02860546,1766,148
enron4780000,2,150,21,4230,0.00386524,0.05081415,2132,195
enron3110000,2,150,32,5064,0.00507998,0.07275033,2581,257
enron7130000,2,150,14,3630,0.00321078,0.02774501,1771,141
enron8140000,2,150,13,3383,0.00318861,0.02381992,1589,123
enron4580000,2,150,22,4248,0.00357485,0.04952002,2096,192
enron8600000,2,150,12,3358,0.00245953,0.02136087,1580,126
enron7590000,2,150,13,3441,0.00284386,0.02175879,1596,136
enron1700000,2,150,58,6583,0.01489544,0.18520713,3374,393
enron3350000,2,150,30,4944,0.00425148,0.06386161,2542,248
enron8790000,2,150,12,3291,0.00288343,0.019449,1532,121
enron5050000,2,150,20,4125,0.00289416,0.03872752,2045,187
enron2430000,2,150,41,5680,0.01098394,0.12318277,2935,315
enron8770000,2,150,12,3296,0.00278497,0.02476311,1535,121
enron8470000,2,150,12,3367,0.00233555,0.02085352,1571,133
enron6890000,2,150,15,3629,0.00256443,0.02566195,1756,152
enron3780000,2,150,26,4654,0.00370884,0.05291581,2364,225
enron9410000,2,150,11,3194,0.00248098,0.01692986,1424,117
enron1130000,2,150,87,7810,0.01045537,0.25395584,3926,515
enron6240000,2,150,16,3734,0.00318575,0.02770257,1783,159
enron3430000,2,150,29,4921,0.00402093,0.0609777,2527,257
enron260000,2,150,378,12841,0.00852585,0.52777481,4644,1004
enron6880000,2,150,15,3626,0.00294733,0.02391505,1751,145
enron2840000,2,150,35,5241,0.00915837,0.06646252,2657,284
enron2490000,2,150,40,5668,0.00413227,0.08724523,2975,309
enron2320000,2,150,43,5752,0.00423145,0.09143043,2939,323
enron1670000,2,150,59,6683,0.01162815,0.12894297,3451,406
enron450000,2,150,219,11043,0.00768375,0.42780137,4998,874
enron5690000,2,150,18,3899,0.00255132,0.0261991,1877,165
enron680000,2,150,145,9581,0.00647998,0.30500054,4656,715
enron1070000,2,150,92,7958,0.01412129,0.19048476,3977,548
enron3630000,2,150,28,4780,0.01313567,0.08646035,2456,240
enron5180000,2,150,19,4078,0.00374937,0.03448844,2015,185
enron1490000,2,150,66,6976,0.00566697,0.17608857,3574,435
enron2020000,2,150,49,6095,0.00497389,0.10534739,3132,348
enron9830000,2,150,10,3136,0.00237226,0.01389933,1407,111
enron8860000,2,150,12,3250,0.00238633,0.01554322,1492,119
enron4630000,2,150,22,4249,0.00264812,0.04446793,2109,191
enron180000,2,150,546,13974,0.00964689,0.58344984,4358,1166
enron4020000,2,150,25,4585,0.00338554,0.04389644,2351,227
enron7140000,2,150,14,3637,0.00217199,0.02099228,1773,142
enron7330000,2,150,14,3500,0.00196242,0.01863122,1623,140
enron7060000,2,150,14,3656,0.0021441,0.02267385,1802,150
enron6760000,2,150,15,3631,0.00213742,0.03299713,1738,142
enron1460000,2,150,68,7027,0.00591874,0.18187237,3557,434
enron4770000,2,150,21,4254,0.0036974,0.0465157,2150,199
enron8350000,2,150,12,3369,0.00463629,0.02235436,1561,127
enron6870000,2,150,15,3647,0.00316215,0.03013587,1775,145
enron1600000,2,150,62,6809,0.01257277,0.22012448,3549,425
enron4420000,2,150,23,4416,0.00917196,0.06386542,2271,213
enron1930000,2,150,51,6210,0.00600147,0.18527651,3134,368
enron7010000,2,150,15,3617,0.00632071,0.03783894,1747,152
enron550000,2,150,179,10277,0.00920796,0.4358592,4790,786
enron5930000,2,150,17,3890,0.00303602,0.02791095,1948,154
enron4680000,2,150,21,4263,0.00315547,0.03638959,2120,195
enron1360000,2,150,73,7237,0.00476837,0.18492866,3667,465
enron1290000,2,150,77,7454,0.0055964,0.16679358,3814,476
enron2030000,2,150,49,6106,0.00776243,0.09776378,3142,357
enron2220000,2,150,45,5944,0.0045011,0.08635378,3098,335
enron7410000,2,150,14,3485,0.00278711,0.02047849,1624,140
enron3300000,2,150,30,5008,0.00378156,0.05711198,2600,261
enron7320000,2,150,14,3500,0.00265026,0.01951051,1626,141
enron8290000,2,150,12,3351,0.00182748,0.01560783,1541,124
enron5110000,2,150,20,4043,0.00285268,0.02854323,1974,178
enron3150000,2,150,32,5039,0.00351095,0.05471754,2576,256
enron7780000,2,150,13,3483,0.00246382,0.01918793,1655,132
enron6170000,2,150,16,3853,0.00291371,0.02727795,1891,162
enron590000,2,150,167,10008,0.00753188,0.34383631,4704,768
enron270000,2,150,364,12694,0.00779414,0.46046495,4646,1020
enron4260000,2,150,24,4458,0.00340796,0.03864264,2240,209
enron3600000,2,150,28,4844,0.00358987,0.05100322,2504,249
enron6480000,2,150,16,3708,0.0026381,0.02225399,1801,152
enron6230000,2,150,16,3732,0.00260806,0.02101564,1779,155
enron3550000,2,150,28,4820,0.00394225,0.05367017,2457,236
enron3340000,2,150,30,4984,0.0053091,0.06250954,2587,242
enron8370000,2,150,12,3367,0.00272202,0.02076459,1566,133
enron4100000,2,150,24,4529,0.00916958,0.0452261,2299,215
enron460000,2,150,214,10964,0.00879121,0.43056059,4961,869
enron3120000,2,150,32,5025,0.00349522,0.0562067,2549,260
enron4840000,2,150,21,4179,0.00302148,0.03209519,2080,187
enron2630000,2,150,38,5435,0.00381947,0.073385,2762,291
enron3980000,2,150,25,4564,0.00529289,0.05450869,2327,223
enron2010000,2,150,49,6157,0.00453353,0.10327387,3177,358
enron7300000,2,150,14,3523,0.00289702,0.02101922,1648,142
enron8810000,2,150,12,3302,0.00281644,0.01889992,1549,122
enron4710000,2,150,21,4282,0.00349593,0.04027247,2176,197
enron3490000,2,150,29,4796,0.00387025,0.05425215,2440,245
enron5230000,2,150,19,4059,0.00325727,0.03426862,1990,184
enron4970000,2,150,20,4226,0.00354052,0.03928709,2154,193
enron8610000,2,150,12,3343,0.00246167,0.01878476,1567,126
enron6290000,2,150,16,3736,0.00290298,0.02589202,1807,157
enron8930000,2,150,12,3251,0.0021255,0.0156045,1490,118
enron8400000,2,150,12,3366,0.00204587,0.01794219,1567,123
enron5550000,2,150,18,3987,0.00262475,0.03403378,1983,167
enron3330000,2,150,30,5022,0.00429463,0.06570745,2627,259
enron8630000,2,150,12,3346,0.00266099,0.02032852,1577,130
enron5710000,2,150,18,3917,0.0027163,0.03192449,1902,168
enron2910000,2,150,34,5264,0.00411558,0.09424186,2732,286
enron4590000,2,150,22,4205,0.00373816,0.04129028,2039,192
enron1950000,2,150,51,6202,0.00513101,0.10913086,3162,363
enron390000,2,150,252,11489,0.00838542,0.41385269,4891,920
enron990000,2,150,100,8304,0.00611854,0.22027278,4207,586
enron2250000,2,150,44,5860,0.00462604,0.08934927,3022,338
enron7770000,2,150,13,3483,0.0025084,0.02149153,1655,145
enron9560000,2,150,11,3226,0.00202203,0.01560974,1478,119
enron9030000,2,150,11,3202,0.00274253,0.02298427,1444,122
enron6590000,2,150,15,3693,0.00493479,0.0399158,1772,149
enron110000,2,150,894,15398,0.01652336,0.66837406,4273,1292
enron3470000,2,150,29,4840,0.01017928,0.04795122,2465,234
enron3090000,2,150,32,5165,0.00377655,0.06103086,2675,272
enron9650000,2,150,11,3158,0.00183606,0.01305008,1423,114
enron4540000,2,150,22,4319,0.0032084,0.04725099,2153,189
enron140000,2,150,702,14634,0.0085001,0.51347423,4146,1150
enron2830000,2,150,35,5296,0.00387096,0.06253481,2717,291
enron6300000,2,150,16,3737,0.00276971,0.02331543,1806,150
enron9550000,2,150,11,3232,0.00177097,0.01391077,1483,117
enron2130000,2,150,47,5946,0.00384045,0.12099004,3019,338
enron8880000,2,150,12,3244,0.00219131,0.0167768,1486,118
enron7810000,2,150,13,3501,0.00248575,0.01938891,1680,141
enron5810000,2,150,17,3846,0.00269461,0.02641153,1875,164
enron8650000,2,150,12,3343,0.00234032,0.01655436,1577,122
enron7620000,2,150,13,3452,0.00248766,0.018543,1607,134
enron3040000,2,150,33,5167,0.00374746,0.0761857,2681,271
enron2980000,2,150,33,5182,0.00543785,0.08084941,2642,276
enron7000000,2,150,15,3625,0.00824118,0.02346253,1753,141
enron4750000,2,150,21,4269,0.00270486,0.03620172,2170,196
enron5380000,2,150,19,4080,0.00523567,0.04007888,2060,180
enron8130000,2,150,13,3396,0.00353479,0.02441812,1599,139
enron7340000,2,150,14,3490,0.00322247,0.02894092,1617,143
enron4650000,2,150,22,4249,0.00932121,0.03569865,2114,191
enron7290000,2,150,14,3524,0.00261116,0.02120352,1651,145
enron560000,2,150,176,10229,0.01001287,0.38253522,4821,786
enron3380000,2,150,30,4869,0.00378132,0.05451965,2438,246
enron9690000,2,150,11,3143,0.00190401,0.01352358,1406,113
enron8670000,2,150,12,3273,0.00235343,0.0163331,1507,123
enron7900000,2,150,13,3416,0.00247073,0.01731038,1597,126
enron8340000,2,150,12,3367,0.00237846,0.01730919,1558,125
enron6390000,2,150,16,3753,0.00270534,0.03460884,1837,160
enron6320000,2,150,16,3745,0.00297904,0.02790475,1812,165
enron6400000,2,150,16,3753,0.00305843,0.02730656,1836,152
enron3880000,2,150,26,4582,0.00333619,0.0474596,2285,226
enron6940000,2,150,15,3655,0.00248694,0.02416778,1775,144
enron2080000,2,150,48,6021,0.01238275,0.10723305,3058,346
enron100000,2,150,983,15769,0.00972128,0.60765243,4354,1326
enron2040000,2,150,49,6138,0.00448656,0.09429693,3182,366
enron8010000,2,150,13,3412,0.00224519,0.01643252,1601,125
enron1760000,2,150,56,6547,0.00456953,0.11802459,3389,400
enron480000,2,150,205,10753,0.00721765,0.38513017,4872,838
enron640000,2,150,154,9759,0.01545453,0.29086375,4644,730
enron9010000,2,150,11,3207,0.0025239,0.01427054,1450,116
enron1240000,2,150,80,7445,0.00510788,0.15764213,3710,502
enron6560000,2,150,15,3687,0.00301456,0.02396488,1770,152
enron9600000,2,150,11,3223,0.00215554,0.01648593,1484,118
enron4040000,2,150,25,4576,0.00362253,0.04541779,2331,215
enron9710000,2,150,11,3152,0.00274968,0.01446509,1418,116
enron4460000,2,150,23,4425,0.00289226,0.04123545,2280,207
enron1740000,2,150,57,6480,0.00512242,0.13348889,3316,395
enron3920000,2,150,26,4601,0.00364161,0.05083919,2313,216
enron5750000,2,150,18,3915,0.00603938,0.03731275,1921,171
enron1870000,2,150,53,6343,0.00607729,0.12898993,3277,372
enron6920000,2,150,15,3651,0.01181436,0.02824116,1767,144
enron2450000,2,150,41,5604,0.00938439,0.11831212,2849,319
enron1840000,2,150,54,6393,0.00736928,0.13657713,3269,378
enron8730000,2,150,12,3265,0.00378418,0.02159905,1506,126
enron7240000,2,150,14,3552,0.01037955,0.0254271,1689,141
enron5590000,2,150,18,3966,0.00306129,0.03570032,1946,172
enron4910000,2,150,21,4175,0.00379992,0.04231429,2090,188
enron3450000,2,150,29,4917,0.0045197,0.06449413,2545,259
enron2780000,2,150,36,5425,0.01295376,0.08516359,2841,284
enron8820000,2,150,12,3292,0.00304842,0.02002168,1537,123
enron7380000,2,150,14,3463,0.00240493,0.02266765,1596,140
enron5530000,2,150,18,3968,0.00334191,0.03366542,1962,173
enron6250000,2,150,16,3732,0.00292778,0.02827191,1781,160
enron2360000,2,150,42,5760,0.01167798,0.09905338,2990,315
enron7080000,2,150,14,3655,0.00268841,0.0242939,1807,144
enron4820000,2,150,21,4172,0.00362539,0.03655648,2066,188
enron5700000,2,150,18,3914,0.00342822,0.03174067,1898,161
enron1940000,2,150,51,6145,0.01225233,0.11249924,3104,368
enron7480000,2,150,14,3461,0.00294924,0.0218699,1595,138
enron6340000,2,150,16,3739,0.00307846,0.02554846,1808,153
enron4300000,2,150,23,4450,0.00314569,0.04541826,2251,204
enron630000,2,150,156,9812,0.00718904,0.33914733,4674,739
enron8190000,2,150,12,3360,0.00274444,0.01696825,1557,124
enron4990000,2,150,20,4239,0.00301957,0.03657603,2173,201
enron120000,2,150,819,15148,0.00796056,0.51843715,4236,1248
enron6130000,2,150,17,3865,0.00245667,0.02478957,1895,155
enron8580000,2,150,12,3364,0.00243926,0.01578808,1584,128
enron3860000,2,150,26,4662,0.00879836,0.04270339,2382,225
enron360000,2,150,273,11783,0.00730419,0.42787814,4897,944
enron6530000,2,150,16,3693,0.00259709,0.02190161,1782,154
enron6770000,2,150,15,3629,0.00203252,0.01988411,1738,138
enron3410000,2,150,29,4864,0.00323749,0.04693317,2435,247
enron8360000,2,150,12,3367,0.0020721,0.01556087,1563,123
enron1660000,2,150,60,6677,0.00505495,0.12549901,3423,413
enron4800000,2,150,21,4220,0.0033319,0.03533673,2115,195
enron2470000,2,150,40,5642,0.00416493,0.08032322,2894,306
enron2160000,2,150,46,5978,0.0044632,0.10318899,3079,336
enron1780000,2,150,56,6436,0.00498796,0.12262702,3291,391
enron6000000,2,150,17,3835,0.00257659,0.02674842,1867,161
enron3540000,2,150,28,4810,0.00382924,0.05637002,2431,244
enron9370000,2,150,11,3198,0.00267172,0.01591134,1420,122
enron6840000,2,150,15,3643,0.00285792,0.02434444,1762,145
enron7580000,2,150,13,3438,0.00262165,0.01932383,1591,135
enron9610000,2,150,11,3225,0.00208211,0.01550841,1486,119
enron2680000,2,150,37,5447,0.00413871,0.07317042,2803,293
enron9590000,2,150,11,3217,0.00208569,0.01603603,1476,122
enron3690000,2,150,27,4714,0.00367785,0.05239105,2383,236
enron870000,2,150,113,8663,0.00669432,0.25303006,4267,630
enron4880000,2,150,21,4165,0.00303745,0.03773499,2073,187
enron890000,2,150,111,8576,0.00627851,0.2227366,4202,593
enron2890000,2,150,35,5261,0.00434399,0.06960559,2736,272
enron1540000,2,150,64,6866,0.00533462,0.12893534,3526,416
enron5270000,2,150,19,4075,0.00289893,0.02961874,2020,178
enron6350000,2,150,16,3747,0.00254321,0.02399111,1822,160
enron1680000,2,150,59,6596,0.00454116,0.11308265,3364,395
enron9980000,2,150,10,3153,0.00208473,0.01468015,1424,119
enron4530000,2,150,22,4339,0.0033462,0.04192448,2169,200
enron9380000,2,150,11,3191,0.00328016,0.0195384,1411,115
enron6620000,2,150,15,3707,0.00240493,0.02902007,1804,155
enron3310000,2,150,30,5010,0.00453687,0.08282399,2616,253
enron8700000,2,150,12,3272,0.0024755,0.02137971,1502,114
enron5540000,2,150,18,3981,0.00308156,0.03408599,1987,166
enron5500000,2,150,18,3961,0.003793,0.03475213,1959,180
enron60000,2,150,1638,17145,0.02196288,0.76882434,4008,1458
enron1140000,2,150,87,7833,0.0053668,0.17373657,3958,522
enron8380000,2,150,12,3368,0.00214148,0.01721239,1568,127
enron1330000,2,150,74,7347,0.00501275,0.15082335,3775,491
enron1960000,2,150,51,6243,0.00448203,0.10329819,3228,361
enron380000,2,150,259,11632,0.00718951,0.43082309,4968,931
enron2480000,2,150,40,5614,0.00419307,0.07366896,2894,296
enron8030000,2,150,13,3429,0.00212884,0.01763892,1618,132
enron2500000,2,150,40,5644,0.00927448,0.07308674,2940,301
enron9940000,2,150,10,3144,0.00188375,0.01349306,1414,110
enron4360000,2,150,23,4381,0.00301099,0.03965235,2215,209
enron4180000,2,150,24,4494,0.00333142,0.03967524,2291,204
enron4370000,2,150,23,4379,0.00298309,0.03744888,2211,201
enron1120000,2,150,88,7800,0.00582981,0.18887949,3897,537
enron1810000,2,150,55,6414,0.0049665,0.11203051,3309,394
enron6570000,2,150,15,3698,0.00248122,0.0243187,1781,151
enron90000,2,150,1092,16187,0.00945425,0.65954137,4497,1415
enron6650000,2,150,15,3702,0.00819826,0.02245331,1805,153
enron2300000,2,150,43,5773,0.00386953,0.0790441,2978,339
enron3100000,2,150,32,5068,0.00343227,0.053442,2591,265
enron540000,2,150,182,10445,0.00709248,0.36286092,4934,805
enron6330000,2,150,16,3738,0.00289464,0.02465606,1805,150
enron8590000,2,150,12,3364,0.00241518,0.01679277,1585,128
enron790000,2,150,125,8949,0.00539875,0.2609427,4344,660
enron9770000,2,150,11,3136,0.00217247,0.01460457,1406,113
enron70000,2,150,1404,16827,0.00852919,0.68626356,4362,1464
enron2380000,2,150,42,5696,0.00396132,0.07675219,2892,325
enron8940000,2,150,11,3231,0.00184512,0.01443338,1469,118
enron8950000,2,150,11,3222,0.00170064,0.01321125,1461,116
enron9050000,2,150,11,3181,0.00694513,0.01357985,1423,119
enron6160000,2,150,16,3844,0.00239134,0.02119732,1877,157
enron5000000,2,150,20,4230,0.00274396,0.03267765,2162,183
enron4430000,2,150,23,4405,0.00310636,0.04073238,2263,214
enron7820000,2,150,13,3482,0.00263739,0.01962042,1655,138
enron5920000,2,150,17,3890,0.0082047,0.02825618,1946,164
enron7150000,2,150,14,3645,0.00259733,0.02176595,1777,142
enron10000,2,150,9828,20369,0.00859475,0.4715476,2532,1369
enron4790000,2,150,21,4216,0.00339127,0.03825116,2112,196
enron7570000,2,150,13,3433,0.00277042,0.02001953,1585,133
enron2280000,2,150,44,5874,0.00442171,0.09427309,3058,324
enron7740000,2,150,13,3455,0.00252628,0.01992536,1618,138
enron9330000,2,150,11,3208,0.00215006,0.01686549,1435,119
enron4340000,2,150,23,4365,0.00325704,0.04538941,2201,204
enron4050000,2,150,25,4584,0.004457,0.05316806,2339,221
enron8230000,2,150,12,3354,0.0027535,0.01964235,1550,124
enron6370000,2,150,16,3754,0.00281191,0.02971268,1830,150
enron1990000,2,150,50,6153,0.00552011,0.12152123,3163,363
enron4520000,2,150,22,4355,0.00401831,0.04284501,2178,197
enron3760000,2,150,27,4718,0.00402141,0.05977225,2429,234
enron7550000,2,150,14,3445,0.00234532,0.0216074,1588,139
enron7830000,2,150,13,3475,0.00292397,0.02239394,1652,130
enron5420000,2,150,19,3998,0.00351572,0.03571081,1995,181
enron8390000,2,150,12,3358,0.00276351,0.02441549,1555,130
enron5450000,2,150,19,3980,0.00361085,0.03254199,1983,173
enron2540000,2,150,39,5511,0.01063132,0.08383226,2799,312
enron7160000,2,150,14,3653,0.0031848,0.02545667,1793,147
enron1510000,2,150,66,6932,0.00534987,0.15084076,3549,435
enron6450000,2,150,16,3742,0.00267363,0.02555394,1832,157
enron8080000,2,150,13,3410,0.0021522,0.01917744,1604,128
enron5630000,2,150,18,3924,0.00272417,0.0291903,1899,165
enron5660000,2,150,18,3938,0.00324178,0.02898669,1922,164
enron8420000,2,150,12,3354,0.00224423,0.01821303,1556,122
enron1590000,2,150,62,6783,0.01336193,0.14807868,3476,434
enron6380000,2,150,16,3753,0.00342202,0.02680874,1829,150
enron5570000,2,150,18,3989,0.00315213,0.03496218,1985,177
enron2670000,2,150,37,5449,0.00405884,0.07686949,2813,295
enron4900000,2,150,21,4168,0.00344539,0.03519607,2074,184
enron4080000,2,150,25,4565,0.00362539,0.04650569,2320,216
enron230000,2,150,428,13246,0.00902629,0.55404902,4592,1093
enron3050000,2,150,33,5187,0.00410724,0.06100774,2699,269
enron5250000,2,150,19,4074,0.0027802,0.03024983,2011,185
enron1850000,2,150,54,6351,0.00441456,0.10587239,3257,381
enron9040000,2,150,11,3187,0.00245094,0.01544356,1429,117
enron6030000,2,150,17,3826,0.00296426,0.02761698,1851,166
enron8110000,2,150,13,3407,0.00270653,0.01844358,1606,127
enron5890000,2,150,17,3882,0.00299931,0.02909064,1936,167
enron2100000,2,150,47,6043,0.00446773,0.09877062,3112,353
enron9820000,2,150,11,3138,0.00209689,0.01429415,1407,111
enron2560000,2,150,39,5507,0.0043931,0.08009553,2814,297
enron9660000,2,150,11,3158,0.00252199,0.01566935,1423,118
enron3250000,2,150,31,4939,0.00382352,0.05569172,2480,253
enron3950000,2,150,25,4552,0.00342441,0.04683208,2292,222
enron2180000,2,150,46,5924,0.00439811,0.09429908,3030,333
enron9880000,2,150,10,3157,0.00273037,0.0164969,1436,108
enron3420000,2,150,29,4897,0.00382614,0.05622458,2502,254
enron6740000,2,150,15,3641,0.00288939,0.02193761,1746,144
enron5950000,2,150,17,3883,0.00279689,0.02725625,1933,170
enron5860000,2,150,17,3904,0.00285721,0.02880383,1953,163
enron6600000,2,150,15,3722,0.00367785,0.02644658,1810,152
enron950000,2,150,104,8406,0.00645018,0.25021291,4214,581
enron6490000,2,150,16,3716,0.00290418,0.02448845,1811,151
enron1030000,2,150,96,8165,0.00598979,0.21522379,4113,573
enron2440000,2,150,41,5641,0.01141691,0.07922792,2903,314
enron510000,2,150,193,10536,0.00705361,0.356745,4867,816
enron2870000,2,150,35,5264,0.00397801,0.06168294,2695,288
enron960000,2,150,103,8318,0.0054307,0.20595431,4091,585
enron7790000,2,150,13,3487,0.00240993,0.01833725,1651,130
enron1320000,2,150,75,7293,0.01175261,0.15374851,3662,479
enron7800000,2,150,13,3491,0.00281501,0.01835203,1661,134
enron2620000,2,150,38,5515,0.0039556,0.0748179,2854,298
enron7100000,2,150,14,3648,0.00246572,0.02158093,1795,147
enron3800000,2,150,26,4694,0.00348616,0.04455686,2421,229
enron3930000,2,150,26,4601,0.00351334,0.04434919,2334,221
enron5350000,2,150,19,4087,0.00289845,0.03382802,2046,172
enron9620000,2,150,11,3224,0.00218868,0.01588202,1486,119
enron3070000,2,150,33,5166,0.00405788,0.06694365,2655,262
enron4930000,2,150,20,4194,0.0034492,0.03519654,2110,188
enron2990000,2,150,33,5099,0.00407624,0.06770229,2574,277
enron9290000,2,150,11,3179,0.00214934,0.01625395,1402,116
enron2660000,2,150,37,5447,0.00424123,0.08045053,2808,300
enron7700000,2,150,13,3463,0.00956464,0.01990986,1622,131
enron5150000,2,150,20,4067,0.00332713,0.03220034,2017,179
enron6810000,2,150,15,3636,0.00299811,0.02394819,1748,146
enron2960000,2,150,34,5213,0.00425673,0.07137513,2663,287
enron20000,2,150,4914,19112,0.0092144,0.4513576,2632,1327
enron1820000,2,150,54,6413,0.00472975,0.11078906,3320,386
enron3280000,2,150,30,4946,0.00363755,0.05292702,2534,253
enron8520000,2,150,12,3352,0.0024538,0.01640415,1565,123
enron9750000,2,150,11,3136,0.00196338,0.01354551,1405,114
enron5020000,2,150,20,4262,0.00310135,0.0346477,2210,189
enron1100000,2,150,90,7853,0.00521922,0.18527389,3917,537
enron8040000,2,150,13,3415,0.00286174,0.0182631,1602,120
enron9730000,2,150,11,3147,0.00198555,0.0147388,1416,111
enron9200000,2,150,11,3174,0.00195789,0.01372886,1400,111
enron4560000,2,150,22,4326,0.00327897,0.03605819,2179,191
enron1570000,2,150,63,6808,0.00524092,0.12393379,3466,401
enron5340000,2,150,19,4081,0.00282145,0.03149605,2035,181
enron6430000,2,150,16,3745,0.0024004,0.0257256,1830,159
enron1530000,2,150,65,6821,0.01158571,0.12724209,3454,419
enron3910000,2,150,26,4608,0.00382018,0.04446459,2311,223
enron8320000,2,150,12,3359,0.00227618,0.01932549,1548,125
enron5610000,2,150,18,3943,0.0029695,0.02960992,1924,164
enron5030000,2,150,20,4215,0.00321579,0.03542256,2157,183
enron8060000,2,150,13,3411,0.00215316,0.01854777,1599,128
enron7500000,2,150,14,3457,0.00287247,0.02065706,1589,140
enron1010000,2,150,98,8112,0.00629044,0.21881008,3988,542
enron7050000,2,150,14,3656,0.0027709,0.02423882,1801,150
enron8530000,2,150,12,3356,0.00226021,0.01796055,1570,128
enron5970000,2,150,17,3842,0.00258231,0.02762675,1870,161
enron1230000,2,150,80,7545,0.00564027,0.18181348,3822,503
enron7880000,2,150,13,3401,0.00255251,0.0192585,1582,128
enron9920000,2,150,10,3162,0.0025003,0.01636505,1442,112
enron4110000,2,150,24,4532,0.00335217,0.04638505,2307,217
enron7660000,2,150,13,3456,0.00224996,0.01977324,1626,140
enron2650000,2,150,38,5445,0.00400829,0.07730031,2819,296
enron5480000,2,150,18,3966,0.00974441,0.03155398,1967,176
enron5360000,2,150,19,4081,0.00274062,0.03196096,2039,181
enron370000,2,150,266,11631,0.00810719,0.437361,4832,919
enron7520000,2,150,14,3457,0.00272918,0.01841497,1596,133
enron2600000,2,150,38,5545,0.00402355,0.06942987,2875,298
enron920000,2,150,107,8491,0.00607371,0.21807814,4202,583
enron9500000,2,150,11,3216,0.00211191,0.01584172,1465,120
enron5910000,2,150,17,3876,0.00292349,0.0268755,1933,167
enron8020000,2,150,13,3424,0.00256348,0.01838827,1613,128
enron8050000,2,150,13,3397,0.00210476,0.01809311,1584,132
enron1640000,2,150,60,6661,0.00499034,0.12684011,3396,403
enron1980000,2,150,50,6203,0.00528312,0.10852718,3198,367
enron3720000,2,150,27,4706,0.003124,0.04547763,2372,231
enron7710000,2,150,13,3463,0.00232053,0.02074265,1630,141
enron4490000,2,150,22,4375,0.00876451,0.03859496,2208,198
enron530000,2,150,186,10466,0.00743842,0.38058686,4871,833
enron9230000,2,150,11,3171,0.00213933,0.01259136,1393,113
enron7400000,2,150,14,3475,0.00200796,0.01832104,1612,141
enron4830000,2,150,21,4165,0.00242472,0.02984476,2056,195
enron6900000,2,150,15,3637,0.00215602,0.02081227,1760,146
enron5300000,2,150,19,4106,0.00285983,0.03187442,2069,184
enron1480000,2,150,67,6986,0.00527978,0.14118576,3583,447
enron430000,2,150,229,11152,0.00830197,0.41013288,4890,877
enron6180000,2,150,16,3839,0.00299501,0.02651954,1881,163
enron3500000,2,150,29,4799,0.00339413,0.04585624,2427,238
enron2550000,2,150,39,5462,0.0036509,0.06609321,2756,308
enron1400000,2,150,71,7129,0.00542164,0.15362453,3628,468
enron9210000,2,150,11,3177,0.00229502,0.01389909,1400,114
enron7310000,2,150,14,3511,0.0022819,0.01933098,1636,142
enron9440000,2,150,11,3205,0.00187469,0.0171659,1441,109
enron8480000,2,150,12,3361,0.00261307,0.01833224,1568,126
enron2810000,2,150,35,5300,0.00400138,0.07064843,2715,281
enron1050000,2,150,94,8042,0.00581264,0.21859598,4029,553
enron5800000,2,150,17,3858,0.00267744,0.02875042,1881,165
enron8570000,2,150,12,3360,0.00212646,0.01697755,1581,129
enron2590000,2,150,38,5554,0.00409985,0.07629085,2885,303
enron1060000,2,150,93,8030,0.00585604,0.21538782,4011,563
enron9580000,2,150,11,3215,0.00272894,0.0176363,1474,119
enron9280000,2,150,11,3182,0.00191617,0.01441669,1407,111
enron9630000,2,150,11,3164,0.00181055,0.01512909,1426,117
enron5370000,2,150,19,4080,0.00246596,0.03221273,2045,177
enron8840000,2,150,12,3265,0.00248075,0.01585579,1506,122
enron5010000,2,150,20,4258,0.00272179,0.03666472,2203,190
enron3710000,2,150,27,4730,0.00369811,0.05362177,2393,236
enron3810000,2,150,26,4695,0.00362468,0.05416942,2424,228
enron5460000,2,150,18,3959,0.0025785,0.03076124,1965,169
enron1690000,2,150,59,6593,0.00541806,0.14260483,3356,417
enron9800000,2,150,11,3141,0.00222301,0.01647234,1412,112
enron3850000,2,150,26,4661,0.00366735,0.04800415,2371,226
enron9160000,2,150,11,3167,0.00238061,0.01432467,1395,116
enron3670000,2,150,27,4711,0.00329494,0.04962277,2387,228
enron1450000,2,150,68,7027,0.00590706,0.15276051,3588,447
enron3750000,2,150,27,4696,0.01055551,0.04797959,2381,228
enron2520000,2,150,39,5562,0.0039854,0.07978249,2841,313
enron6510000,2,150,16,3707,0.0024178,0.02464032,1795,158
enron80000,2,150,1229,16502,0.00951385,0.66964674,4446,1416
enron930000,2,150,106,8437,0.00551152,0.20890856,4174,578
enron1610000,2,150,62,6730,0.00524068,0.11840391,3433,423
enron5220000,2,150,19,4063,0.00282168,0.02940106,1989,178
enron2210000,2,150,45,5919,0.0044024,0.09190726,3075,342
enron820000,2,150,120,8827,0.00633454,0.23818755,4262,626
enron840000,2,150,117,8801,0.00600052,0.23542905,4330,625
enron8150000,2,150,13,3386,0.00206804,0.01643419,1591,127
enron1270000,2,150,78,7476,0.00473809,0.16959763,3812,498
enron1390000,2,150,71,7194,0.00484419,0.1353724,3639,445
enron3970000,2,150,25,4560,0.00319433,0.04939771,2321,220
enron6220000,2,150,16,3731,0.00247884,0.02501702,1786,158
enron4170000,2,150,24,4481,0.0031352,0.03927565,2261,211
enron8070000,2,150,13,3416,0.00204349,0.01563764,1605,125
enron160000,2,150,615,14271,0.00766826,0.49905753,4233,1158
enron8990000,2,150,11,3201,0.00244308,0.01480794,1444,118
enron3210000,2,150,31,5038,0.00371981,0.06178308,2578,268
enron8410000,2,150,12,3358,0.00193453,0.01643419,1555,133
enron570000,2,150,173,10238,0.00636601,0.35443282,4800,773
enron7650000,2,150,13,3452,0.00237441,0.01933217,1613,136
enron4210000,2,150,24,4465,0.00311685,0.04008436,2249,213
enron5240000,2,150,19,4068,0.0027833,0.03129268,1995,182
enron1470000,2,150,67,7002,0.00469232,0.14412284,3532,448
enron2400000,2,150,41,5688,0.00416064,0.07955766,2916,303
enron1520000,2,150,65,6924,0.00509977,0.13009953,3491,439
enron1720000,2,150,58,6591,0.00525951,0.12339211,3403,399
enron6630000,2,150,15,3701,0.00266027,0.02273774,1802,154
enron6820000,2,150,15,3637,0.00266671,0.02175403,1747,144
enron4440000,2,150,23,4417,0.00360823,0.0400629,2280,209
enron5980000,2,150,17,3842,0.00314713,0.02692223,1870,169
enron5790000,2,150,17,3866,0.00293946,0.0269804,1890,159
enron5440000,2,150,19,3979,0.00295997,0.03279996,1987,170
enron7090000,2,150,14,3641,0.0030508,0.02323294,1790,143
enron5100000,2,150,20,4052,0.00282216,0.03085113,1986,178
enron1910000,2,150,52,6314,0.00475788,0.11555052,3271,371
enron8720000,2,150,12,3263,0.00212932,0.01756334,1499,117
enron4570000,2,150,22,4273,0.00335646,0.04074955,2129,196
enron2800000,2,150,36,5310,0.00442886,0.07112908,2732,282
enron9340000,2,150,11,3208,0.00245333,0.01557255,1434,118
enron5290000,2,150,19,4113,0.00300336,0.03314185,2069,177
enron850000,2,150,116,8694,0.00647306,0.25727844,4216,624
enron4940000,2,150,20,4217,0.00362468,0.03769207,2133,182
enron8620000,2,150,12,3343,0.00288129,0.01820064,1573,126
enron4320000,2,150,23,4432,0.00284123,0.04404736,2256,206
enron9260000,2,150,11,3178,0.00203753,0.01469159,1403,116
enron9140000,2,150,11,3172,0.00243664,0.01519775,1404,117
enron9780000,2,150,11,3136,0.00198483,0.01501918,1407,113
enron5260000,2,150,19,4083,0.00313234,0.03457046,2029,186
enron8090000,2,150,13,3414,0.00242734,0.01944256,1612,125
enron8920000,2,150,12,3255,0.00214338,0.01592565,1497,122
enron1280000,2,150,77,7407,0.00594568,0.17775893,3736,482
enron1190000,2,150,83,7639,0.00634933,0.18551421,3866,512
enron6190000,2,150,16,3753,0.00257969,0.02464366,1793,158
enron2510000,2,150,40,5675,0.00440931,0.08679652,2974,316
enron6710000,2,150,15,3631,0.00274944,0.02126098,1732,139
enron3520000,2,150,28,4820,0.00355816,0.06447124,2461,232
enron7910000,2,150,13,3415,0.00237656,0.01839924,1593,126
enron2750000,2,150,36,5366,0.00405002,0.07249355,2748,292
enron4120000,2,150,24,4528,0.00309587,0.04501224,2315,216
enron6080000,2,150,17,3856,0.00306034,0.0280869,1886,151
enron7680000,2,150,13,3463,0.00224328,0.01975322,1627,133
enron30000,2,150,3276,18362,0.0084424,0.39254498,2459,1279
enron750000,2,150,132,9177,0.00638103,0.2722578,4471,655
enron6860000,2,150,15,3648,0.00289488,0.02150512,1774,145
enron7360000,2,150,14,3486,0.00250864,0.01899815,1612,144
enron7350000,2,150,14,3483,0.00247073,0.01738882,1608,137
enron8660000,2,150,12,3339,0.00188208,0.01591945,1571,119
enron6730000,2,150,15,3632,0.0021646,0.02245593,1737,152
enron7640000,2,150,13,3462,0.00205874,0.01979685,1624,144
enron1350000,2,150,73,7311,0.00587821,0.18602395,3756,480
enron8000000,2,150,13,3401,0.00818992,0.0172677,1595,130
enron470000,2,150,210,10859,0.00715137,0.37835193,4896,849
enron4190000,2,150,24,4491,0.00343084,0.03890753,2292,210
enron9990000,2,150,10,3150,0.00179267,0.01371884,1425,115
enron7840000,2,150,13,3464,0.00197458,0.0176208,1642,126
enron3560000,2,150,28,4821,0.0033021,0.04826498,2477,241
enron3620000,2,150,28,4764,0.00330305,0.05031061,2430,240
enron3740000,2,150,27,4706,0.01059318,0.0587225,2392,229
enron4920000,2,150,20,4159,0.0033865,0.03469563,2069,183
enron5060000,2,150,20,4117,0.00275183,0.03343606,2047,185
enron2530000,2,150,39,5511,0.00412822,0.0846436,2796,310
enron2110000,2,150,47,6051,0.01283765,0.11418176,3149,345
enron3660000,2,150,27,4720,0.00339985,0.055794,2400,231
enron2410000,2,150,41,5675,0.00477028,0.09227204,2940,316
enron5850000,2,150,17,3883,0.00266623,0.02769995,1918,162
enron2970000,2,150,34,5198,0.00374842,0.06655526,2651,273
enron3580000,2,150,28,4857,0.00372791,0.05516911,2523,243
enron980000,2,150,101,8272,0.00637436,0.23951149,4126,564
enron9470000,2,150,11,3214,0.00245595,0.01467514,1457,118
enron7760000,2,150,13,3456,0.00207663,0.0191555,1627,134
enron8460000,2,150,12,3365,0.00203061,0.01662445,1565,130
enron6500000,2,150,16,3708,0.0021925,0.02262402,1799,144
enron3890000,2,150,26,4605,0.00339317,0.04301476,2304,227
enron7920000,2,150,13,3415,0.0079174,0.02944827,1602,129
enron7210000,2,150,14,3626,0.00436831,0.03130794,1768,146
enron7460000,2,150,14,3465,0.00394702,0.02433705,1602,138
enron1430000,2,150,69,7056,0.00496411,0.14512777,3554,441
enron6850000,2,150,15,3655,0.00253296,0.02318025,1778,148
enron1020000,2,150,97,8090,0.00611687,0.20165968,4001,566
enron8310000,2,150,12,3353,0.00273776,0.0175364,1543,125
enron2720000,2,150,37,5368,0.00429177,0.07462406,2752,304
enron2370000,2,150,42,5736,0.00430846,0.08388281,2945,320
enron2580000,2,150,39,5565,0.00460792,0.08334994,2921,300
enron320000,2,150,308,12133,0.00804448,0.44889164,4775,957
enron2270000,2,150,44,5843,0.00439692,0.08242822,3022,323
enron7690000,2,150,13,3464,0.00214005,0.01795959,1628,131
enron5070000,2,150,20,4117,0.00285172,0.03134656,2056,195
enron1210000,2,150,82,7610,0.00534368,0.17169356,3837,499
enron420000,2,150,234,11271,0.01683187,0.40119219,4958,896
enron5200000,2,150,19,4067,0.00282145,0.02872348,1997,179
enron780000,2,150,126,9040,0.00612354,0.24361515,4412,653
enron8910000,2,150,12,3248,0.00196123,0.01522779,1491,126
enron40000,2,150,2457,17795,0.00705767,0.29562354,2567,1089
enron1110000,2,150,89,7909,0.00553465,0.17941427,4010,543
enron3900000,2,150,26,4607,0.00330377,0.04378963,2291,233
enron2790000,2,150,36,5408,0.00364065,0.06988382,2838,289
enron5510000,2,150,18,3967,0.00269151,0.02804089,1963,166
enron6830000,2,150,15,3641,0.00293732,0.02141738,1757,145
enron3370000,2,150,30,4874,0.00354481,0.0515573,2439,242
enron9270000,2,150,11,3183,0.00207329,0.01803136,1409,118
enron7890000,2,150,13,3419,0.00205374,0.01884103,1600,130
enron1170000,2,150,84,7756,0.00545859,0.21583843,3964,521
enron5080000,2,150,20,4107,0.00619006,0.05918765,2036,188
enron1770000,2,150,56,6484,0.00520658,0.11759782,3355,388
enron280000,2,150,351,12536,0.00901341,0.4612298,4592,983
enron9130000,2,150,11,3174,0.00205612,0.01397181,1405,113
enron4230000,2,150,24,4484,0.0083549,0.03965759,2281,213
enron5940000,2,150,17,3885,0.00264645,0.02591538,1940,165
enron7540000,2,150,14,3449,0.00228214,0.01734519,1592,137
enron2120000,2,150,47,5992,0.00421166,0.08802366,3083,346
enron5580000,2,150,18,3976,0.0032506,0.03079057,1969,169
enron5990000,2,150,17,3833,0.00261545,0.02636623,1862,163
enron4270000,2,150,24,4451,0.00322795,0.0391252,2228,212
enron3640000,2,150,27,4750,0.0034399,0.04860234,2426,231
enron8500000,2,150,12,3366,0.00218701,0.01903129,1580,140
enron440000,2,150,224,11067,0.00738406,0.42495799,4895,886
enron2760000,2,150,36,5390,0.00423336,0.06634259,2791,283
enron7270000,2,150,14,3535,0.00264049,0.0196352,1672,140
enron6610000,2,150,15,3731,0.00251985,0.02335811,1823,155
enron1830000,2,150,54,6412,0.00457764,0.12151408,3320,375
enron9930000,2,150,10,3148,0.00259209,0.01496601,1420,113
enron8250000,2,150,12,3337,0.00201273,0.01747179,1529,130
enron7610000,2,150,13,3442,0.00208592,0.01798177,1596,132
enron4760000,2,150,21,4264,0.00310993,0.03487134,2166,194
enron3870000,2,150,26,4627,0.00291157,0.04176402,2350,222
enron9060000,2,150,11,3181,0.00193119,0.01367855,1422,114
enron350000,2,150,281,11827,0.00784731,0.47388005,4809,965
enron8870000,2,150,12,3251,0.00225544,0.01640129,1492,119
enron860000,2,150,115,8701,0.00600815,0.22844625,4292,607
enron8260000,2,150,12,3338,0.00246668,0.01747632,1532,123
enron4030000,2,150,25,4570,0.00327468,0.0433383,2327,214
enron6980000,2,150,15,3609,0.00280905,0.02179861,1736,143
enron8740000,2,150,12,3273,0.00253272,0.0161736,1515,118
enron130000,2,150,756,14953,0.00909281,0.55020499,4248,1227
enron9680000,2,150,11,3150,0.00203395,0.01408124,1416,116
enron4610000,2,150,22,4232,0.00250864,0.02944899,2076,188
enron8490000,2,150,12,3367,0.00195551,0.01685691,1579,132
enron710000,2,150,139,9382,0.00624323,0.2856276,4564,689
enron7730000,2,150,13,3465,0.00237608,0.01920295,1632,140
enron2190000,2,150,45,5893,0.00402975,0.08257318,3004,340
enron7120000,2,150,14,3626,0.00273252,0.0213418,1769,144
enron9510000,2,150,11,3222,0.00221634,0.01484036,1469,123
enron5600000,2,150,18,3949,0.00280738,0.0294385,1930,170
enron7230000,2,150,14,3556,0.00286889,0.02303553,1695,138
enron250000,2,150,394,12914,0.00808072,0.4998765,4561,1071
enron500000,2,150,197,10600,0.0068388,0.3629787,4843,820
enron6470000,2,150,16,3732,0.0030036,0.0217793,1829,142
enron3460000,2,150,29,4905,0.00348258,0.04700375,2530,242
enron4010000,2,150,25,4600,0.00320172,0.03908181,2375,228
enron6140000,2,150,17,3854,0.00268602,0.02286482,1881,162
enron4950000,2,150,20,4234,0.00267553,0.03318691,2157,189
enron3260000,2,150,31,4943,0.00366116,0.05517006,2511,245
enron8540000,2,150,12,3348,0.00215816,0.01863313,1562,132
enron2350000,2,150,42,5771,0.01087523,0.10773849,2987,324
enron7250000,2,150,14,3542,0.00280547,0.02079415,1676,144
enron7200000,2,150,14,3621,0.00285912,0.02324581,1765,146
enron9400000,2,150,11,3191,0.0026629,0.01552248,1418,114
enron3320000,2,150,30,5014,0.00411654,0.06090522,2624,255
enron9810000,2,150,11,3140,0.00193906,0.01543903,1410,114
enron5770000,2,150,18,3906,0.00295401,0.02794576,1912,167
enron170000,2,150,579,14093,0.00907111,0.5363121,4224,1157
enron2940000,2,150,34,5299,0.00409055,0.06170177,2762,281
enron9300000,2,150,11,3174,0.00226498,0.01375198,1402,115
enron5280000,2,150,19,4103,0.00273943,0.02973843,2054,180
enron1040000,2,150,95,8065,0.01198292,0.19816136,4024,552
enron1650000,2,150,60,6653,0.00531888,0.12292743,3382,413
enron4700000,2,150,21,4297,0.0035131,0.03653908,2188,191
enron240000,2,150,410,13046,0.00876904,0.46453238,4536,1044
enron4480000,2,150,22,4385,0.00325179,0.03535795,2218,198
enron9360000,2,150,11,3190,0.00188947,0.01345801,1411,117
enron5900000,2,150,17,3874,0.00212669,0.02373552,1932,167
enron2740000,2,150,36,5359,0.00366807,0.06219506,2755,294
enron5330000,2,150,19,4104,0.00305128,0.03218174,2056,182
enron1090000,2,150,91,7935,0.0137732,0.19473624,3975,529
enron7930000,2,150,13,3421,0.00241947,0.01752019,1607,126
enron8440000,2,150,12,3361,0.00227046,0.01767373,1564,123
enron8330000,2,150,12,3359,0.00223589,0.01781178,1546,121
enron6780000,2,150,15,3629,0.00255156,0.0206008,1740,149
enron4150000,2,150,24,4485,0.0028677,0.03976226,2276,205
enron9530000,2,150,11,3231,0.00189209,0.01580381,1480,123
enron9240000,2,150,11,3177,0.00282168,0.01388288,1398,114
enron5130000,2,150,20,4040,0.00295901,0.03421497,1975,182
enron3200000,2,150,31,5084,0.00440216,0.0669663,2620,271
enron8200000,2,150,12,3361,0.00215435,0.0177846,1556,120
enron2730000,2,150,36,5352,0.00399566,0.07274938,2740,284
enron8120000,2,150,13,3394,0.00238967,0.01773596,1597,129
enron6010000,2,150,17,3841,0.00264621,0.02961588,1866,168
enron4380000,2,150,23,4386,0.00360417,0.04238367,2217,197
enron2240000,2,150,44,5852,0.00489068,0.09832954,3011,331
enron150000,2,150,656,14508,0.01353741,0.53824353,4327,1185
enron9570000,2,150,11,3213,0.00254536,0.01462102,1471,116
enron5740000,2,150,18,3934,0.00233555,0.02754688,1941,172
enron1250000,2,150,79,7509,0.00500822,0.16093874,3817,492
enron9970000,2,150,10,3145,0.00246406,0.01450133,1411,117
enron6210000,2,150,16,3734,0.00252151,0.02381301,1778,161
enron7190000,2,150,14,3606,0.00256658,0.02136445,1742,147
enron5470000,2,150,18,3955,0.00272489,0.02789664,1955,176
enron9250000,2,150,11,3183,0.00228095,0.01391602,1404,110
enron4810000,2,150,21,4222,0.00301623,0.03301239,2108,189
enron7110000,2,150,14,3643,0.00223684,0.02193689,1787,141
enron2230000,2,150,45,5910,0.0045464,0.09314108,3068,333
enron1970000,2,150,50,6172,0.00462437,0.10485029,3178,360
enron9430000,2,150,11,3201,0.00277734,0.0162046,1434,123
enron6020000,2,150,17,3841,0.00291991,0.02730107,1866,163
enron7950000,2,150,13,3387,0.00213957,0.01775932,1573,130
enron4550000,2,150,22,4316,0.00320816,0.03654242,2155,202
enron1180000,2,150,84,7622,0.00559616,0.18171263,3788,504
enron9420000,2,150,11,3190,0.00226903,0.01633763,1418,117
enron3170000,2,150,32,5106,0.00387168,0.06202364,2653,261
enron9120000,2,150,11,3175,0.00196934,0.01409411,1408,114
enron8450000,2,150,12,3365,0.00193357,0.01731181,1566,131
enron220000,2,150,447,13283,0.00875306,0.50987053,4405,1091
enron9870000,2,150,10,3157,0.00198746,0.01431084,1435,117
enron5560000,2,150,18,3989,0.00222659,0.02808738,1987,169
enron3020000,2,150,33,5122,0.00880337,0.0586071,2638,277
enron670000,2,150,147,9610,0.00615907,0.31348157,4643,698
enron6660000,2,150,15,3717,0.00309634,0.02324533,1816,148
enron2200000,2,150,45,5886,0.00392127,0.08564138,2996,330
enron330000,2,150,298,12048,0.0075326,0.43014836,4757,951
enron3510000,2,150,28,4794,0.00345063,0.04751229,2427,231
enron1080000,2,150,91,7990,0.00543761,0.18217993,4066,539
enron3180000,2,150,31,5097,0.00372386,0.0577662,2640,258
enron4000000,2,150,25,4585,0.00306797,0.04364514,2356,226
enron1310000,2,150,76,7379,0.00516081,0.14933515,3756,472
enron7020000,2,150,14,3633,0.00263977,0.02177715,1771,153
enron2310000,2,150,43,5745,0.00998139,0.07740498,2924,329
enron490000,2,150,201,10699,0.00672269,0.40472937,4886,836
enron9020000,2,150,11,3202,0.00209975,0.01483965,1447,117
enron2930000,2,150,34,5284,0.00357938,0.06453013,2752,285
enron3220000,2,150,31,5012,0.00356936,0.05919504,2559,261
enron9760000,2,150,11,3134,0.00188351,0.01330757,1403,112
enron6720000,2,150,15,3634,0.00207806,0.02020407,1737,147
enron9220000,2,150,11,3176,0.00170946,0.01426101,1398,117
enron5320000,2,150,19,4110,0.00234437,0.03172779,2069,185
enron9070000,2,150,11,3173,0.00207496,0.01371145,1416,115
enron4860000,2,150,21,4181,0.00236106,0.03255606,2092,189
enron720000,2,150,137,9295,0.01556492,0.30168796,4499,696
enron4890000,2,150,21,4160,0.00327444,0.0349257,2065,182
enron8170000,2,150,13,3385,0.00248075,0.01792336,1588,128
enron7040000,2,150,14,3651,0.00270343,0.0227859,1796,146
enron6550000,2,150,16,3689,0.00262022,0.02241802,1776,155
enron5430000,2,150,19,3996,0.00780201,0.02959538,1994,174
enron3140000,2,150,32,5049,0.0057261,0.07588887,2592,258
enron3000000,2,150,33,5107,0.00401616,0.0604794,2586,271
enron7560000,2,150,13,3435,0.00262237,0.01932812,1585,135
enron9960000,2,150,10,3143,0.00193977,0.01405358,1410,107
enron9720000,2,150,11,3148,0.00660372,0.01504421,1416,109
enron2640000,2,150,38,5443,0.00383735,0.07418895,2783,295
enron6640000,2,150,15,3706,0.00308657,0.02556014,1808,152
enron2290000,2,150,43,5804,0.00446177,0.09491372,2985,333
enron8240000,2,150,12,3353,0.00742531,0.01779079,1548,119
enron1750000,2,150,57,6485,0.00506186,0.12687802,3311,387
enron1560000,2,150,63,6812,0.00555515,0.13780904,3465,427
enron3790000,2,150,26,4668,0.00299072,0.04749727,2379,230
enron7490000,2,150,14,3457,0.00221872,0.01937175,1591,140
enron2050000,2,150,48,6107,0.00430608,0.0995388,3152,347
enron9910000,2,150,10,3171,0.00241971,0.01382399,1451,109
enron2260000,2,150,44,5844,0.00935388,0.09131026,2990,329
enron3060000,2,150,33,5154,0.00442624,0.06489444,2643,260
enron4640000,2,150,22,4263,0.00301266,0.03686213,2129,187
enron740000,2,150,133,9230,0.01366925,0.29690433,4488,652
enron4160000,2,150,24,4452,0.00343347,0.04383111,2219,209
enron6910000,2,150,15,3649,0.00254059,0.02396131,1771,152
enron4500000,2,150,22,4368,0.00321388,0.03968549,2202,201
enron5880000,2,150,17,3908,0.00813484,0.02831197,1964,165
enron9670000,2,150,11,3145,0.00197411,0.01489449,1409,112
enron4350000,2,150,23,4375,0.00347066,0.03782582,2209,201
enron9480000,2,150,11,3212,0.00256109,0.01605058,1456,123
enron9700000,2,150,11,3145,0.00193954,0.01635671,1412,118
enron2390000,2,150,42,5731,0.01041269,0.08701205,2954,314
enron6110000,2,150,17,3863,0.00266957,0.02814746,1901,161
enron4290000,2,150,23,4440,0.0034647,0.04501724,2223,209
enron9900000,2,150,10,3169,0.00212622,0.01570797,1448,111
enron620000,2,150,159,9870,0.00721979,0.35795498,4748,752
enron9150000,2,150,11,3169,0.00252724,0.015378,1400,116
enron5620000,2,150,18,3943,0.00281882,0.0298183,1927,170
enron6800000,2,150,15,3636,0.00250053,0.02231026,1746,147
enron300000,2,150,328,12313,0.00697255,0.46968389,4620,987
enron2150000,2,150,46,6029,0.00467205,0.09377527,3153,340
enron8560000,2,150,12,3354,0.00200987,0.01529241,1572,123
enron760000,2,150,130,9146,0.00565243,0.26464009,4463,653
enron6960000,2,150,15,3616,0.0026722,0.02095747,1734,142
enron4250000,2,150,24,4478,0.00261903,0.0377667,2262,208
enron6100000,2,150,17,3861,0.00261092,0.02426863,1895,160
enron6200000,2,150,16,3735,0.00251579,0.02422071,1779,161
enron6090000,2,150,17,3859,0.00270391,0.024786,1891,166
enron5960000,2,150,17,3866,0.00275946,0.02485013,1905,159
enron7070000,2,150,14,3648,0.00276756,0.02284145,1795,141
enron1710000,2,150,58,6613,0.00495839,0.12331867,3419,398
enron5310000,2,150,19,4109,0.00284076,0.03440714,2070,182
enron1500000,2,150,66,6893,0.00577831,0.13975143,3455,434
enron3190000,2,150,31,5096,0.00456738,0.06482601,2634,256
enron3940000,2,150,25,4540,0.00383949,0.04743075,2283,221
enron9890000,2,150,10,3160,0.00202942,0.01436925,1436,110
enron1200000,2,150,82,7634,0.01430845,0.18752551,3883,506
enron210000,2,150,468,13374,0.00803328,0.47696996,4313,1112
enron9090000,2,150,11,3171,0.00203657,0.01456809,1406,114
enron4060000,2,150,25,4574,0.00314426,0.04281735,2332,223
enron9350000,2,150,11,3197,0.00185728,0.01444221,1423,109
enron7180000,2,150,14,3619,0.00201678,0.02091551,1757,148
enron8280000,2,150,12,3352,0.00186872,0.01558208,1546,123
enron1800000,2,150,55,6462,0.00978041,0.11639857,3319,390
enron5040000,2,150,20,4168,0.00336528,0.03547406,2084,191
enron800000,2,150,123,8948,0.00595236,0.25556087,4374,632
enron2060000,2,150,48,6113,0.00423861,0.09273195,3151,353
enron6990000,2,150,15,3615,0.00222588,0.02045083,1741,151
enron1630000,2,150,61,6710,0.00463176,0.12530231,3452,412
enron9460000,2,150,11,3210,0.00198698,0.0145762,1450,119
enron1150000,2,150,86,7781,0.00513291,0.17736626,3945,523
enron6040000,2,150,17,3825,0.00282645,0.02531743,1847,157
enron5120000,2,150,20,4040,0.00274205,0.02941155,1975,182
enron3440000,2,150,29,4907,0.0086453,0.0497725,2520,245
enron4720000,2,150,21,4296,0.00301504,0.03212619,2188,192
enron7530000,2,150,14,3459,0.00213027,0.01716232,1601,136
enron3590000,2,150,28,4859,0.00368285,0.05491757,2542,257
enron3700000,2,150,27,4717,0.00369048,0.04590082,2350,222
enron7600000,2,150,13,3440,0.0024581,0.01914644,1595,134
enron4140000,2,150,24,4467,0.00346184,0.04053879,2251,213
enron8900000,2,150,12,3248,0.00210094,0.01685643,1492,116
enron8210000,2,150,12,3349,0.00209928,0.01807618,1538,122
enron1000000,2,150,99,8166,0.00630808,0.21699142,4046,561
enron8750000,2,150,12,3277,0.00239277,0.01862025,1517,123
enron5210000,2,150,19,4062,0.00310349,0.0309689,1982,176
enron7470000,2,150,14,3464,0.00227547,0.01909065,1600,136
enron6310000,2,150,16,3739,0.00282025,0.025383,1808,156
enron6670000,2,150,15,3655,0.002702,0.0224123,1754,148
enron5520000,2,150,18,3964,0.00308514,0.03104949,1956,171
enron4310000,2,150,23,4430,0.00297236,0.04324889,2254,210
enron650000,2,150,152,9687,0.01672173,0.31962371,4610,712
enron2860000,2,150,35,5239,0.00426626,0.06479859,2647,280
enron2340000,2,150,42,5777,0.00459886,0.08515668,3008,323
enron7980000,2,150,13,3408,0.00210142,0.02017117,1595,132
enron3650000,2,150,27,4744,0.00355744,0.05166698,2422,236
enron4660000,2,150,22,4298,0.00403333,0.03793931,2167,190
enron910000,2,150,108,8487,0.00621772,0.24501777,4158,599
enron4330000,2,150,23,4420,0.00343108,0.04220653,2249,213
enron700000,2,150,141,9410,0.00658321,0.29937649,4550,702
enron2420000,2,150,41,5683,0.01180196,0.08199239,2943,314
enron5640000,2,150,18,3925,0.00284696,0.02876163,1899,168
enron9170000,2,150,11,3173,0.00217795,0.01387501,1402,114
enron7960000,2,150,13,3398,0.00193572,0.01712966,1581,131
enron6420000,2,150,16,3761,0.00237799,0.02586031,1845,156
enron8640000,2,150,12,3351,0.00208449,0.01755476,1582,125
enron8100000,2,150,13,3413,0.00204015,0.0186789,1610,127
enron4670000,2,150,22,4295,0.00359511,0.03673172,2163,190
enron1920000,2,150,52,6330,0.00506973,0.11976314,3297,365
enron8690000,2,150,12,3276,0.00246119,0.0176971,1506,123
enron6060000,2,150,17,3852,0.0025034,0.02683854,1887,160
enron8220000,2,150,12,3352,0.0020628,0.01745129,1546,126
enron6950000,2,150,15,3628,0.00232792,0.02322483,1746,154
enron9180000,2,150,11,3169,0.00193048,0.01462817,1396,116
enron4280000,2,150,23,4432,0.00333977,0.04164505,2219,207
enron3030000,2,150,33,5152,0.01126814,0.0680387,2667,266
enron1300000,2,150,76,7377,0.00636029,0.17503285,3736,497
enron970000,2,150,102,8256,0.00648785,0.231426,4081,569
enron1620000,2,150,61,6729,0.004951,0.1368525,3416,420
enron1730000,2,150,57,6577,0.00510359,0.12262845,3378,403
enron3770000,2,150,27,4660,0.01033807,0.04649043,2375,230
enron7870000,2,150,13,3461,0.00211191,0.01917028,1642,126
enron9390000,2,150,11,3191,0.00181651,0.01494002,1415,119
enron3610000,2,150,28,4862,0.00361633,0.05193996,2534,238
enron5410000,2,150,19,4075,0.00298905,0.03200293,2071,176
enron7970000,2,150,13,3407,0.00214434,0.01918411,1590,128
enron6750000,2,150,15,3639,0.00251555,0.02447248,1747,150
enron2770000,2,150,36,5421,0.00459099,0.08242917,2825,291
enron6790000,2,150,15,3635,0.00299191,0.02331543,1747,146
enron9840000,2,150,10,3128,0.00198102,0.01498413,1400,108
enron5670000,2,150,18,3912,0.00264764,0.02893209,1894,167
enron810000,2,150,122,8900,0.00637388,0.2807188,4355,645
enron3240000,2,150,31,4973,0.00391221,0.05911279,2530,263
enron7030000,2,150,14,3641,0.00296354,0.02338362,1786,148
enron4620000,2,150,22,4225,0.00296736,0.03454232,2067,188
enron1220000,2,150,81,7570,0.00557661,0.17239904,3807,496
enron1860000,2,150,53,6347,0.01200724,0.10907173,3247,378
enron6270000,2,150,16,3738,0.00247645,0.02471876,1809,154
enron2900000,2,150,34,5263,0.00371075,0.06923246,2737,281
enron9490000,2,150,11,3213,0.00206494,0.01531482,1460,112
enron2850000,2,150,35,5233,0.00376511,0.06365776,2647,276
enron6280000,2,150,16,3743,0.00276899,0.02605295,1812,157
enron3830000,2,150,26,4687,0.00293517,0.04686666,2407,232
enron9110000,2,150,11,3177,0.00197029,0.01540828,1414,122
enron6070000,2,150,17,3857,0.00254154,0.02848268,1891,162
enron1420000,2,150,70,7097,0.00591755,0.15818286,3596,450
enron2610000,2,150,38,5536,0.00462627,0.09003425,2872,314
enron8510000,2,150,12,3353,0.00241733,0.02197933,1566,128
enron9520000,2,150,11,3222,0.00255609,0.01723242,1467,120
enron7450000,2,150,14,3466,0.00773358,0.02161503,1604,143
enron4730000,2,150,21,4294,0.00344205,0.04193878,2190,192
enron5390000,2,150,19,4064,0.00302386,0.03630805,2045,175
enron3680000,2,150,27,4731,0.00395751,0.05587888,2406,230
enron5140000,2,150,20,4055,0.00339556,0.0366354,2000,181
enron6540000,2,150,16,3686,0.0029912,0.02654052,1771,153
enron3730000,2,150,27,4708,0.00384998,0.05731368,2386,233
enron5730000,2,150,18,3938,0.00308228,0.03348327,1940,174
enron2700000,2,150,37,5443,0.00436616,0.07915497,2798,290
enron4390000,2,150,23,4387,0.00333524,0.04308176,2208,199
enron6580000,2,150,15,3695,0.00268078,0.02586126,1776,155
enron2000000,2,150,50,6150,0.00479245,0.10814691,3155,364
enron5820000,2,150,17,3853,0.00279093,0.03016591,1886,160
enron2140000,2,150,46,5968,0.00444627,0.09942126,3079,341
enron7280000,2,150,14,3526,0.00241232,0.02026558,1657,142
enron940000,2,150,105,8439,0.00650191,0.23457766,4231,597
enron7630000,2,150,13,3458,0.01059389,0.02045369,1618,135
enron400000,2,150,246,11361,0.00753641,0.40680647,4856,904
enron660000,2,150,149,9669,0.00664401,0.28840208,4671,708
enron5680000,2,150,18,3905,0.00284386,0.02782655,1885,175
enron340000,2,150,290,11969,0.01502824,0.42159438,4845,934
enron410000,2,150,240,11275,0.00694013,0.37581038,4847,884
enron3480000,2,150,29,4808,0.00339818,0.04840255,2452,245
enron1880000,2,150,53,6303,0.00452757,0.10243034,3219,381
enron5840000,2,150,17,3882,0.0028708,0.02519751,1912,161
enron7420000,2,150,14,3485,0.00242352,0.0182879,1623,136
enron8760000,2,150,12,3285,0.001863,0.01604152,1527,129
enron2170000,2,150,46,5926,0.00400615,0.08699846,3033,335
enron4980000,2,150,20,4225,0.00321984,0.03311563,2156,184
enron6700000,2,150,15,3646,0.00281692,0.02188611,1750,148
enron4690000,2,150,21,4282,0.00287986,0.03574824,2152,190
enron1340000,2,150,74,7263,0.00521421,0.15487933,3654,478
enron1550000,2,150,64,6827,0.00513887,0.13475537,3462,425
enron290000,2,150,339,12394,0.0079484,0.43305063,4594,984
enron5490000,2,150,18,3967,0.00260878,0.02773881,1967,168
enron7510000,2,150,14,3462,0.00201964,0.0182569,1598,138
enron4450000,2,150,23,4423,0.00295973,0.03734875,2281,208
enron8850000,2,150,12,3254,0.00190473,0.015136,1494,124
enron6150000,2,150,16,3835,0.00253415,0.02349329,1871,153
enron6050000,2,150,17,3843,0.00277519,0.0248282,1871,162
enron9450000,2,150,11,3207,0.00197196,0.02340508,1447,120
enron6440000,2,150,16,3743,0.00410557,0.03168273,1830,161
enron8270000,2,150,12,3339,0.0020721,0.0176177,1531,121
enron4600000,2,150,22,4218,0.00304341,0.03478312,2053,192
enron730000,2,150,135,9272,0.00703812,0.31011963,4508,690
enron2690000,2,150,37,5434,0.00417948,0.07418251,2789,293
enron8160000,2,150,13,3380,0.00215292,0.017627,1584,127
enron50000,2,150,1966,17406,0.00827098,0.4880743,3228,1259
enron1380000,2,150,72,7181,0.00501323,0.14247966,3644,469
enron8300000,2,150,12,3351,0.0020411,0.01614738,1541,121
enron5780000,2,150,18,3859,0.00790238,0.02694488,1880,171
enron1580000,2,150,63,6746,0.00497246,0.12937975,3356,422
enron3820000,2,150,26,4687,0.00319839,0.04954028,2399,228
enron4960000,2,150,20,4234,0.00310326,0.0358882,2166,181
enron3360000,2,150,30,4870,0.00397587,0.05302167,2428,243
enron8980000,2,150,11,3204,0.00201154,0.01561952,1448,114
enron8960000,2,150,11,3218,0.00198221,0.01547742,1458,121
enron2880000,2,150,35,5280,0.00368571,0.06996489,2717,279
enron7170000,2,150,14,3637,0.00247526,0.02257204,1777,142
enron3840000,2,150,26,4688,0.00379682,0.05030966,2398,231
enron3160000,2,150,32,5088,0.00391746,0.06150293,2635,259
enron880000,2,150,112,8659,0.01567864,0.26423526,4309,603
enron2070000,2,150,48,6019,0.00461102,0.09471846,3055,356
enron7260000,2,150,14,3549,0.00261402,0.02033591,1689,140
enron4850000,2,150,21,4171,0.00246215,0.03304434,2078,188
enron7370000,2,150,14,3473,0.00225139,0.01849031,1604,136
enron4870000,2,150,21,4179,0.00258207,0.03311276,2087,186
enron6690000,2,150,15,3660,0.00248933,0.02227712,1760,148