240	0	1  
240	0	2  
240	0	4  
240	0	5  
240	0	92  
240	100	105  
240	100	106  
240	100	107  
240	104	108  
240	105	107  
240	107	108  
240	11	76  
240	12	29  
240	12	43  
240	12	76  
240	13	14  
240	13	21  
240	13	45  
240	14	63  
240	15	16  
240	15	18  
240	16	18  
240	16	39  
240	16	71  
240	16	72  
240	16	74  
240	17	29  
240	17	33  
240	17	36  
240	17	37  
240	17	82  
240	18	39  
240	19	64  
240	19	65  
240	19	76  
240	20	76  
240	21	45  
240	21	54  
240	23	24  
240	23	31  
240	23	48  
240	2	4  
240	2	5  
240	26	41  
240	27	76  
240	28	76  
240	2	92  
240	30	103  
240	30	46  
240	30	75  
240	3	18  
240	3	6  
240	3	71  
240	38	99  
240	39	92  
240	4	10  
240	41	71  
240	44	98  
240	4	5  
240	46	113  
240	46	75  
240	4	92  
240	50	76  
240	51	76  
240	52	76  
240	53	106  
240	5	39  
240	55	76  
240	5	92  
240	6	71  
240	6	76  
240	67	71  
240	67	75  
240	6	9  
240	69	76  
240	7	17  
240	71	74  
240	71	75  
240	72	75  
240	7	30  
240	7	45  
240	75	113  
240	75	76  
240	75	77  
240	76	116  
240	76	120  
240	76	90  
240	8	21  
240	8	76  
240	8	9  
240	9	11  
240	9	116  
240	9	120  
240	9	19  
240	9	21  
240	9	27  
240	9	29  
240	9	54  
240	9	55  
240	96	97  
240	9	76  
240	9	90  
241	100	107  
241	14	62  
241	14	71  
241	16	72  
241	19	64  
241	19	65  
241	19	72  
241	21	45  
241	25	26  
241	30	75  
241	32	87  
241	33	82  
241	36	82  
241	37	82  
241	41	71  
241	41	75  
241	64	87  
241	6	71  
241	6	72  
241	6	75  
241	71	75  
241	7	26  
241	72	75  
241	7	30  
241	9	29  
241	93	109  
242	0	1  
242	0	19  
242	0	2  
242	0	32  
242	0	5  
242	0	92  
242	10	96  
242	11	23  
242	11	31  
242	11	76  
242	12	17  
242	12	29  
242	12	37  
242	12	43  
242	12	56  
242	15	16  
242	19	72  
242	19	76  
242	21	45  
242	23	24  
242	2	39  
242	2	4  
242	25	117  
242	26	41  
242	26	67  
242	26	75  
242	27	76  
242	34	82  
242	3	6  
242	4	10  
242	46	113  
242	50	76  
242	51	76  
242	52	76  
242	55	76  
242	6	76  
242	7	30  
242	73	94  
242	76	116  
242	76	120  
242	76	90  
242	86	94  
242	8	76  
242	8	9  
242	9	10  
242	94	95  
242	9	54  
242	9	73  
242	9	96  
243	0	1  
243	0	19  
243	0	2  
243	0	32  
243	0	5  
243	0	92  
243	10	96  
243	11	120  
243	11	31  
243	113	123  
243	11	35  
243	11	39  
243	12	36  
243	12	43  
243	12	56  
243	15	16  
243	15	18  
243	16	18  
243	18	39  
243	18	40  
243	18	71  
243	18	72  
243	18	96  
243	19	32  
243	19	39  
243	19	65  
243	19	66  
243	19	72  
243	21	45  
243	23	112  
243	23	24  
243	23	31  
243	23	35  
243	23	48  
243	2	4  
243	25	117  
243	25	26  
243	28	116  
243	2	92  
243	3	18  
243	32	35  
243	32	87  
243	33	36  
243	33	82  
243	3	40  
243	34	82  
243	3	6  
243	36	82  
243	3	71  
243	3	72  
243	37	82  
243	39	92  
243	40	71  
243	4	10  
243	45	63  
243	46	47  
243	47	70  
243	47	89  
243	4	92  
243	58	81  
243	5	92  
243	65	66  
243	9	69  
244	0	1  
244	0	2  
244	10	96  
244	12	56  
244	15	96  
244	16	18  
244	18	40  
244	21	45  
244	2	4  
244	26	75  
244	29	45  
244	30	47  
244	3	18  
244	3	6  
244	3	71  
244	3	72  
244	37	45  
244	4	10  
244	4	5  
244	47	70  
244	6	45  
244	6	72  
244	69	76  
244	7	30  
244	8	62  
244	9	54  
245	0	1  
245	0	2  
245	0	4  
245	0	5  
245	0	92  
245	10	17  
245	10	96  
245	10	99  
245	112	124  
245	12	17  
245	12	21  
245	12	29  
245	12	37  
245	12	43  
245	12	56  
245	13	45  
245	14	21  
245	16	72  
245	17	98  
245	18	39  
245	18	40  
245	19	72  
245	21	45  
245	21	52  
245	21	62  
245	21	63  
245	21	98  
245	23	48  
245	2	39  
245	2	4  
245	2	5  
245	25	125  
245	26	61  
245	2	92  
245	3	10  
245	3	18  
245	32	87  
245	33	34  
245	33	37  
245	3	40  
245	34	37  
245	34	45  
245	34	82  
245	3	6  
245	36	37  
245	3	71  
245	3	72  
245	37	45  
245	37	82  
245	39	92  
245	4	10  
245	4	17  
245	4	5  
245	47	70  
245	47	85  
245	4	92  
245	5	39  
245	5	92  
245	64	66  
245	6	47  
245	70	85  
245	73	94  
245	80	120  
245	8	21  
245	85	110  
245	86	94  
245	9	21  
245	94	95  
245	9	54  
245	96	97  
245	9	76  
246	0	1  
246	0	5  
246	111	122  
246	11	35  
246	116	117  
246	15	16  
246	16	18  
246	18	39  
246	18	40  
246	21	45  
246	23	24  
246	2	39  
246	2	5  
246	25	125  
246	25	26  
246	29	45  
246	3	18  
246	37	45  
246	4	5  
246	45	83  
246	5	39  
246	5	92  
246	6	45  
246	80	120  
246	96	97  
247	0	1  
247	0	10  
247	0	5  
247	0	92  
247	100	109  
247	106	107  
247	107	109  
247	10	96  
247	116	117  
247	116	120  
247	116	125  
247	11	76  
247	1	2  
247	12	17  
247	12	29  
247	12	33  
247	12	34  
247	12	37  
247	12	43  
247	12	56  
247	13	45  
247	15	18  
247	16	18  
247	16	72  
247	18	96  
247	1	92  
247	19	32  
247	19	64  
247	19	65  
247	19	76  
247	19	87  
247	20	69  
247	21	45  
247	23	112  
247	23	119  
247	23	24  
247	23	76  
247	2	4  
247	24	76  
247	2	5  
247	25	116  
247	25	125  
247	25	28  
247	25	76  
247	26	76  
247	27	76  
247	28	116  
247	28	76  
247	2	92  
247	30	76  
247	3	18  
247	32	87  
247	35	76  
247	3	6  
247	3	71  
247	3	72  
247	37	45  
247	38	76  
247	39	92  
247	4	10  
247	41	113  
247	41	76  
247	44	98  
247	4	5  
247	46	76  
247	47	76  
247	4	92  
247	49	76  
247	50	76  
247	51	76  
247	52	76  
247	55	76  
247	5	92  
247	59	76  
247	60	76  
247	60	90  
247	61	76  
247	62	114  
247	64	87  
247	65	66  
247	65	76  
247	65	87  
247	66	76  
247	66	87  
247	6	76  
247	67	76  
247	70	76  
247	73	94  
247	75	126  
247	75	76  
247	76	103  
247	76	109  
247	76	110  
247	76	112  
247	76	116  
247	76	119  
247	76	120  
247	76	121  
247	76	125  
247	76	126  
247	76	127  
247	76	128  
247	76	129  
247	76	130  
247	76	80  
247	76	81  
247	76	83  
247	76	85  
247	76	86  
247	76	89  
247	76	90  
247	76	93  
247	76	94  
247	76	97  
247	80	120  
247	86	94  
247	8	9  
247	91	124  
247	93	109  
247	94	95  
247	9	69  
247	96	97  
248	0	5  
248	0	92  
248	11	18  
248	11	69  
248	1	2  
248	15	16  
248	16	18  
248	18	39  
248	18	72  
248	1	92  
248	19	32  
248	19	65  
248	19	69  
248	19	87  
248	21	45  
248	23	35  
248	2	39  
248	2	4  
248	2	5  
248	25	26  
248	27	69  
248	2	92  
248	29	68  
248	30	32  
248	30	75  
248	32	123  
248	32	87  
248	33	82  
248	34	82  
248	3	6  
248	3	72  
248	37	82  
248	39	92  
248	4	5  
248	50	103  
248	52	69  
248	54	69  
248	57	68  
248	5	92  
248	64	87  
248	65	69  
248	65	87  
248	66	87  
248	6	69  
248	6	72  
248	69	114  
248	69	116  
248	69	120  
248	69	126  
248	69	131  
248	76	120  
248	8	69  
248	9	69  
249	0	1  
249	0	2  
249	0	5  
249	0	92  
249	11	31  
249	11	76  
249	1	2  
249	131	132  
249	19	114  
249	1	92  
249	19	76  
249	21	45  
249	23	24  
249	2	4  
249	2	5  
249	25	26  
249	26	41  
249	27	76  
249	28	76  
249	2	92  
249	29	57  
249	29	68  
249	30	75  
249	33	68  
249	3	6  
249	36	82  
249	3	72  
249	39	92  
249	4	10  
249	42	57  
249	4	5  
249	4	92  
249	5	92  
249	59	80  
249	69	114  
249	69	131  
249	70	132  
249	75	76  
249	76	116  
249	76	120  
249	76	126  
249	76	131  
249	76	132  
249	76	90  
249	80	112  
249	80	120  
249	80	129  
249	85	132  
249	8	62  
249	89	132  
249	90	132  
249	9	54  
249	9	76  
240	0	1  
240	0	2  
240	0	4  
240	0	5  
240	0	92  
240	100	105  
240	100	106  
240	100	107  
240	104	108  
240	105	107  
240	107	108  
240	11	76  
240	12	29  
240	12	43  
240	12	76  
240	13	14  
240	13	21  
240	13	45  
240	14	63  
240	15	16  
240	15	18  
240	16	18  
240	16	39  
240	16	71  
240	16	72  
240	16	74  
240	17	29  
240	17	33  
240	17	36  
240	17	37  
240	17	82  
240	18	39  
240	19	64  
240	19	65  
240	19	76  
240	20	76  
240	21	45  
240	21	54  
240	23	24  
240	23	31  
240	23	48  
240	2	4  
240	2	5  
240	26	41  
240	27	76  
240	28	76  
240	2	92  
240	30	103  
240	30	46  
240	30	75  
240	3	18  
240	3	6  
240	3	71  
240	38	99  
240	39	92  
240	4	10  
240	41	71  
240	44	98  
240	4	5  
240	46	113  
240	46	75  
240	4	92  
240	50	76  
240	51	76  
240	52	76  
240	53	106  
240	5	39  
240	55	76  
240	5	92  
240	6	71  
240	6	76  
240	67	71  
240	67	75  
240	6	9  
240	69	76  
240	7	17  
240	71	74  
240	71	75  
240	72	75  
240	7	30  
240	7	45  
240	75	113  
240	75	76  
240	75	77  
240	76	116  
240	76	120  
240	76	90  
240	8	21  
240	8	76  
240	8	9  
240	9	11  
240	9	116  
240	9	120  
240	9	19  
240	9	21  
240	9	27  
240	9	29  
240	9	54  
240	9	55  
240	96	97  
240	9	76  
240	9	90  
241	100	107  
241	14	62  
241	14	71  
241	16	72  
241	19	64  
241	19	65  
241	19	72  
241	21	45  
241	25	26  
241	30	75  
241	32	87  
241	33	82  
241	36	82  
241	37	82  
241	41	71  
241	41	75  
241	64	87  
241	6	71  
241	6	72  
241	6	75  
241	71	75  
241	7	26  
241	72	75  
241	7	30  
241	9	29  
241	93	109  
242	0	1  
242	0	19  
242	0	2  
242	0	32  
242	0	5  
242	0	92  
242	10	96  
242	11	23  
242	11	31  
242	11	76  
242	12	17  
242	12	29  
242	12	37  
242	12	43  
242	12	56  
242	15	16  
242	19	72  
242	19	76  
242	21	45  
242	23	24  
242	2	39  
242	2	4  
242	25	117  
242	26	41  
242	26	67  
242	26	75  
242	27	76  
242	34	82  
242	3	6  
242	4	10  
242	46	113  
242	50	76  
242	51	76  
242	52	76  
242	55	76  
242	6	76  
242	7	30  
242	73	94  
242	76	116  
242	76	120  
242	76	90  
242	86	94  
242	8	76  
242	8	9  
242	9	10  
242	94	95  
242	9	54  
242	9	73  
242	9	96  
243	0	1  
243	0	19  
243	0	2  
243	0	32  
243	0	5  
243	0	92  
243	10	96  
243	11	120  
243	11	31  
243	113	123  
243	11	35  
243	11	39  
243	12	36  
243	12	43  
243	12	56  
243	15	16  
243	15	18  
243	16	18  
243	18	39  
243	18	40  
243	18	71  
243	18	72  
243	18	96  
243	19	32  
243	19	39  
243	19	65  
243	19	66  
243	19	72  
243	21	45  
243	23	112  
243	23	24  
243	23	31  
243	23	35  
243	23	48  
243	2	4  
243	25	117  
243	25	26  
243	28	116  
243	2	92  
243	3	18  
243	32	35  
243	32	87  
243	33	36  
243	33	82  
243	3	40  
243	34	82  
243	3	6  
243	36	82  
243	3	71  
243	3	72  
243	37	82  
243	39	92  
243	40	71  
243	4	10  
243	45	63  
243	46	47  
243	47	70  
243	47	89  
243	4	92  
243	58	81  
243	5	92  
243	65	66  
243	9	69  
244	0	1  
244	0	2  
244	10	96  
244	12	56  
244	15	96  
244	16	18  
244	18	40  
244	21	45  
244	2	4  
244	26	75  
244	29	45  
244	30	47  
244	3	18  
244	3	6  
244	3	71  
244	3	72  
244	37	45  
244	4	10  
244	4	5  
244	47	70  
244	6	45  
244	6	72  
244	69	76  
244	7	30  
244	8	62  
244	9	54  
245	0	1  
245	0	2  
245	0	4  
245	0	5  
245	0	92  
245	10	17  
245	10	96  
245	10	99  
245	112	124  
245	12	17  
245	12	21  
245	12	29  
245	12	37  
245	12	43  
245	12	56  
245	13	45  
245	14	21  
245	16	72  
245	17	98  
245	18	39  
245	18	40  
245	19	72  
245	21	45  
245	21	52  
245	21	62  
245	21	63  
245	21	98  
245	23	48  
245	2	39  
245	2	4  
245	2	5  
245	25	125  
245	26	61  
245	2	92  
245	3	10  
245	3	18  
245	32	87  
245	33	34  
245	33	37  
245	3	40  
245	34	37  
245	34	45  
245	34	82  
245	3	6  
245	36	37  
245	3	71  
245	3	72  
245	37	45  
245	37	82  
245	39	92  
245	4	10  
245	4	17  
245	4	5  
245	47	70  
245	47	85  
245	4	92  
245	5	39  
245	5	92  
245	64	66  
245	6	47  
245	70	85  
245	73	94  
245	80	120  
245	8	21  
245	85	110  
245	86	94  
245	9	21  
245	94	95  
245	9	54  
245	96	97  
245	9	76  
246	0	1  
246	0	5  
246	111	122  
246	11	35  
246	116	117  
246	15	16  
246	16	18  
246	18	39  
246	18	40  
246	21	45  
246	23	24  
246	2	39  
246	2	5  
246	25	125  
246	25	26  
246	29	45  
246	3	18  
246	37	45  
246	4	5  
246	45	83  
246	5	39  
246	5	92  
246	6	45  
246	80	120  
246	96	97  
247	0	1  
247	0	10  
247	0	5  
247	0	92  
247	100	109  
247	106	107  
247	107	109  
247	10	96  
247	116	117  
247	116	120  
247	116	125  
247	11	76  
247	1	2  
247	12	17  
247	12	29  
247	12	33  
247	12	34  
247	12	37  
247	12	43  
247	12	56  
247	13	45  
247	15	18  
247	16	18  
247	16	72  
247	18	96  
247	1	92  
247	19	32  
247	19	64  
247	19	65  
247	19	76  
247	19	87  
247	20	69  
247	21	45  
247	23	112  
247	23	119  
247	23	24  
247	23	76  
247	2	4  
247	24	76  
247	2	5  
247	25	116  
247	25	125  
247	25	28  
247	25	76  
247	26	76  
247	27	76  
247	28	116  
247	28	76  
247	2	92  
247	30	76  
247	3	18  
247	32	87  
247	35	76  
247	3	6  
247	3	71  
247	3	72  
247	37	45  
247	38	76  
247	39	92  
247	4	10  
247	41	113  
247	41	76  
247	44	98  
247	4	5  
247	46	76  
247	47	76  
247	4	92  
247	49	76  
247	50	76  
247	51	76  
247	52	76  
247	55	76  
247	5	92  
247	59	76  
247	60	76  
247	60	90  
247	61	76  
247	62	114  
247	64	87  
247	65	66  
247	65	76  
247	65	87  
247	66	76  
247	66	87  
247	6	76  
247	67	76  
247	70	76  
247	73	94  
247	75	126  
247	75	76  
247	76	103  
247	76	109  
247	76	110  
247	76	112  
247	76	116  
247	76	119  
247	76	120  
247	76	121  
247	76	125  
247	76	126  
247	76	127  
247	76	128  
247	76	129  
247	76	130  
247	76	80  
247	76	81  
247	76	83  
247	76	85  
247	76	86  
247	76	89  
247	76	90  
247	76	93  
247	76	94  
247	76	97  
247	80	120  
247	86	94  
247	8	9  
247	91	124  
247	93	109  
247	94	95  
247	9	69  
247	96	97  
248	0	5  
248	0	92  
248	11	18  
248	11	69  
248	1	2  
248	15	16  
248	16	18  
248	18	39  
248	18	72  
248	1	92  
248	19	32  
248	19	65  
248	19	69  
248	19	87  
248	21	45  
248	23	35  
248	2	39  
248	2	4  
248	2	5  
248	25	26  
248	27	69  
248	2	92  
248	29	68  
248	30	32  
248	30	75  
248	32	123  
248	32	87  
248	33	82  
248	34	82  
248	3	6  
248	3	72  
248	37	82  
248	39	92  
248	4	5  
248	50	103  
248	52	69  
248	54	69  
248	57	68  
248	5	92  
248	64	87  
248	65	69  
248	65	87  
248	66	87  
248	6	69  
248	6	72  
248	69	114  
248	69	116  
248	69	120  
248	69	126  
248	69	131  
248	76	120  
248	8	69  
248	9	69  
249	0	1  
249	0	2  
249	0	5  
249	0	92  
249	11	31  
249	11	76  
249	1	2  
249	131	132  
249	19	114  
249	1	92  
249	19	76  
249	21	45  
249	23	24  
249	2	4  
249	2	5  
249	25	26  
249	26	41  
249	27	76  
249	28	76  
249	2	92  
249	29	57  
249	29	68  
249	30	75  
249	33	68  
249	3	6  
249	36	82  
249	3	72  
249	39	92  
249	4	10  
249	42	57  
249	4	5  
249	4	92  
249	5	92  
249	59	80  
249	69	114  
249	69	131  
249	70	132  
249	75	76  
249	76	116  
249	76	120  
249	76	126  
249	76	131  
249	76	132  
249	76	90  
249	80	112  
249	80	120  
249	80	129  
249	85	132  
249	8	62  
249	89	132  
249	90	132  
249	9	54  
249	9	76  
