210	0	1  
210	0	19  
210	0	2  
210	0	32  
210	0	4  
210	0	5  
210	0	92  
210	100	105  
210	101	106  
210	103	106  
210	104	106  
210	106	109  
210	1	10  
210	11	23  
210	15	18  
210	16	18  
210	16	39  
210	17	29  
210	17	36  
210	17	37  
210	17	56  
210	17	71  
210	17	84  
210	19	87  
210	20	62  
210	21	22  
210	21	45  
210	22	45  
210	22	46  
210	22	62  
210	22	75  
210	22	83  
210	22	88  
210	23	24  
210	23	35  
210	2	39  
210	2	4  
210	2	5  
210	25	26  
210	2	92  
210	32	87  
210	3	71  
210	39	92  
210	45	83  
210	4	92  
210	50	106  
210	5	92  
210	62	98  
210	6	76  
210	68	82  
210	7	17  
210	7	36  
210	7	37  
210	76	114  
210	7	82  
210	7	87  
210	8	20  
210	83	106  
210	8	76  
210	93	106  
210	9	54  
210	97	106  
211	0	1  
211	0	4  
211	100	102  
211	102	105  
211	16	18  
211	16	72  
211	17	43  
211	17	57  
211	19	65  
211	19	66  
211	19	76  
211	20	31  
211	20	66  
211	21	22  
211	21	45  
211	22	45  
211	22	46  
211	22	62  
211	22	75  
211	22	83  
211	22	88  
211	2	4  
211	2	92  
211	33	82  
211	36	82  
211	37	82  
211	45	83  
211	55	79  
211	66	87  
211	7	17  
211	75	83  
211	7	66  
211	79	87  
212	0	1  
212	0	15  
212	0	2  
212	0	4  
212	101	106  
212	103	106  
212	106	109  
212	11	76  
212	13	45  
212	15	18  
212	16	18  
212	17	21  
212	17	29  
212	17	36  
212	17	37  
212	18	39  
212	19	32  
212	19	54  
212	19	66  
212	19	76  
212	19	87  
212	21	45  
212	23	24  
212	23	31  
212	23	35  
212	2	39  
212	2	4  
212	2	5  
212	25	26  
212	26	75  
212	28	76  
212	2	92  
212	3	17  
212	41	113  
212	41	75  
212	45	83  
212	4	92  
212	50	106  
212	51	76  
212	6	76  
212	7	17  
212	7	75  
212	7	82  
212	83	106  
212	9	20  
212	93	106  
213	0	1  
213	0	2  
213	0	92  
213	100	106  
213	103	106  
213	16	18  
213	17	29  
213	17	36  
213	17	37  
213	19	32  
213	19	54  
213	19	87  
213	21	22  
213	21	29  
213	21	45  
213	22	45  
213	22	46  
213	22	62  
213	22	75  
213	22	83  
213	22	88  
213	2	4  
213	2	5  
213	25	26  
213	25	41  
213	26	41  
213	2	92  
213	29	42  
213	29	56  
213	31	87  
213	3	48  
213	39	92  
213	45	83  
213	4	92  
213	50	106  
213	5	92  
213	6	71  
213	7	17  
213	71	72  
213	71	75  
213	7	29  
213	7	45  
213	9	69  
214	0	1  
214	0	10  
214	0	15  
214	0	2  
214	0	4  
214	0	5  
214	0	92  
214	0	96  
214	100	106  
214	102	106  
214	102	108  
214	103	106  
214	104	108  
214	107	108  
214	108	111  
214	11	31  
214	11	48  
214	14	45  
214	16	18  
214	17	29  
214	18	39  
214	19	54  
214	19	65  
214	19	87  
214	21	45  
214	22	88  
214	2	4  
214	2	5  
214	25	26  
214	26	41  
214	2	92  
214	30	75  
214	38	99  
214	39	92  
214	4	5  
214	45	83  
214	46	75  
214	4	92  
214	50	88  
214	53	88  
214	5	92  
214	67	75  
214	7	17  
214	7	26  
214	72	88  
214	7	45  
214	7	79  
214	79	87  
214	83	88  
214	88	100  
214	88	101  
214	88	102  
214	88	103  
214	88	104  
214	88	105  
214	88	106  
214	88	107  
214	88	108  
214	88	109  
214	88	111  
214	88	93  
214	88	97  
214	97	108  
215	0	2  
215	0	39  
215	0	4  
215	0	5  
215	0	92  
215	100	105  
215	100	109  
215	101	106  
215	103	106  
215	10	45  
215	106	109  
215	11	66  
215	13	45  
215	16	18  
215	17	29  
215	17	36  
215	17	37  
215	17	45  
215	17	82  
215	18	39  
215	19	66  
215	19	69  
215	19	87  
215	20	66  
215	21	22  
215	21	45  
215	22	45  
215	22	46  
215	22	62  
215	22	75  
215	22	83  
215	22	88  
215	23	24  
215	2	39  
215	2	92  
215	29	37  
215	30	75  
215	3	18  
215	31	87  
215	32	87  
215	33	82  
215	3	6  
215	36	37  
215	36	82  
215	3	71  
215	37	82  
215	38	99  
215	39	72  
215	39	92  
215	4	10  
215	45	83  
215	4	92  
215	50	106  
215	56	84  
215	58	66  
215	5	92  
215	64	66  
215	64	87  
215	65	66  
215	65	87  
215	6	71  
215	67	75  
215	7	17  
215	7	37  
215	7	45  
215	75	83  
215	7	66  
215	7	79  
215	7	87  
215	83	106  
215	93	100  
215	93	106  
215	9	66  
216	0	2  
216	17	29  
216	19	76  
216	21	45  
216	2	39  
216	2	5  
216	2	92  
216	39	92  
216	5	39  
216	6	76  
216	7	17  
216	7	36  
216	7	37  
216	7	79  
216	7	82  
216	79	87  
216	8	76  
217	0	1  
217	0	2  
217	0	92  
217	100	106  
217	103	106  
217	11	23  
217	13	21  
217	13	45  
217	15	16  
217	15	18  
217	16	18  
217	18	39  
217	19	76  
217	21	22  
217	21	45  
217	22	109  
217	22	45  
217	22	46  
217	22	62  
217	22	75  
217	22	83  
217	23	24  
217	2	4  
217	25	26  
217	25	28  
217	26	41  
217	26	78  
217	2	92  
217	33	82  
217	3	6  
217	36	68  
217	3	71  
217	39	92  
217	45	83  
217	45	88  
217	47	76  
217	4	92  
217	54	69  
217	56	84  
217	5	92  
217	6	71  
217	6	76  
217	7	17  
217	7	33  
217	7	36  
217	7	37  
217	7	82  
217	79	87  
217	8	76  
217	9	54  
217	9	76  
218	0	69  
218	0	92  
218	11	38  
218	16	18  
218	16	39  
218	16	72  
218	17	29  
218	17	36  
218	17	37  
218	17	57  
218	17	68  
218	17	82  
218	19	65  
218	19	76  
218	21	45  
218	2	5  
218	26	30  
218	26	46  
218	26	61  
218	26	67  
218	26	74  
218	26	75  
218	26	77  
218	2	92  
218	33	82  
218	3	48  
218	36	82  
218	3	71  
218	37	82  
218	39	92  
218	45	83  
218	4	92  
218	52	69  
218	56	84  
218	5	92  
218	64	87  
218	7	17  
218	7	36  
218	7	37  
218	7	82  
218	9	46  
219	0	1  
219	0	2  
219	0	4  
219	0	5  
219	0	92  
219	101	106  
219	103	106  
219	106	109  
219	10	96  
219	11	24  
219	11	38  
219	11	58  
219	11	81  
219	15	16  
219	16	18  
219	16	72  
219	17	45  
219	18	39  
219	19	32  
219	19	54  
219	19	65  
219	19	69  
219	19	76  
219	21	45  
219	22	45  
219	2	39  
219	2	4  
219	2	5  
219	25	26  
219	26	113  
219	26	67  
219	2	92  
219	29	36  
219	29	37  
219	29	43  
219	30	75  
219	32	87  
219	36	82  
219	3	71  
219	37	45  
219	38	77  
219	38	99  
219	39	92  
219	4	5  
219	45	83  
219	4	92  
219	50	106  
219	5	39  
219	64	87  
219	6	72  
219	6	76  
219	67	75  
219	7	17  
219	7	26  
219	7	45  
219	83	106  
219	8	69  
219	93	106  
210	0	1  
210	0	19  
210	0	2  
210	0	32  
210	0	4  
210	0	5  
210	0	92  
210	100	105  
210	101	106  
210	103	106  
210	104	106  
210	106	109  
210	1	10  
210	11	23  
210	15	18  
210	16	18  
210	16	39  
210	17	29  
210	17	36  
210	17	37  
210	17	56  
210	17	71  
210	17	84  
210	19	87  
210	20	62  
210	21	22  
210	21	45  
210	22	45  
210	22	46  
210	22	62  
210	22	75  
210	22	83  
210	22	88  
210	23	24  
210	23	35  
210	2	39  
210	2	4  
210	2	5  
210	25	26  
210	2	92  
210	32	87  
210	3	71  
210	39	92  
210	45	83  
210	4	92  
210	50	106  
210	5	92  
210	62	98  
210	6	76  
210	68	82  
210	7	17  
210	7	36  
210	7	37  
210	76	114  
210	7	82  
210	7	87  
210	8	20  
210	83	106  
210	8	76  
210	93	106  
210	9	54  
210	97	106  
211	0	1  
211	0	4  
211	100	102  
211	102	105  
211	16	18  
211	16	72  
211	17	43  
211	17	57  
211	19	65  
211	19	66  
211	19	76  
211	20	31  
211	20	66  
211	21	22  
211	21	45  
211	22	45  
211	22	46  
211	22	62  
211	22	75  
211	22	83  
211	22	88  
211	2	4  
211	2	92  
211	33	82  
211	36	82  
211	37	82  
211	45	83  
211	55	79  
211	66	87  
211	7	17  
211	75	83  
211	7	66  
211	79	87  
212	0	1  
212	0	15  
212	0	2  
212	0	4  
212	101	106  
212	103	106  
212	106	109  
212	11	76  
212	13	45  
212	15	18  
212	16	18  
212	17	21  
212	17	29  
212	17	36  
212	17	37  
212	18	39  
212	19	32  
212	19	54  
212	19	66  
212	19	76  
212	19	87  
212	21	45  
212	23	24  
212	23	31  
212	23	35  
212	2	39  
212	2	4  
212	2	5  
212	25	26  
212	26	75  
212	28	76  
212	2	92  
212	3	17  
212	41	113  
212	41	75  
212	45	83  
212	4	92  
212	50	106  
212	51	76  
212	6	76  
212	7	17  
212	7	75  
212	7	82  
212	83	106  
212	9	20  
212	93	106  
213	0	1  
213	0	2  
213	0	92  
213	100	106  
213	103	106  
213	16	18  
213	17	29  
213	17	36  
213	17	37  
213	19	32  
213	19	54  
213	19	87  
213	21	22  
213	21	29  
213	21	45  
213	22	45  
213	22	46  
213	22	62  
213	22	75  
213	22	83  
213	22	88  
213	2	4  
213	2	5  
213	25	26  
213	25	41  
213	26	41  
213	2	92  
213	29	42  
213	29	56  
213	31	87  
213	3	48  
213	39	92  
213	45	83  
213	4	92  
213	50	106  
213	5	92  
213	6	71  
213	7	17  
213	71	72  
213	71	75  
213	7	29  
213	7	45  
213	9	69  
214	0	1  
214	0	10  
214	0	15  
214	0	2  
214	0	4  
214	0	5  
214	0	92  
214	0	96  
214	100	106  
214	102	106  
214	102	108  
214	103	106  
214	104	108  
214	107	108  
214	108	111  
214	11	31  
214	11	48  
214	14	45  
214	16	18  
214	17	29  
214	18	39  
214	19	54  
214	19	65  
214	19	87  
214	21	45  
214	22	88  
214	2	4  
214	2	5  
214	25	26  
214	26	41  
214	2	92  
214	30	75  
214	38	99  
214	39	92  
214	4	5  
214	45	83  
214	46	75  
214	4	92  
214	50	88  
214	53	88  
214	5	92  
214	67	75  
214	7	17  
214	7	26  
214	72	88  
214	7	45  
214	7	79  
214	79	87  
214	83	88  
214	88	100  
214	88	101  
214	88	102  
214	88	103  
214	88	104  
214	88	105  
214	88	106  
214	88	107  
214	88	108  
214	88	109  
214	88	111  
214	88	93  
214	88	97  
214	97	108  
215	0	2  
215	0	39  
215	0	4  
215	0	5  
215	0	92  
215	100	105  
215	100	109  
215	101	106  
215	103	106  
215	10	45  
215	106	109  
215	11	66  
215	13	45  
215	16	18  
215	17	29  
215	17	36  
215	17	37  
215	17	45  
215	17	82  
215	18	39  
215	19	66  
215	19	69  
215	19	87  
215	20	66  
215	21	22  
215	21	45  
215	22	45  
215	22	46  
215	22	62  
215	22	75  
215	22	83  
215	22	88  
215	23	24  
215	2	39  
215	2	92  
215	29	37  
215	30	75  
215	3	18  
215	31	87  
215	32	87  
215	33	82  
215	3	6  
215	36	37  
215	36	82  
215	3	71  
215	37	82  
215	38	99  
215	39	72  
215	39	92  
215	4	10  
215	45	83  
215	4	92  
215	50	106  
215	56	84  
215	58	66  
215	5	92  
215	64	66  
215	64	87  
215	65	66  
215	65	87  
215	6	71  
215	67	75  
215	7	17  
215	7	37  
215	7	45  
215	75	83  
215	7	66  
215	7	79  
215	7	87  
215	83	106  
215	93	100  
215	93	106  
215	9	66  
216	0	2  
216	17	29  
216	19	76  
216	21	45  
216	2	39  
216	2	5  
216	2	92  
216	39	92  
216	5	39  
216	6	76  
216	7	17  
216	7	36  
216	7	37  
216	7	79  
216	7	82  
216	79	87  
216	8	76  
217	0	1  
217	0	2  
217	0	92  
217	100	106  
217	103	106  
217	11	23  
217	13	21  
217	13	45  
217	15	16  
217	15	18  
217	16	18  
217	18	39  
217	19	76  
217	21	22  
217	21	45  
217	22	109  
217	22	45  
217	22	46  
217	22	62  
217	22	75  
217	22	83  
217	23	24  
217	2	4  
217	25	26  
217	25	28  
217	26	41  
217	26	78  
217	2	92  
217	33	82  
217	3	6  
217	36	68  
217	3	71  
217	39	92  
217	45	83  
217	45	88  
217	47	76  
217	4	92  
217	54	69  
217	56	84  
217	5	92  
217	6	71  
217	6	76  
217	7	17  
217	7	33  
217	7	36  
217	7	37  
217	7	82  
217	79	87  
217	8	76  
217	9	54  
217	9	76  
218	0	69  
218	0	92  
218	11	38  
218	16	18  
218	16	39  
218	16	72  
218	17	29  
218	17	36  
218	17	37  
218	17	57  
218	17	68  
218	17	82  
218	19	65  
218	19	76  
218	21	45  
218	2	5  
218	26	30  
218	26	46  
218	26	61  
218	26	67  
218	26	74  
218	26	75  
218	26	77  
218	2	92  
218	33	82  
218	3	48  
218	36	82  
218	3	71  
218	37	82  
218	39	92  
218	45	83  
218	4	92  
218	52	69  
218	56	84  
218	5	92  
218	64	87  
218	7	17  
218	7	36  
218	7	37  
218	7	82  
218	9	46  
219	0	1  
219	0	2  
219	0	4  
219	0	5  
219	0	92  
219	101	106  
219	103	106  
219	106	109  
219	10	96  
219	11	24  
219	11	38  
219	11	58  
219	11	81  
219	15	16  
219	16	18  
219	16	72  
219	17	45  
219	18	39  
219	19	32  
219	19	54  
219	19	65  
219	19	69  
219	19	76  
219	21	45  
219	22	45  
219	2	39  
219	2	4  
219	2	5  
219	25	26  
219	26	113  
219	26	67  
219	2	92  
219	29	36  
219	29	37  
219	29	43  
219	30	75  
219	32	87  
219	36	82  
219	3	71  
219	37	45  
219	38	77  
219	38	99  
219	39	92  
219	4	5  
219	45	83  
219	4	92  
219	50	106  
219	5	39  
219	64	87  
219	6	72  
219	6	76  
219	67	75  
219	7	17  
219	7	26  
219	7	45  
219	83	106  
219	8	69  
219	93	106  
