130	0	1  
130	0	10  
130	0	15  
130	0	2  
130	0	4  
130	0	5  
130	14	20  
130	15	18  
130	18	59  
130	23	24  
130	2	4  
130	2	5  
130	4	5  
130	8	9  
130	9	20  
130	9	69  
131	0	1  
131	0	10  
131	0	15  
131	0	2  
131	0	4  
131	0	5  
131	0	9  
131	15	18  
131	18	59  
131	2	4  
131	2	5  
131	25	26  
131	3	71  
131	4	5  
131	9	69  
132	0	2  
132	0	4  
132	2	4  
132	2	5  
132	25	26  
132	30	75  
132	4	5  
132	61	77  
132	9	20  
133	0	1  
133	0	10  
133	0	15  
133	0	16  
133	0	2  
133	0	4  
133	0	5  
133	0	50  
133	19	54  
133	2	4  
133	2	5  
133	25	26  
133	26	77  
133	26	78  
133	3	16  
133	31	79  
133	4	10  
133	4	15  
133	4	5  
133	5	18  
133	61	77  
133	7	17  
133	7	45  
134	0	1  
134	0	10  
134	0	15  
134	0	4  
134	1	4  
134	15	18  
134	21	22  
134	21	45  
134	2	4  
134	25	26  
134	26	41  
134	26	61  
134	26	67  
134	26	74  
134	26	75  
134	26	77  
134	26	78  
134	4	10  
134	4	15  
134	4	5  
134	5	18  
134	7	17  
134	7	45  
135	0	1  
135	0	10  
135	0	15  
135	0	16  
135	0	2  
135	0	4  
135	0	5  
135	0	9  
135	11	81  
135	12	29  
135	15	18  
135	16	18  
135	17	36  
135	17	37  
135	21	29  
135	23	35  
135	23	80  
135	2	4  
135	2	5  
135	3	7  
135	4	5  
135	7	29  
135	7	30  
135	7	36  
135	7	37  
135	74	77  
135	8	13  
136	0	1  
136	0	10  
136	0	15  
136	0	5  
136	0	56  
136	11	23  
136	1	4  
136	15	18  
136	16	18  
136	17	29  
136	17	36  
136	17	37  
136	17	56  
136	23	24  
136	23	35  
136	2	4  
136	2	5  
136	30	75  
136	35	58  
136	36	82  
136	3	7  
136	4	5  
136	61	77  
136	7	37  
136	7	57  
136	75	83  
137	0	1  
137	0	10  
137	0	15  
137	0	2  
137	0	4  
137	15	18  
137	17	56  
137	23	24  
137	23	35  
137	23	59  
137	2	4  
137	2	5  
137	25	26  
137	2	65  
137	2	66  
137	4	5  
137	56	84  
137	85	86  
138	0	1  
138	0	10  
138	0	15  
138	0	2  
138	0	4  
138	0	5  
138	0	9  
138	11	23  
138	15	18  
138	17	29  
138	17	36  
138	17	37  
138	18	59  
138	19	54  
138	19	69  
138	23	24  
138	2	4  
138	25	26  
138	3	7  
138	4	10  
138	4	15  
138	4	5  
138	6	47  
138	7	17  
138	7	29  
138	7	36  
138	7	37  
138	8	9  
130	0	1  
130	0	10  
130	0	15  
130	0	2  
130	0	4  
130	0	5  
130	14	20  
130	15	18  
130	18	59  
130	23	24  
130	2	4  
130	2	5  
130	4	5  
130	8	9  
130	9	20  
130	9	69  
131	0	1  
131	0	10  
131	0	15  
131	0	2  
131	0	4  
131	0	5  
131	0	9  
131	15	18  
131	18	59  
131	2	4  
131	2	5  
131	25	26  
131	3	71  
131	4	5  
131	9	69  
132	0	2  
132	0	4  
132	2	4  
132	2	5  
132	25	26  
132	30	75  
132	4	5  
132	61	77  
132	9	20  
133	0	1  
133	0	10  
133	0	15  
133	0	16  
133	0	2  
133	0	4  
133	0	5  
133	0	50  
133	19	54  
133	2	4  
133	2	5  
133	25	26  
133	26	77  
133	26	78  
133	3	16  
133	31	79  
133	4	10  
133	4	15  
133	4	5  
133	5	18  
133	61	77  
133	7	17  
133	7	45  
134	0	1  
134	0	10  
134	0	15  
134	0	4  
134	1	4  
134	15	18  
134	21	22  
134	21	45  
134	2	4  
134	25	26  
134	26	41  
134	26	61  
134	26	67  
134	26	74  
134	26	75  
134	26	77  
134	26	78  
134	4	10  
134	4	15  
134	4	5  
134	5	18  
134	7	17  
134	7	45  
135	0	1  
135	0	10  
135	0	15  
135	0	16  
135	0	2  
135	0	4  
135	0	5  
135	0	9  
135	11	81  
135	12	29  
135	15	18  
135	16	18  
135	17	36  
135	17	37  
135	21	29  
135	23	35  
135	23	80  
135	2	4  
135	2	5  
135	3	7  
135	4	5  
135	7	29  
135	7	30  
135	7	36  
135	7	37  
135	74	77  
135	8	13  
136	0	1  
136	0	10  
136	0	15  
136	0	5  
136	0	56  
136	11	23  
136	1	4  
136	15	18  
136	16	18  
136	17	29  
136	17	36  
136	17	37  
136	17	56  
136	23	24  
136	23	35  
136	2	4  
136	2	5  
136	30	75  
136	35	58  
136	36	82  
136	3	7  
136	4	5  
136	61	77  
136	7	37  
136	7	57  
136	75	83  
137	0	1  
137	0	10  
137	0	15  
137	0	2  
137	0	4  
137	15	18  
137	17	56  
137	23	24  
137	23	35  
137	23	59  
137	2	4  
137	2	5  
137	25	26  
137	2	65  
137	2	66  
137	4	5  
137	56	84  
137	85	86  
138	0	1  
138	0	10  
138	0	15  
138	0	2  
138	0	4  
138	0	5  
138	0	9  
138	11	23  
138	15	18  
138	17	29  
138	17	36  
138	17	37  
138	18	59  
138	19	54  
138	19	69  
138	23	24  
138	2	4  
138	25	26  
138	3	7  
138	4	10  
138	4	15  
138	4	5  
138	6	47  
138	7	17  
138	7	29  
138	7	36  
138	7	37  
138	8	9  
130	0	1  
130	0	10  
130	0	15  
130	0	2  
130	0	4  
130	0	5  
130	14	20  
130	15	18  
130	18	59  
130	23	24  
130	2	4  
130	2	5  
130	4	5  
130	8	9  
130	9	20  
130	9	69  
131	0	1  
131	0	10  
131	0	15  
131	0	2  
131	0	4  
131	0	5  
131	0	9  
131	15	18  
131	18	59  
131	2	4  
131	2	5  
131	25	26  
131	3	71  
131	4	5  
131	9	69  
132	0	2  
132	0	4  
132	2	4  
132	2	5  
132	25	26  
132	30	75  
132	4	5  
132	61	77  
132	9	20  
133	0	1  
133	0	10  
133	0	15  
133	0	16  
133	0	2  
133	0	4  
133	0	5  
133	0	50  
133	19	54  
133	2	4  
133	2	5  
133	25	26  
133	26	77  
133	26	78  
133	3	16  
133	31	79  
133	4	10  
133	4	15  
133	4	5  
133	5	18  
133	61	77  
133	7	17  
133	7	45  
134	0	1  
134	0	10  
134	0	15  
134	0	4  
134	1	4  
134	15	18  
134	21	22  
134	21	45  
134	2	4  
134	25	26  
134	26	41  
134	26	61  
134	26	67  
134	26	74  
134	26	75  
134	26	77  
134	26	78  
134	4	10  
134	4	15  
134	4	5  
134	5	18  
134	7	17  
134	7	45  
135	0	1  
135	0	10  
135	0	15  
135	0	16  
135	0	2  
135	0	4  
135	0	5  
135	0	9  
135	11	81  
135	12	29  
135	15	18  
135	16	18  
135	17	36  
135	17	37  
135	21	29  
135	23	35  
135	23	80  
135	2	4  
135	2	5  
135	3	7  
135	4	5  
135	7	29  
135	7	30  
135	7	36  
135	7	37  
135	74	77  
135	8	13  
136	0	1  
136	0	10  
136	0	15  
136	0	5  
136	0	56  
136	11	23  
136	1	4  
136	15	18  
136	16	18  
136	17	29  
136	17	36  
136	17	37  
136	17	56  
136	23	24  
136	23	35  
136	2	4  
136	2	5  
136	30	75  
136	35	58  
136	36	82  
136	3	7  
136	4	5  
136	61	77  
136	7	37  
136	7	57  
136	75	83  
137	0	1  
137	0	10  
137	0	15  
137	0	2  
137	0	4  
137	15	18  
137	17	56  
137	23	24  
137	23	35  
137	23	59  
137	2	4  
137	2	5  
137	25	26  
137	2	65  
137	2	66  
137	4	5  
137	56	84  
137	85	86  
138	0	1  
138	0	10  
138	0	15  
138	0	2  
138	0	4  
138	0	5  
138	0	9  
138	11	23  
138	15	18  
138	17	29  
138	17	36  
138	17	37  
138	18	59  
138	19	54  
138	19	69  
138	23	24  
138	2	4  
138	25	26  
138	3	7  
138	4	10  
138	4	15  
138	4	5  
138	6	47  
138	7	17  
138	7	29  
138	7	36  
138	7	37  
138	8	9  
