270	100	107  
270	106	111  
270	109	111  
270	113	126  
270	114	133  
270	1	2  
270	120	131  
270	12	14  
270	12	56  
270	1	39  
270	139	140  
270	14	114  
270	21	142  
270	2	136  
270	21	45  
270	26	75  
270	27	132  
270	29	57  
270	29	68  
270	30	75  
270	31	124  
270	3	18  
270	31	87  
270	32	69  
270	33	34  
270	33	36  
270	33	82  
270	34	36  
270	34	37  
270	34	56  
270	34	82  
270	34	84  
270	3	6  
270	36	82  
270	36	84  
270	3	72  
270	37	82  
270	39	72  
270	41	75  
270	43	56  
270	46	75  
270	51	78  
270	53	137  
270	56	84  
270	57	68  
270	57	82  
270	61	75  
270	67	126  
270	6	75  
270	67	75  
270	6	9  
270	7	110  
270	7	131  
270	7	134  
270	7	135  
270	7	137  
270	7	142  
270	7	27  
270	7	47  
270	75	113  
270	75	126  
270	75	128  
270	75	91  
270	7	60  
270	7	70  
270	7	85  
270	7	86  
270	7	89  
270	7	94  
270	7	95  
270	9	11  
270	9	116  
270	9	120  
270	9	126  
270	9	131  
270	9	132  
270	9	139  
270	9	19  
270	9	27  
270	93	111  
270	9	45  
270	9	50  
270	9	51  
270	9	52  
270	9	69  
270	9	71  
270	97	111  
270	9	75  
271	0	1  
271	100	107  
271	100	109  
271	10	140  
271	1	136  
271	114	133  
271	11	55  
271	1	2  
271	12	14  
271	12	62  
271	139	140  
271	139	142  
271	140	142  
271	14	114  
271	14	126  
271	14	133  
271	14	139  
271	14	143  
271	14	20  
271	14	21  
271	142	143  
271	14	43  
271	14	62  
271	14	63  
271	14	98  
271	1	5  
271	17	140  
271	17	29  
271	17	34  
271	17	37  
271	17	43  
271	17	56  
271	17	57  
271	17	84  
271	18	39  
271	18	71  
271	1	92  
271	21	142  
271	21	143  
271	21	45  
271	26	75  
271	26	91  
271	29	57  
271	30	75  
271	3	18  
271	33	34  
271	33	36  
271	33	82  
271	3	40  
271	34	133  
271	34	36  
271	34	37  
271	34	82  
271	3	6  
271	36	82  
271	37	57  
271	37	82  
271	39	72  
271	41	75  
271	45	142  
271	45	143  
271	46	75  
271	47	51  
271	53	140  
271	56	84  
271	57	68  
271	61	75  
271	6	7  
271	67	75  
271	7	142  
271	75	113  
271	75	126  
271	75	128  
271	75	91  
271	8	133  
271	8	14  
271	8	142  
271	9	14  
271	93	100  
271	93	109  
271	97	104  
271	97	106  
271	97	108  
271	97	111  
271	97	118  
271	97	122  
271	98	140  
272	0	1  
272	100	106  
272	100	107  
272	113	126  
272	1	2  
272	124	138  
272	139	140  
272	18	112  
272	19	132  
272	19	65  
272	19	69  
272	27	131  
272	27	132  
272	2	72  
272	29	33  
272	29	57  
272	30	103  
272	3	18  
272	33	34  
272	33	37  
272	33	42  
272	33	57  
272	33	68  
272	33	82  
272	37	84  
272	39	72  
272	51	78  
272	7	110  
272	7	131  
272	7	134  
272	7	135  
272	7	137  
272	7	142  
272	7	27  
272	7	47  
272	7	60  
272	7	70  
272	7	85  
272	7	86  
272	7	89  
272	7	94  
272	7	95  
272	8	133  
272	8	20  
272	9	133  
272	97	106  
273	0	133  
273	0	136  
273	10	139  
273	105	106  
273	106	107  
273	113	126  
273	1	136  
273	132	133  
273	133	136  
273	13	45  
273	1	39  
273	139	140  
273	139	145  
273	140	142  
273	14	132  
273	14	142  
273	14	17  
273	142	143  
273	14	29  
273	14	37  
273	14	69  
273	19	132  
273	19	65  
273	21	142  
273	21	143  
273	2	136  
273	2	139  
273	21	45  
273	23	31  
273	26	75  
273	27	132  
273	29	34  
273	30	75  
273	3	139  
273	3	18  
273	33	34  
273	34	37  
273	34	42  
273	34	82  
273	39	55  
273	39	72  
273	41	75  
273	44	139  
273	45	140  
273	45	142  
273	45	143  
273	46	75  
273	47	55  
273	50	103  
273	5	136  
273	51	55  
273	51	78  
273	53	142  
273	56	84  
273	60	137  
273	6	14  
273	61	75  
273	63	143  
273	6	45  
273	6	72  
273	67	75  
273	73	94  
273	75	113  
273	75	126  
273	75	128  
273	75	91  
273	8	114  
273	8	45  
273	86	94  
273	8	9  
273	90	137  
273	9	130  
273	92	136  
273	9	45  
273	94	95  
273	96	139  
273	9	80  
273	98	140  
273	9	89  
274	0	136  
274	0	5  
274	116	117  
274	1	2  
274	1	39  
274	140	142  
274	142	143  
274	1	5  
274	18	71  
274	19	72  
274	21	142  
274	2	136  
274	2	5  
274	26	75  
274	30	75  
274	3	18  
274	33	36  
274	33	82  
274	34	36  
274	34	82  
274	3	6  
274	36	37  
274	36	82  
274	3	72  
274	37	82  
274	41	75  
274	45	142  
274	46	75  
274	47	55  
274	5	136  
274	51	55  
274	51	78  
274	5	18  
274	5	92  
274	61	75  
274	63	143  
274	6	45  
274	6	75  
274	67	75  
274	6	9  
274	75	113  
274	75	126  
274	75	128  
274	75	91  
274	90	137  
275	0	1  
275	0	136  
275	0	139  
275	100	107  
275	10	139  
275	10	96  
275	110	131  
275	1	136  
275	1	139  
275	11	55  
275	1	2  
275	12	143  
275	124	138  
275	126	129  
275	131	132  
275	13	143  
275	136	139  
275	1	39  
275	139	140  
275	139	142  
275	139	145  
275	140	142  
275	142	143  
275	1	5  
275	18	139  
275	18	40  
275	1	92  
275	19	72  
275	20	62  
275	21	142  
275	21	143  
275	2	136  
275	2	139  
275	26	75  
275	29	33  
275	30	75  
275	31	124  
275	3	139  
275	3	18  
275	33	34  
275	33	37  
275	33	42  
275	33	43  
275	33	57  
275	33	68  
275	33	82  
275	34	37  
275	34	43  
275	34	82  
275	36	43  
275	3	71  
275	3	72  
275	37	43  
275	37	82  
275	40	41  
275	41	75  
275	42	43  
275	43	82  
275	44	139  
275	45	142  
275	46	47  
275	46	75  
275	47	110  
275	5	136  
275	5	139  
275	51	75  
275	52	110  
275	53	142  
275	60	137  
275	6	115  
275	61	75  
275	63	143  
275	64	69  
275	67	75  
275	71	72  
275	75	113  
275	75	126  
275	75	128  
275	75	91  
275	8	143  
275	83	137  
275	89	110  
275	90	137  
275	9	143  
275	92	136  
275	92	139  
275	96	136  
275	96	139  
275	98	143  
276	0	1  
276	0	136  
276	100	107  
276	101	109  
276	10	136  
276	107	109  
276	131	132  
276	13	143  
276	142	143  
276	19	32  
276	21	142  
276	27	132  
276	3	18  
276	33	36  
276	33	82  
276	34	36  
276	34	37  
276	34	82  
276	36	37  
276	36	82  
276	37	82  
276	39	72  
276	5	136  
276	52	132  
276	56	84  
276	63	143  
276	64	69  
276	69	87  
276	70	132  
276	86	94  
276	89	132  
276	90	132  
276	93	100  
276	93	109  
276	94	95  
276	97	109  
277	0	2  
277	100	107  
277	101	106  
277	114	133  
277	1	2  
277	12	13  
277	13	114  
277	13	139  
277	13	143  
277	132	137  
277	13	54  
277	13	62  
277	13	63  
277	1	39  
277	139	143  
277	13	98  
277	140	142  
277	142	143  
277	1	5  
277	18	39  
277	18	40  
277	18	71  
277	18	72  
277	19	32  
277	19	64  
277	19	65  
277	19	66  
277	19	69  
277	19	72  
277	20	133  
277	21	142  
277	21	143  
277	21	45  
277	26	75  
277	27	89  
277	2	92  
277	29	57  
277	29	68  
277	30	75  
277	31	124  
277	3	18  
277	31	87  
277	34	37  
277	34	68  
277	37	68  
277	39	72  
277	41	75  
277	45	140  
277	45	142  
277	45	143  
277	46	75  
277	5	136  
277	51	78  
277	56	84  
277	57	68  
277	60	137  
277	61	75  
277	6	45  
277	67	75  
277	70	132  
277	72	126  
277	75	113  
277	75	126  
277	75	128  
277	75	91  
277	8	13  
277	8	139  
277	8	143  
277	86	94  
277	90	132  
277	90	137  
277	9	116  
277	9	13  
277	9	142  
277	9	45  
277	98	139  
278	100	107  
278	1	136  
278	11	63  
278	1	18  
278	12	13  
278	12	143  
278	12	56  
278	126	128  
278	126	140  
278	12	62  
278	12	63  
278	131	132  
278	13	114  
278	13	139  
278	13	143  
278	132	143  
278	133	143  
278	13	54  
278	13	62  
278	13	63  
278	1	39  
278	139	143  
278	13	98  
278	140	142  
278	1	5  
278	18	121  
278	18	39  
278	19	32  
278	19	63  
278	19	72  
278	20	63  
278	21	142  
278	21	143  
278	2	136  
278	21	45  
278	21	63  
278	23	31  
278	26	63  
278	26	75  
278	27	132  
278	27	63  
278	29	57  
278	29	68  
278	30	63  
278	30	75  
278	31	63  
278	3	18  
278	32	63  
278	33	82  
278	34	37  
278	34	68  
278	34	82  
278	37	68  
278	37	82  
278	39	72  
278	41	63  
278	41	75  
278	42	57  
278	43	63  
278	45	140  
278	45	142  
278	45	143  
278	46	75  
278	50	63  
278	51	63  
278	52	63  
278	53	63  
278	55	65  
278	56	63  
278	56	84  
278	57	68  
278	61	126  
278	61	75  
278	62	114  
278	62	63  
278	63	102  
278	63	113  
278	63	114  
278	63	116  
278	63	119  
278	63	120  
278	63	123  
278	63	124  
278	63	126  
278	63	128  
278	63	131  
278	63	132  
278	63	133  
278	63	141  
278	63	142  
278	63	143  
278	63	69  
278	63	71  
278	63	73  
278	63	75  
278	63	78  
278	63	79  
278	63	86  
278	63	87  
278	63	90  
278	63	91  
278	63	94  
278	63	98  
278	6	63  
278	6	72  
278	67	75  
278	72	91  
278	73	94  
278	75	113  
278	75	126  
278	75	128  
278	75	91  
278	8	114  
278	8	13  
278	8	133  
278	8	62  
278	8	63  
278	86	94  
278	9	13  
278	93	109  
278	9	45  
278	94	95  
278	9	63  
279	100	105  
279	11	80  
279	12	13  
279	12	56  
279	12	62  
279	12	63  
279	13	114  
279	13	139  
279	13	143  
279	133	143  
279	13	54  
279	13	62  
279	13	63  
279	1	39  
279	139	140  
279	13	98  
279	140	142  
279	142	143  
279	1	72  
279	20	63  
279	21	142  
279	21	143  
279	21	45  
279	21	63  
279	25	80  
279	26	80  
279	29	57  
279	33	34  
279	34	37  
279	34	68  
279	34	82  
279	39	72  
279	39	80  
279	43	63  
279	45	140  
279	45	142  
279	45	143  
279	50	109  
279	56	63  
279	57	68  
279	61	80  
279	62	63  
279	63	114  
279	63	126  
279	63	133  
279	63	139  
279	63	143  
279	63	98  
279	6	71  
279	6	72  
279	67	80  
279	6	91  
279	72	91  
279	73	94  
279	75	103  
279	75	80  
279	75	83  
279	80	120  
279	80	81  
279	8	13  
279	8	63  
279	86	94  
279	9	13  
279	94	131  
279	9	45  
279	94	95  
279	9	63  
270	100	107  
270	106	111  
270	109	111  
270	113	126  
270	114	133  
270	1	2  
270	120	131  
270	12	14  
270	12	56  
270	1	39  
270	139	140  
270	14	114  
270	21	142  
270	2	136  
270	21	45  
270	26	75  
270	27	132  
270	29	57  
270	29	68  
270	30	75  
270	31	124  
270	3	18  
270	31	87  
270	32	69  
270	33	34  
270	33	36  
270	33	82  
270	34	36  
270	34	37  
270	34	56  
270	34	82  
270	34	84  
270	3	6  
270	36	82  
270	36	84  
270	3	72  
270	37	82  
270	39	72  
270	41	75  
270	43	56  
270	46	75  
270	51	78  
270	53	137  
270	56	84  
270	57	68  
270	57	82  
270	61	75  
270	67	126  
270	6	75  
270	67	75  
270	6	9  
270	7	110  
270	7	131  
270	7	134  
270	7	135  
270	7	137  
270	7	142  
270	7	27  
270	7	47  
270	75	113  
270	75	126  
270	75	128  
270	75	91  
270	7	60  
270	7	70  
270	7	85  
270	7	86  
270	7	89  
270	7	94  
270	7	95  
270	9	11  
270	9	116  
270	9	120  
270	9	126  
270	9	131  
270	9	132  
270	9	139  
270	9	19  
270	9	27  
270	93	111  
270	9	45  
270	9	50  
270	9	51  
270	9	52  
270	9	69  
270	9	71  
270	97	111  
270	9	75  
271	0	1  
271	100	107  
271	100	109  
271	10	140  
271	1	136  
271	114	133  
271	11	55  
271	1	2  
271	12	14  
271	12	62  
271	139	140  
271	139	142  
271	140	142  
271	14	114  
271	14	126  
271	14	133  
271	14	139  
271	14	143  
271	14	20  
271	14	21  
271	142	143  
271	14	43  
271	14	62  
271	14	63  
271	14	98  
271	1	5  
271	17	140  
271	17	29  
271	17	34  
271	17	37  
271	17	43  
271	17	56  
271	17	57  
271	17	84  
271	18	39  
271	18	71  
271	1	92  
271	21	142  
271	21	143  
271	21	45  
271	26	75  
271	26	91  
271	29	57  
271	30	75  
271	3	18  
271	33	34  
271	33	36  
271	33	82  
271	3	40  
271	34	133  
271	34	36  
271	34	37  
271	34	82  
271	3	6  
271	36	82  
271	37	57  
271	37	82  
271	39	72  
271	41	75  
271	45	142  
271	45	143  
271	46	75  
271	47	51  
271	53	140  
271	56	84  
271	57	68  
271	61	75  
271	6	7  
271	67	75  
271	7	142  
271	75	113  
271	75	126  
271	75	128  
271	75	91  
271	8	133  
271	8	14  
271	8	142  
271	9	14  
271	93	100  
271	93	109  
271	97	104  
271	97	106  
271	97	108  
271	97	111  
271	97	118  
271	97	122  
271	98	140  
272	0	1  
272	100	106  
272	100	107  
272	113	126  
272	1	2  
272	124	138  
272	139	140  
272	18	112  
272	19	132  
272	19	65  
272	19	69  
272	27	131  
272	27	132  
272	2	72  
272	29	33  
272	29	57  
272	30	103  
272	3	18  
272	33	34  
272	33	37  
272	33	42  
272	33	57  
272	33	68  
272	33	82  
272	37	84  
272	39	72  
272	51	78  
272	7	110  
272	7	131  
272	7	134  
272	7	135  
272	7	137  
272	7	142  
272	7	27  
272	7	47  
272	7	60  
272	7	70  
272	7	85  
272	7	86  
272	7	89  
272	7	94  
272	7	95  
272	8	133  
272	8	20  
272	9	133  
272	97	106  
273	0	133  
273	0	136  
273	10	139  
273	105	106  
273	106	107  
273	113	126  
273	1	136  
273	132	133  
273	133	136  
273	13	45  
273	1	39  
273	139	140  
273	139	145  
273	140	142  
273	14	132  
273	14	142  
273	14	17  
273	142	143  
273	14	29  
273	14	37  
273	14	69  
273	19	132  
273	19	65  
273	21	142  
273	21	143  
273	2	136  
273	2	139  
273	21	45  
273	23	31  
273	26	75  
273	27	132  
273	29	34  
273	30	75  
273	3	139  
273	3	18  
273	33	34  
273	34	37  
273	34	42  
273	34	82  
273	39	55  
273	39	72  
273	41	75  
273	44	139  
273	45	140  
273	45	142  
273	45	143  
273	46	75  
273	47	55  
273	50	103  
273	5	136  
273	51	55  
273	51	78  
273	53	142  
273	56	84  
273	60	137  
273	6	14  
273	61	75  
273	63	143  
273	6	45  
273	6	72  
273	67	75  
273	73	94  
273	75	113  
273	75	126  
273	75	128  
273	75	91  
273	8	114  
273	8	45  
273	86	94  
273	8	9  
273	90	137  
273	9	130  
273	92	136  
273	9	45  
273	94	95  
273	96	139  
273	9	80  
273	98	140  
273	9	89  
274	0	136  
274	0	5  
274	116	117  
274	1	2  
274	1	39  
274	140	142  
274	142	143  
274	1	5  
274	18	71  
274	19	72  
274	21	142  
274	2	136  
274	2	5  
274	26	75  
274	30	75  
274	3	18  
274	33	36  
274	33	82  
274	34	36  
274	34	82  
274	3	6  
274	36	37  
274	36	82  
274	3	72  
274	37	82  
274	41	75  
274	45	142  
274	46	75  
274	47	55  
274	5	136  
274	51	55  
274	51	78  
274	5	18  
274	5	92  
274	61	75  
274	63	143  
274	6	45  
274	6	75  
274	67	75  
274	6	9  
274	75	113  
274	75	126  
274	75	128  
274	75	91  
274	90	137  
275	0	1  
275	0	136  
275	0	139  
275	100	107  
275	10	139  
275	10	96  
275	110	131  
275	1	136  
275	1	139  
275	11	55  
275	1	2  
275	12	143  
275	124	138  
275	126	129  
275	131	132  
275	13	143  
275	136	139  
275	1	39  
275	139	140  
275	139	142  
275	139	145  
275	140	142  
275	142	143  
275	1	5  
275	18	139  
275	18	40  
275	1	92  
275	19	72  
275	20	62  
275	21	142  
275	21	143  
275	2	136  
275	2	139  
275	26	75  
275	29	33  
275	30	75  
275	31	124  
275	3	139  
275	3	18  
275	33	34  
275	33	37  
275	33	42  
275	33	43  
275	33	57  
275	33	68  
275	33	82  
275	34	37  
275	34	43  
275	34	82  
275	36	43  
275	3	71  
275	3	72  
275	37	43  
275	37	82  
275	40	41  
275	41	75  
275	42	43  
275	43	82  
275	44	139  
275	45	142  
275	46	47  
275	46	75  
275	47	110  
275	5	136  
275	5	139  
275	51	75  
275	52	110  
275	53	142  
275	60	137  
275	6	115  
275	61	75  
275	63	143  
275	64	69  
275	67	75  
275	71	72  
275	75	113  
275	75	126  
275	75	128  
275	75	91  
275	8	143  
275	83	137  
275	89	110  
275	90	137  
275	9	143  
275	92	136  
275	92	139  
275	96	136  
275	96	139  
275	98	143  
276	0	1  
276	0	136  
276	100	107  
276	101	109  
276	10	136  
276	107	109  
276	131	132  
276	13	143  
276	142	143  
