140	0	1  
140	0	10  
140	0	15  
140	0	2  
140	0	4  
140	0	5  
140	0	9  
140	15	18  
140	16	18  
140	18	81  
140	19	32  
140	19	69  
140	23	24  
140	23	35  
140	23	59  
140	2	4  
140	25	26  
140	26	41  
140	26	78  
140	31	79  
140	32	79  
140	32	87  
140	36	82  
140	4	5  
140	7	29  
140	7	36  
140	7	37  
140	7	56  
140	7	79  
140	79	87  
140	8	69  
141	0	1  
141	0	10  
141	0	15  
141	0	4  
141	17	37  
141	2	4  
141	26	75  
141	4	5  
141	7	17  
142	0	1  
142	0	10  
142	0	15  
142	0	4  
142	0	9  
142	15	18  
142	16	18  
142	17	29  
142	17	36  
142	17	37  
142	19	54  
142	21	45  
142	2	4  
142	25	26  
142	26	75  
142	29	45  
142	30	75  
142	32	87  
142	37	45  
142	4	15  
142	41	75  
142	4	5  
142	67	75  
142	7	17  
142	7	29  
142	7	33  
142	7	36  
142	7	37  
142	7	45  
142	7	82  
142	9	11  
142	9	69  
143	0	1  
143	0	10  
143	0	15  
143	0	2  
143	0	4  
143	0	5  
143	0	9  
143	17	29  
143	17	36  
143	17	37  
143	19	32  
143	23	35  
143	3	18  
143	61	77  
143	7	17  
143	7	19  
143	75	77  
143	9	69  
144	0	1  
144	0	10  
144	0	15  
144	0	9  
144	10	22  
144	11	54  
144	17	29  
144	17	37  
144	19	54  
144	19	69  
144	22	45  
144	22	83  
144	22	88  
144	23	48  
144	26	78  
144	26	83  
144	36	82  
144	61	77  
144	7	17  
144	75	77  
145	0	1  
145	0	10  
145	0	15  
145	0	2  
145	0	32  
145	0	4  
145	11	23  
145	12	29  
145	16	18  
145	17	29  
145	19	69  
145	23	24  
145	23	38  
145	2	4  
145	25	26  
145	26	41  
145	26	61  
145	26	67  
145	29	37  
145	29	42  
145	29	56  
145	29	57  
145	33	82  
145	61	77  
145	7	29  
145	7	33  
145	7	36  
145	7	37  
145	7	82  
145	85	86  
146	0	1  
146	0	10  
146	0	15  
146	0	2  
146	0	4  
146	0	5  
146	17	29  
146	21	22  
146	23	24  
146	23	35  
146	23	59  
146	2	4  
146	31	59  
146	7	17  
147	0	1  
147	0	10  
147	0	15  
147	0	2  
147	0	69  
147	0	9  
147	19	54  
147	23	24  
147	23	35  
147	23	59  
147	2	4  
147	2	5  
147	25	26  
147	26	41  
147	33	34  
147	33	36  
147	33	37  
147	33	82  
147	36	82  
147	37	82  
147	7	17  
147	7	29  
147	7	36  
147	7	37  
147	7	82  
148	0	1  
148	0	10  
148	0	15  
148	0	2  
148	0	4  
148	0	5  
148	12	29  
148	15	18  
148	16	18  
148	17	29  
148	17	36  
148	17	37  
148	21	29  
148	22	29  
148	23	24  
148	23	35  
148	2	4  
148	29	34  
148	29	37  
148	29	42  
148	29	56  
148	29	57  
148	49	59  
148	7	29  
149	0	1  
149	0	10  
149	0	15  
149	0	16  
149	0	2  
149	0	4  
149	0	5  
149	0	69  
149	0	9  
149	12	29  
149	15	16  
149	17	29  
149	17	36  
149	17	37  
149	19	65  
149	2	5  
149	25	26  
149	26	41  
149	26	78  
149	29	33  
149	29	34  
149	29	36  
149	29	42  
149	29	56  
149	29	57  
149	29	68  
149	29	82  
149	33	36  
149	33	37  
149	33	82  
149	36	82  
149	3	71  
149	47	55  
149	51	70  
149	61	77  
149	70	89  
149	70	90  
149	7	17  
149	7	29  
149	7	36  
149	75	77  
140	0	1  
140	0	10  
140	0	15  
140	0	2  
140	0	4  
140	0	5  
140	0	9  
140	15	18  
140	16	18  
140	18	81  
140	19	32  
140	19	69  
140	23	24  
140	23	35  
140	23	59  
140	2	4  
140	25	26  
140	26	41  
140	26	78  
140	31	79  
140	32	79  
140	32	87  
140	36	82  
140	4	5  
140	7	29  
140	7	36  
140	7	37  
140	7	56  
140	7	79  
140	79	87  
140	8	69  
141	0	1  
141	0	10  
141	0	15  
141	0	4  
141	17	37  
141	2	4  
141	26	75  
141	4	5  
141	7	17  
142	0	1  
142	0	10  
142	0	15  
142	0	4  
142	0	9  
142	15	18  
142	16	18  
142	17	29  
142	17	36  
142	17	37  
142	19	54  
142	21	45  
142	2	4  
142	25	26  
142	26	75  
142	29	45  
142	30	75  
142	32	87  
142	37	45  
142	4	15  
142	41	75  
142	4	5  
142	67	75  
142	7	17  
142	7	29  
142	7	33  
142	7	36  
142	7	37  
142	7	45  
142	7	82  
142	9	11  
142	9	69  
143	0	1  
143	0	10  
143	0	15  
143	0	2  
143	0	4  
143	0	5  
143	0	9  
143	17	29  
143	17	36  
143	17	37  
143	19	32  
143	23	35  
143	3	18  
143	61	77  
143	7	17  
143	7	19  
143	75	77  
143	9	69  
144	0	1  
144	0	10  
144	0	15  
144	0	9  
144	10	22  
144	11	54  
144	17	29  
144	17	37  
144	19	54  
144	19	69  
144	22	45  
144	22	83  
144	22	88  
144	23	48  
144	26	78  
144	26	83  
144	36	82  
144	61	77  
144	7	17  
144	75	77  
145	0	1  
145	0	10  
145	0	15  
145	0	2  
145	0	32  
145	0	4  
145	11	23  
145	12	29  
145	16	18  
145	17	29  
145	19	69  
145	23	24  
145	23	38  
145	2	4  
145	25	26  
145	26	41  
145	26	61  
145	26	67  
145	29	37  
145	29	42  
145	29	56  
145	29	57  
145	33	82  
145	61	77  
145	7	29  
145	7	33  
145	7	36  
145	7	37  
145	7	82  
145	85	86  
146	0	1  
146	0	10  
146	0	15  
146	0	2  
146	0	4  
146	0	5  
146	17	29  
146	21	22  
146	23	24  
146	23	35  
146	23	59  
146	2	4  
146	31	59  
146	7	17  
147	0	1  
147	0	10  
147	0	15  
147	0	2  
147	0	69  
147	0	9  
147	19	54  
147	23	24  
147	23	35  
147	23	59  
147	2	4  
147	2	5  
147	25	26  
147	26	41  
147	33	34  
147	33	36  
147	33	37  
147	33	82  
147	36	82  
147	37	82  
147	7	17  
147	7	29  
147	7	36  
147	7	37  
147	7	82  
148	0	1  
148	0	10  
148	0	15  
148	0	2  
148	0	4  
148	0	5  
148	12	29  
148	15	18  
148	16	18  
148	17	29  
148	17	36  
148	17	37  
148	21	29  
148	22	29  
148	23	24  
148	23	35  
148	2	4  
148	29	34  
148	29	37  
148	29	42  
148	29	56  
148	29	57  
148	49	59  
148	7	29  
149	0	1  
149	0	10  
149	0	15  
149	0	16  
149	0	2  
149	0	4  
149	0	5  
149	0	69  
149	0	9  
149	12	29  
149	15	16  
149	17	29  
149	17	36  
149	17	37  
149	19	65  
149	2	5  
149	25	26  
149	26	41  
149	26	78  
149	29	33  
149	29	34  
149	29	36  
149	29	42  
149	29	56  
149	29	57  
149	29	68  
149	29	82  
149	33	36  
149	33	37  
149	33	82  
149	36	82  
149	3	71  
149	47	55  
149	51	70  
149	61	77  
149	70	89  
149	70	90  
149	7	17  
149	7	29  
149	7	36  
149	75	77  
140	0	1  
140	0	10  
140	0	15  
140	0	2  
140	0	4  
140	0	5  
140	0	9  
140	15	18  
140	16	18  
140	18	81  
140	19	32  
140	19	69  
140	23	24  
140	23	35  
140	23	59  
140	2	4  
140	25	26  
140	26	41  
140	26	78  
140	31	79  
140	32	79  
140	32	87  
140	36	82  
140	4	5  
140	7	29  
140	7	36  
140	7	37  
140	7	56  
140	7	79  
140	79	87  
140	8	69  
141	0	1  
141	0	10  
141	0	15  
141	0	4  
141	17	37  
141	2	4  
141	26	75  
141	4	5  
141	7	17  
142	0	1  
142	0	10  
142	0	15  
142	0	4  
142	0	9  
142	15	18  
142	16	18  
142	17	29  
142	17	36  
142	17	37  
142	19	54  
142	21	45  
142	2	4  
142	25	26  
142	26	75  
142	29	45  
142	30	75  
142	32	87  
142	37	45  
142	4	15  
142	41	75  
142	4	5  
142	67	75  
142	7	17  
142	7	29  
142	7	33  
142	7	36  
142	7	37  
142	7	45  
142	7	82  
142	9	11  
142	9	69  
143	0	1  
143	0	10  
143	0	15  
143	0	2  
143	0	4  
143	0	5  
143	0	9  
143	17	29  
143	17	36  
143	17	37  
143	19	32  
143	23	35  
143	3	18  
143	61	77  
143	7	17  
143	7	19  
143	75	77  
143	9	69  
144	0	1  
144	0	10  
144	0	15  
144	0	9  
144	10	22  
144	11	54  
144	17	29  
144	17	37  
144	19	54  
144	19	69  
144	22	45  
144	22	83  
144	22	88  
144	23	48  
144	26	78  
144	26	83  
144	36	82  
144	61	77  
144	7	17  
144	75	77  
145	0	1  
145	0	10  
145	0	15  
145	0	2  
145	0	32  
145	0	4  
145	11	23  
145	12	29  
145	16	18  
145	17	29  
145	19	69  
145	23	24  
145	23	38  
145	2	4  
145	25	26  
145	26	41  
145	26	61  
145	26	67  
145	29	37  
145	29	42  
145	29	56  
145	29	57  
145	33	82  
145	61	77  
145	7	29  
145	7	33  
145	7	36  
145	7	37  
145	7	82  
145	85	86  
146	0	1  
146	0	10  
146	0	15  
146	0	2  
146	0	4  
146	0	5  
146	17	29  
146	21	22  
146	23	24  
146	23	35  
146	23	59  
146	2	4  
146	31	59  
146	7	17  
147	0	1  
147	0	10  
147	0	15  
147	0	2  
147	0	69  
147	0	9  
147	19	54  
147	23	24  
147	23	35  
147	23	59  
147	2	4  
147	2	5  
147	25	26  
147	26	41  
147	33	34  
147	33	36  
147	33	37  
147	33	82  
147	36	82  
147	37	82  
147	7	17  
147	7	29  
147	7	36  
147	7	37  
147	7	82  
148	0	1  
148	0	10  
148	0	15  
148	0	2  
148	0	4  
148	0	5  
148	12	29  
148	15	18  
148	16	18  
148	17	29  
148	17	36  
148	17	37  
148	21	29  
148	22	29  
148	23	24  
148	23	35  
148	2	4  
148	29	34  
148	29	37  
148	29	42  
148	29	56  
148	29	57  
148	49	59  
148	7	29  
149	0	1  
149	0	10  
149	0	15  
149	0	16  
149	0	2  
149	0	4  
149	0	5  
149	0	69  
149	0	9  
149	12	29  
149	15	16  
149	17	29  
149	17	36  
149	17	37  
149	19	65  
149	2	5  
149	25	26  
149	26	41  
149	26	78  
149	29	33  
149	29	34  
149	29	36  
149	29	42  
149	29	56  
149	29	57  
149	29	68  
149	29	82  
149	33	36  
149	33	37  
149	33	82  
149	36	82  
149	3	71  
149	47	55  
149	51	70  
149	61	77  
149	70	89  
149	70	90  
149	7	17  
149	7	29  
149	7	36  
149	75	77  
