30	0	1  
30	0	2  
30	0	4  
30	0	5  
30	1	2  
30	2	5  
31	0	1  
31	0	2  
31	0	4  
31	0	5  
31	1	2  
31	2	4  
31	2	5  
32	0	1  
32	0	10  
32	0	2  
32	0	4  
32	0	5  
32	12	13  
32	13	14  
33	0	2  
34	2	5  
35	0	1  
35	0	5  
35	0	9  
35	2	4  
35	2	5  
36	0	1  
36	0	2  
36	0	4  
36	0	5  
36	2	5  
37	0	1  
37	0	15  
37	0	2  
37	0	4  
37	0	5  
37	1	2  
37	2	4  
37	2	5  
38	0	15  
38	0	2  
38	2	4  
38	2	5  
39	0	2  
39	0	4  
39	1	2  
39	2	4  
39	2	5  
30	0	1  
30	0	2  
30	0	4  
30	0	5  
30	1	2  
30	2	5  
31	0	1  
31	0	2  
31	0	4  
31	0	5  
31	1	2  
31	2	4  
31	2	5  
32	0	1  
32	0	10  
32	0	2  
32	0	4  
32	0	5  
32	12	13  
32	13	14  
33	0	2  
34	2	5  
35	0	1  
35	0	5  
35	0	9  
35	2	4  
35	2	5  
36	0	1  
36	0	2  
36	0	4  
36	0	5  
36	2	5  
37	0	1  
37	0	15  
37	0	2  
37	0	4  
37	0	5  
37	1	2  
37	2	4  
37	2	5  
38	0	15  
38	0	2  
38	2	4  
38	2	5  
39	0	2  
39	0	4  
39	1	2  
39	2	4  
39	2	5  
30	0	1  
30	0	2  
30	0	4  
30	0	5  
30	1	2  
30	2	5  
31	0	1  
31	0	2  
31	0	4  
31	0	5  
31	1	2  
31	2	4  
31	2	5  
32	0	1  
32	0	10  
32	0	2  
32	0	4  
32	0	5  
32	12	13  
32	13	14  
33	0	2  
34	2	5  
35	0	1  
35	0	5  
35	0	9  
35	2	4  
35	2	5  
36	0	1  
36	0	2  
36	0	4  
36	0	5  
36	2	5  
37	0	1  
37	0	15  
37	0	2  
37	0	4  
37	0	5  
37	1	2  
37	2	4  
37	2	5  
38	0	15  
38	0	2  
38	2	4  
38	2	5  
39	0	2  
39	0	4  
39	1	2  
39	2	4  
39	2	5  
