290	0	1  
290	0	136  
290	0	2  
290	0	5  
290	0	92  
290	100	107  
290	100	109  
290	101	109  
290	105	106  
290	105	107  
290	106	107  
290	10	99  
290	1	136  
290	1	2  
290	12	17  
290	123	141  
290	124	138  
290	12	43  
290	131	132  
290	132	137  
290	132	141  
290	136	139  
290	1	39  
290	139	140  
290	1	5  
290	17	29  
290	17	57  
290	18	121  
290	18	39  
290	1	92  
290	19	38  
290	19	72  
290	19	87  
290	21	142  
290	21	143  
290	2	136  
290	21	45  
290	21	63  
290	23	48  
290	25	116  
290	25	124  
290	25	26  
290	25	75  
290	26	47  
290	26	75  
290	27	132  
290	2	92  
290	29	42  
290	29	57  
290	30	75  
290	3	18  
290	32	87  
290	33	34  
290	33	82  
290	34	115  
290	34	144  
290	34	36  
290	34	37  
290	34	42  
290	34	68  
290	34	82  
290	36	42  
290	3	71  
290	37	115  
290	37	42  
290	37	82  
290	37	84  
290	39	121  
290	39	40  
290	39	61  
290	39	72  
290	40	41  
290	41	75  
290	42	115  
290	42	82  
290	45	140  
290	45	142  
290	45	143  
290	46	113  
290	46	126  
290	46	133  
290	46	75  
290	50	132  
290	50	75  
290	5	136  
290	56	84  
290	5	92  
290	60	137  
290	61	75  
290	63	143  
290	64	87  
290	65	87  
290	66	87  
290	6	71  
290	6	72  
290	6	75  
290	67	75  
290	6	9  
290	70	132  
290	73	94  
290	75	103  
290	75	113  
290	75	126  
290	75	128  
290	75	83  
290	75	91  
290	8	114  
290	8	21  
290	82	115  
290	82	144  
290	8	45  
290	85	90  
290	8	69  
290	86	94  
290	89	132  
290	90	132  
290	90	137  
290	9	11  
290	9	112  
290	9	116  
290	9	120  
290	9	126  
290	9	130  
290	9	131  
290	9	132  
290	9	146  
290	9	19  
290	9	21  
290	92	136  
290	9	27  
290	93	109  
290	9	45  
290	9	46  
290	94	95  
290	9	52  
290	9	55  
290	9	65  
290	9	66  
290	9	69  
290	9	75  
290	9	81  
290	98	140  
290	9	89  
290	9	90  
291	0	136  
291	0	5  
291	0	92  
291	10	139  
291	103	109  
291	10	90  
291	10	96  
291	1	136  
291	1	2  
291	12	43  
291	13	139  
291	132	142  
291	136	139  
291	1	39  
291	139	140  
291	142	143  
291	1	5  
291	17	139  
291	18	39  
291	1	92  
291	19	32  
291	19	64  
291	19	66  
291	19	69  
291	19	72  
291	19	87  
291	20	133  
291	20	62  
291	21	142  
291	21	143  
291	2	136  
291	21	45  
291	23	24  
291	2	39  
291	2	5  
291	25	124  
291	25	26  
291	25	75  
291	26	75  
291	2	92  
291	29	33  
291	29	34  
291	29	57  
291	29	82  
291	29	84  
291	30	113  
291	30	75  
291	3	146  
291	32	87  
291	33	34  
291	33	37  
291	33	84  
291	3	40  
291	34	115  
291	34	144  
291	34	37  
291	3	71  
291	37	115  
291	37	144  
291	37	82  
291	37	84  
291	39	146  
291	39	72  
291	39	92  
291	40	146  
291	40	41  
291	40	71  
291	41	47  
291	41	75  
291	44	139  
291	44	143  
291	45	140  
291	45	142  
291	45	143  
291	46	47  
291	46	50  
291	46	75  
291	47	113  
291	47	67  
291	47	75  
291	50	109  
291	5	136  
291	56	84  
291	5	92  
291	60	137  
291	60	90  
291	6	146  
291	61	75  
291	62	133  
291	62	141  
291	6	45  
291	64	87  
291	65	87  
291	66	87  
291	6	71  
291	6	72  
291	6	75  
291	67	75  
291	6	9  
291	71	146  
291	75	113  
291	75	126  
291	75	128  
291	75	91  
291	8	114  
291	8	45  
291	8	69  
291	86	94  
291	9	112  
291	92	136  
291	93	109  
291	9	45  
291	97	104  
291	97	106  
291	97	108  
291	97	111  
291	97	118  
291	97	122  
292	0	1  
292	0	136  
292	0	19  
292	0	2  
292	0	32  
292	0	5  
292	0	92  
292	10	136  
292	10	139  
292	104	111  
292	106	111  
292	108	111  
292	111	118  
292	111	122  
292	11	20  
292	115	144  
292	11	80  
292	1	2  
292	12	20  
292	13	20  
292	136	139  
292	1	5  
292	17	37  
292	18	39  
292	18	72  
292	1	92  
292	19	20  
292	19	72  
292	19	87  
292	20	110  
292	20	112  
292	20	114  
292	20	116  
292	20	117  
292	20	120  
292	20	121  
292	20	124  
292	20	125  
292	20	126  
292	20	128  
292	20	129  
292	20	130  
292	20	131  
292	20	137  
292	20	139  
292	20	141  
292	20	143  
292	20	25  
292	20	27  
292	20	28  
292	20	31  
292	20	32  
292	20	35  
292	20	39  
292	20	41  
292	20	46  
292	20	49  
292	20	52  
292	20	56  
292	20	60  
292	20	62  
292	20	63  
292	20	64  
292	20	65  
292	20	66  
292	20	67  
292	20	69  
292	20	70  
292	20	73  
292	20	80  
292	20	81  
292	20	85  
292	20	86  
292	20	87  
292	20	89  
292	20	90  
292	20	94  
292	20	95  
292	20	98  
292	21	132  
292	21	142  
292	21	143  
292	2	136  
292	21	45  
292	21	63  
292	2	5  
292	25	123  
292	25	80  
292	26	47  
292	26	80  
292	2	72  
292	2	92  
292	29	42  
292	29	57  
292	30	41  
292	30	75  
292	31	124  
292	3	139  
292	3	18  
292	32	87  
292	33	34  
292	33	37  
292	33	82  
292	33	84  
292	34	37  
292	34	57  
292	34	68  
292	34	82  
292	3	6  
292	3	71  
292	37	42  
292	37	82  
292	39	72  
292	39	80  
292	39	92  
292	40	146  
292	40	41  
292	41	47  
292	41	75  
292	41	83  
292	45	140  
292	45	142  
292	45	143  
292	46	47  
292	47	67  
292	47	75  
292	50	93  
292	5	136  
292	55	119  
292	56	84  
292	57	82  
292	5	92  
292	61	80  
292	62	133  
292	63	73  
292	6	45  
292	64	87  
292	65	87  
292	66	87  
292	6	71  
292	6	72  
292	6	75  
292	67	80  
292	69	87  
292	72	75  
292	75	103  
292	75	80  
292	80	120  
292	80	81  
292	8	20  
292	8	21  
292	82	115  
292	82	144  
292	83	93  
292	87	124  
292	8	9  
292	9	114  
292	9	20  
292	9	21  
292	92	136  
292	9	43  
292	96	139  
292	97	104  
292	97	106  
292	97	108  
292	97	111  
292	97	118  
292	97	122  
293	0	1  
293	0	136  
293	0	39  
293	0	5  
293	0	92  
293	110	134  
293	11	120  
293	112	121  
293	1	136  
293	1	2  
293	131	132  
293	132	141  
293	17	98  
293	18	121  
293	18	71  
293	19	114  
293	1	92  
293	19	32  
293	19	64  
293	19	65  
293	19	66  
293	19	69  
293	19	87  
293	20	56  
293	21	142  
293	21	143  
293	2	136  
293	21	45  
293	2	5  
293	27	134  
293	2	72  
293	2	92  
293	29	34  
293	29	42  
293	29	57  
293	29	68  
293	32	87  
293	33	34  
293	33	84  
293	34	115  
293	34	144  
293	34	36  
293	34	37  
293	34	42  
293	34	57  
293	34	68  
293	34	82  
293	36	42  
293	3	71  
293	37	84  
293	39	92  
293	43	57  
293	45	142  
293	45	143  
293	45	83  
293	56	84  
293	57	68  
293	5	92  
293	60	137  
293	62	132  
293	6	45  
293	64	87  
293	65	87  
293	66	87  
293	6	71  
293	67	146  
293	6	72  
293	6	9  
293	71	146  
293	73	134  
293	8	9  
293	89	134  
293	9	112  
293	9	114  
293	9	132  
293	9	139  
293	9	20  
293	98	139  
294	0	1  
294	0	136  
294	0	2  
294	0	39  
294	0	5  
294	0	92  
294	100	106  
294	100	109  
294	10	96  
294	11	120  
294	112	120  
294	11	23  
294	1	136  
294	11	75  
294	11	80  
294	1	2  
294	12	29  
294	124	138  
294	12	43  
294	126	143  
294	12	63  
294	140	142  
294	142	143  
294	1	5  
294	17	34  
294	17	37  
294	17	42  
294	17	84  
294	18	121  
294	18	39  
294	18	72  
294	19	114  
294	19	32  
294	19	38  
294	19	64  
294	19	65  
294	19	66  
294	19	69  
294	19	72  
294	19	75  
294	19	81  
294	19	87  
294	20	117  
294	20	120  
294	20	39  
294	20	91  
294	21	142  
294	21	143  
294	2	136  
294	21	45  
294	2	5  
294	25	75  
294	25	80  
294	26	75  
294	26	80  
294	29	43  
294	29	57  
294	29	84  
294	30	75  
294	31	124  
294	3	18  
294	32	64  
294	32	87  
294	33	34  
294	33	37  
294	33	84  
294	34	115  
294	34	144  
294	34	36  
294	34	37  
294	34	57  
294	34	82  
294	34	84  
294	36	37  
294	3	71  
294	3	72  
294	37	43  
294	37	84  
294	39	121  
294	3	96  
294	39	71  
294	39	80  
294	39	92  
294	40	146  
294	40	41  
294	40	71  
294	41	75  
294	41	83  
294	43	56  
294	43	84  
294	45	142  
294	45	143  
294	46	75  
294	5	136  
294	5	39  
294	55	119  
294	55	64  
294	56	84  
294	57	68  
294	57	82  
294	5	92  
294	61	75  
294	61	80  
294	63	143  
294	63	73  
294	64	65  
294	64	66  
294	6	47  
294	64	81  
294	64	87  
294	65	87  
294	66	87  
294	6	71  
294	6	75  
294	67	75  
294	67	80  
294	68	82  
294	6	9  
294	69	87  
294	72	101  
294	72	146  
294	75	113  
294	75	126  
294	75	128  
294	75	80  
294	75	91  
294	80	120  
294	80	81  
294	82	115  
294	85	90  
294	86	94  
294	87	124  
294	9	114  
294	9	139  
294	9	142  
294	93	100  
294	94	135  
294	9	44  
294	94	95  
295	100	109  
295	106	109  
295	11	30  
295	12	143  
295	13	63  
295	142	143  
295	19	65  
295	19	87  
295	21	142  
295	25	30  
295	26	30  
295	26	61  
295	26	75  
295	27	132  
295	27	134  
295	29	57  
295	30	103  
295	30	113  
295	30	120  
295	30	124  
295	30	126  
295	30	128  
295	30	129  
295	30	32  
295	30	41  
295	30	46  
295	30	61  
295	30	66  
295	30	67  
295	30	72  
295	30	75  
295	30	83  
295	30	87  
295	30	91  
295	32	87  
295	33	82  
295	34	115  
295	34	37  
295	34	82  
295	3	71  
295	37	82  
295	40	71  
295	41	61  
295	41	75  
295	44	140  
295	45	140  
295	45	142  
295	46	113  
295	46	126  
295	46	75  
295	60	137  
295	6	126  
295	61	75  
295	6	30  
295	6	45  
295	64	66  
295	64	69  
295	64	87  
295	6	55  
295	65	87  
295	66	87  
295	6	71  
295	6	75  
295	6	9  
295	71	146  
295	75	113  
295	75	126  
295	75	128  
295	75	91  
295	8	12  
295	82	115  
295	82	144  
295	86	94  
295	9	114  
295	9	132  
295	93	100  
295	93	106  
295	93	97  
295	9	69  
295	97	104  
295	97	106  
295	97	108  
295	97	111  
295	97	118  
295	97	122  
295	98	140  
296	0	136  
296	0	5  
296	0	92  
296	10	132  
296	10	139  
296	105	106  
296	106	108  
296	106	111  
296	106	118  
296	1	136  
296	1	2  
296	120	124  
296	124	138  
296	136	139  
296	139	140  
296	1	5  
296	17	144  
296	17	145  
296	17	29  
296	17	34  
296	17	36  
296	17	37  
296	17	42  
296	17	57  
296	17	84  
296	17	98  
296	18	121  
296	18	39  
296	19	65  
296	19	87  
296	20	120  
296	21	142  
296	21	143  
296	2	136  
296	21	45  
296	23	24  
296	2	39  
296	24	116  
296	2	5  
296	25	124  
296	25	26  
296	25	28  
296	26	103  
296	26	75  
296	26	91  
296	27	141  
296	2	72  
296	28	116  
296	28	117  
296	28	123  
296	28	125  
296	28	130  
296	28	72  
296	2	92  
296	29	43  
296	29	57  
296	29	68  
296	30	75  
296	31	124  
296	31	127  
296	3	146  
296	3	18  
296	31	87  
296	32	87  
296	3	39  
296	34	115  
296	34	144  
296	34	36  
296	34	37  
296	34	56  
296	34	82  
296	3	6  
296	36	57  
296	3	71  
296	37	115  
296	37	56  
296	37	84  
296	39	146  
296	39	72  
296	40	146  
296	40	41  
296	40	71  
296	41	146  
296	41	46  
296	41	71  
296	41	75  
296	41	91  
296	42	115  
296	43	56  
296	43	84  
296	45	142  
296	45	143  
296	46	126  
296	46	47  
296	46	75  
296	5	136  
296	5	39  
296	56	115  
296	56	143  
296	56	84  
296	57	68  
296	5	92  
296	60	137  
296	61	128  
296	6	146  
296	61	75  
296	61	80  
296	63	98  
296	6	45  
296	64	87  
296	65	130  
296	65	87  
296	66	87  
296	6	71  
296	6	75  
296	69	87  
296	71	146  
296	72	75  
296	73	110  
296	75	112  
296	75	113  
296	75	126  
296	75	128  
296	75	91  
296	80	120  
296	80	124  
296	8	114  
296	82	115  
296	84	115  
296	85	90  
296	86	94  
296	8	98  
296	90	132  
296	90	137  
296	9	114  
296	9	132  
296	9	142  
296	9	21  
296	92	136  
296	9	69  
296	97	104  
296	97	106  
296	97	108  
296	97	111  
296	97	118  
296	97	122  
296	98	139  
297	0	1  
297	0	136  
297	0	39  
297	0	92  
297	112	124  
297	1	136  
297	115	144  
297	115	145  
297	1	2  
297	1	39  
297	1	5  
297	18	121  
297	1	92  
297	19	32  
297	19	54  
297	19	87  
297	21	142  
297	21	143  
297	21	45  
297	21	63  
297	2	39  
297	26	91  
297	2	72  
297	28	63  
297	2	92  
297	3	146  
297	32	87  
297	33	115  
297	33	144  
297	33	34  
297	33	45  
297	33	82  
297	34	115  
297	34	144  
297	34	42  
297	34	45  
297	34	68  
297	34	82  
297	34	84  
297	3	6  
297	36	82  
297	3	71  
297	37	115  
297	37	45  
297	37	82  
297	39	120  
297	39	72  
297	39	92  
297	40	146  
297	40	71  
297	41	67  
297	42	45  
297	43	56  
297	43	84  
297	44	98  
297	45	142  
297	45	143  
297	55	81  
297	56	115  
297	56	84  
297	5	92  
297	60	137  
297	63	143  
297	63	98  
297	6	45  
297	64	69  
297	64	87  
297	65	87  
297	66	87  
297	6	71  
297	67	91  
297	68	82  
297	6	9  
297	71	146  
297	75	91  
297	8	143  
297	82	115  
297	82	144  
297	84	115  
297	87	141  
297	90	141  
297	92	136  
297	96	132  
297	97	104  
297	97	106  
297	97	108  
297	97	111  
297	97	118  
297	97	122  
297	98	143  
298	0	1  
298	0	136  
298	0	2  
298	0	5  
298	0	92  
298	100	109  
298	10	139  
298	10	96  
298	11	120  
298	11	23  
298	1	136  
298	114	139  
298	115	144  
298	11	55  
298	116	120  
298	116	123  
298	116	130  
298	1	2  
298	12	13  
298	12	17  
298	124	138  
298	12	43  
298	12	56  
298	13	114  
298	13	139  
298	13	143  
298	132	137  
298	13	54  
298	136	139  
298	13	62  
298	13	63  
298	139	140  
298	13	98  
298	1	5  
298	17	140  
298	17	145  
298	17	43  
298	17	98  
298	18	121  
298	18	39  
298	19	120  
298	19	130  
298	1	92  
298	19	32  
298	19	64  
298	19	65  
298	19	66  
298	19	69  
298	19	87  
298	20	143  
298	20	56  
298	21	142  
298	21	143  
298	2	136  
298	21	45  
298	23	24  
298	23	49  
298	23	55  
298	2	5  
298	25	124  
298	26	146  
298	26	75  
298	28	130  
298	2	92  
298	29	42  
298	29	57  
298	30	75  
298	3	146  
298	3	18  
298	31	87  
298	32	87  
298	33	37  
298	34	115  
298	34	144  
298	34	36  
298	34	37  
298	34	42  
298	34	82  
298	34	84  
298	36	37  
298	36	84  
298	3	71  
298	37	115  
298	37	84  
298	39	92  
298	40	41  
298	41	67  
298	41	75  
298	42	115  
298	43	84  
298	44	136  
298	44	140  
298	45	140  
298	45	142  
298	45	143  
298	46	126  
298	46	75  
298	50	103  
298	51	114  
298	5	136  
298	52	141  
298	52	90  
298	5	39  
298	56	84  
298	5	92  
298	60	137  
298	61	75  
298	63	143  
298	6	45  
298	64	87  
298	65	72  
298	65	87  
298	66	87  
298	6	71  
298	6	75  
298	69	133  
298	69	87  
298	71	142  
298	71	146  
298	72	75  
298	75	103  
298	75	113  
298	75	120  
298	75	126  
298	75	128  
298	75	80  
298	75	83  
298	75	91  
298	8	13  
298	8	143  
298	83	103  
298	87	124  
298	8	9  
298	90	137  
298	90	141  
298	9	114  
298	9	13  
298	92	136  
298	93	109  
298	9	54  
298	97	104  
298	97	106  
298	97	108  
298	97	111  
298	97	118  
298	97	122  
298	98	140  
298	98	143  
299	0	1  
299	0	136  
299	0	2  
299	0	5  
299	0	92  
299	100	105  
299	100	107  
299	100	109  
299	10	140  
299	10	141  
299	104	111  
299	105	107  
299	106	107  
299	106	111  
299	108	111  
299	111	118  
299	111	122  
299	11	120  
299	11	126  
299	11	130  
299	112	141  
299	1	136  
299	115	145  
299	116	120  
299	116	126  
299	1	2  
299	12	17  
299	12	37  
299	124	138  
299	12	43  
299	12	98  
299	13	143  
299	132	141  
299	132	142  
299	133	142  
299	136	139  
299	136	140  
299	139	140  
299	140	142  
299	142	143  
299	1	5  
299	17	140  
299	17	37  
299	17	42  
299	17	43  
299	17	98  
299	18	121  
299	18	39  
299	19	120  
299	1	92  
299	19	64  
299	19	87  
299	20	112  
299	20	141  
299	20	31  
299	20	62  
299	21	142  
299	21	143  
299	2	136  
299	21	45  
299	23	38  
299	23	48  
299	2	39  
299	2	5  
299	25	125  
299	26	128  
299	26	75  
299	26	80  
299	27	110  
299	27	132  
299	2	72  
299	27	73  
299	27	89  
299	28	116  
299	29	143  
299	29	33  
299	29	43  
299	29	56  
299	29	57  
299	29	84  
299	30	75  
299	31	38  
299	31	48  
299	3	18  
299	31	87  
299	32	64  
299	32	87  
299	33	115  
299	33	34  
299	33	37  
299	33	82  
299	33	84  
299	34	115  
299	34	144  
299	34	36  
299	34	37  
299	34	68  
299	34	82  
299	34	84  
299	36	37  
299	36	63  
299	36	68  
299	36	82  
299	36	84  
299	37	115  
299	37	144  
299	37	43  
299	37	82  
299	37	84  
299	37	98  
299	39	72  
299	40	146  
299	41	128  
299	41	146  
299	41	71  
299	41	75  
299	43	98  
299	45	142  
299	45	143  
299	46	47  
299	46	75  
299	47	51  
299	47	78  
299	47	89  
299	55	81  
299	56	115  
299	56	84  
299	5	92  
299	60	137  
299	61	128  
299	61	75  
299	6	18  
299	62	114  
299	62	143  
299	63	114  
299	63	143  
299	6	45  
299	6	46  
299	64	65  
299	64	69  
299	6	47  
299	64	81  
299	64	87  
299	6	55  
299	65	87  
299	66	87  
299	6	71  
299	67	128  
299	6	72  
299	6	75  
299	67	71  
299	68	115  
299	6	9  
299	69	136  
299	69	87  
299	71	146  
299	71	75  
299	75	113  
299	75	120  
299	75	126  
299	75	128  
299	75	91  
299	78	93  
299	78	97  
299	80	124  
299	8	114  
299	8	130  
299	8	143  
299	82	115  
299	82	144  
299	82	84  
299	87	124  
299	8	9  
299	90	132  
299	9	114  
299	9	130  
299	9	143  
299	9	19  
299	9	20  
299	93	100  
299	93	109  
299	9	39  
299	9	44  
299	9	62  
299	9	69  
299	97	104  
299	97	106  
299	97	107  
299	97	108  
299	97	111  
299	97	118  
299	97	122  
299	98	140  
