200	0	1  
200	0	2  
200	0	69  
200	0	9  
200	100	106  
200	100	109  
200	13	21  
200	17	57  
200	19	65  
200	21	45  
200	22	45  
200	2	5  
200	25	26  
200	2	92  
200	30	75  
200	36	82  
200	3	71  
200	37	82  
200	45	83  
200	8	19  
200	9	20  
200	93	100  
201	0	1  
201	0	2  
201	0	4  
201	0	5  
201	0	92  
201	100	105  
201	101	106  
201	103	106  
201	106	109  
201	11	64  
201	12	29  
201	16	18  
201	19	32  
201	19	64  
201	21	45  
201	2	5  
201	25	26  
201	2	92  
201	29	37  
201	29	45  
201	36	82  
201	39	92  
201	45	83  
201	46	64  
201	4	92  
201	50	106  
201	58	64  
201	5	92  
201	64	112  
201	64	80  
201	7	17  
201	7	36  
201	7	37  
201	77	78  
201	7	82  
201	83	106  
201	93	106  
202	0	2  
202	0	69  
202	0	9  
202	0	92  
202	10	96  
202	16	39  
202	16	72  
202	18	39  
202	21	29  
202	21	45  
202	22	45  
202	23	24  
202	23	48  
202	2	4  
202	2	5  
202	25	26  
202	26	41  
202	26	61  
202	29	45  
202	38	99  
202	61	75  
202	7	26  
202	9	69  
203	0	1  
203	11	19  
203	15	16  
203	16	18  
203	16	39  
203	16	61  
203	16	72  
203	17	29  
203	17	37  
203	17	82  
203	18	39  
203	19	32  
203	19	65  
203	19	69  
203	21	45  
203	22	45  
203	22	97  
203	23	48  
203	2	4  
203	2	5  
203	25	26  
203	26	61  
203	26	75  
203	2	92  
203	33	36  
203	36	82  
203	45	83  
203	46	75  
203	6	77  
203	7	17  
203	7	29  
203	7	37  
203	7	82  
203	9	20  
204	104	106  
204	104	108  
204	10	96  
204	15	16  
204	16	18  
204	21	45  
204	2	39  
204	2	5  
204	45	83  
204	9	20  
205	0	1  
205	100	105  
205	104	108  
205	15	16  
205	16	28  
205	17	36  
205	17	37  
205	17	56  
205	19	54  
205	21	22  
205	21	45  
205	22	29  
205	22	45  
205	22	62  
205	22	83  
205	22	98  
205	2	39  
205	26	41  
205	26	61  
205	26	75  
205	30	77  
205	32	87  
205	38	99  
205	45	83  
205	6	75  
205	7	17  
205	7	26  
205	7	79  
205	79	87  
205	8	22  
205	85	94  
205	86	94  
205	94	95  
206	0	1  
206	0	2  
206	0	9  
206	0	92  
206	100	107  
206	104	106  
206	107	109  
206	16	61  
206	16	72  
206	17	29  
206	17	37  
206	17	42  
206	17	43  
206	17	56  
206	19	66  
206	21	45  
206	2	5  
206	25	26  
206	26	75  
206	29	45  
206	33	82  
206	36	82  
206	37	82  
206	45	83  
206	7	17  
206	7	82  
207	0	1  
207	0	2  
207	0	4  
207	0	5  
207	0	92  
207	11	19  
207	11	28  
207	11	58  
207	11	64  
207	11	75  
207	11	81  
207	15	16  
207	16	18  
207	16	72  
207	17	36  
207	17	37  
207	17	71  
207	19	58  
207	19	65  
207	20	54  
207	21	45  
207	22	100  
207	2	5  
207	26	75  
207	2	92  
207	29	45  
207	30	75  
207	31	87  
207	36	82  
207	37	82  
207	45	83  
207	6	16  
207	61	75  
207	7	17  
207	71	75  
207	7	45  
207	75	77  
207	7	79  
207	79	87  
207	8	19  
207	8	62  
207	9	20  
207	9	52  
207	9	69  
208	0	1  
208	0	2  
208	0	39  
208	0	4  
208	0	5  
208	0	92  
208	100	106  
208	17	29  
208	17	36  
208	17	37  
208	17	43  
208	17	56  
208	19	32  
208	19	69  
208	21	45  
208	21	88  
208	22	100  
208	22	45  
208	22	88  
208	2	4  
208	2	5  
208	25	26  
208	25	30  
208	26	30  
208	26	41  
208	26	67  
208	2	92  
208	30	113  
208	30	31  
208	30	32  
208	30	41  
208	30	46  
208	30	61  
208	30	67  
208	30	74  
208	30	75  
208	30	77  
208	30	79  
208	30	87  
208	30	91  
208	33	82  
208	36	82  
208	37	82  
208	45	83  
208	45	88  
208	46	88  
208	4	92  
208	5	92  
208	61	113  
208	62	88  
208	64	87  
208	7	17  
208	7	30  
208	7	45  
208	75	88  
208	7	87  
208	8	19  
208	83	88  
208	9	20  
209	0	15  
209	0	3  
209	100	103  
209	100	105  
209	100	109  
209	16	18  
209	17	36  
209	17	37  
209	21	22  
209	21	45  
209	22	45  
209	22	46  
209	22	62  
209	22	75  
209	22	83  
209	22	88  
209	2	39  
209	2	4  
209	2	5  
209	30	75  
209	36	82  
209	3	71  
209	4	5  
209	45	83  
209	46	75  
209	62	98  
209	67	75  
209	7	17  
209	75	77  
209	7	75  
209	8	19  
209	93	100  
200	0	1  
200	0	2  
200	0	69  
200	0	9  
200	100	106  
200	100	109  
200	13	21  
200	17	57  
200	19	65  
200	21	45  
200	22	45  
200	2	5  
200	25	26  
200	2	92  
200	30	75  
200	36	82  
200	3	71  
200	37	82  
200	45	83  
200	8	19  
200	9	20  
200	93	100  
201	0	1  
201	0	2  
201	0	4  
201	0	5  
201	0	92  
201	100	105  
201	101	106  
201	103	106  
201	106	109  
201	11	64  
201	12	29  
201	16	18  
201	19	32  
201	19	64  
201	21	45  
201	2	5  
201	25	26  
201	2	92  
201	29	37  
201	29	45  
201	36	82  
201	39	92  
201	45	83  
201	46	64  
201	4	92  
201	50	106  
201	58	64  
201	5	92  
201	64	112  
201	64	80  
201	7	17  
201	7	36  
201	7	37  
201	77	78  
201	7	82  
201	83	106  
201	93	106  
202	0	2  
202	0	69  
202	0	9  
202	0	92  
202	10	96  
202	16	39  
202	16	72  
202	18	39  
202	21	29  
202	21	45  
202	22	45  
202	23	24  
202	23	48  
202	2	4  
202	2	5  
202	25	26  
202	26	41  
202	26	61  
202	29	45  
202	38	99  
202	61	75  
202	7	26  
202	9	69  
203	0	1  
203	11	19  
203	15	16  
203	16	18  
203	16	39  
203	16	61  
203	16	72  
203	17	29  
203	17	37  
203	17	82  
203	18	39  
203	19	32  
203	19	65  
203	19	69  
203	21	45  
203	22	45  
203	22	97  
203	23	48  
203	2	4  
203	2	5  
203	25	26  
203	26	61  
203	26	75  
203	2	92  
203	33	36  
203	36	82  
203	45	83  
203	46	75  
203	6	77  
203	7	17  
203	7	29  
203	7	37  
203	7	82  
203	9	20  
204	104	106  
204	104	108  
204	10	96  
204	15	16  
204	16	18  
204	21	45  
204	2	39  
204	2	5  
204	45	83  
204	9	20  
205	0	1  
205	100	105  
205	104	108  
205	15	16  
205	16	28  
205	17	36  
205	17	37  
205	17	56  
205	19	54  
205	21	22  
205	21	45  
205	22	29  
205	22	45  
205	22	62  
205	22	83  
205	22	98  
205	2	39  
205	26	41  
205	26	61  
205	26	75  
205	30	77  
205	32	87  
205	38	99  
205	45	83  
205	6	75  
205	7	17  
205	7	26  
205	7	79  
205	79	87  
205	8	22  
205	85	94  
205	86	94  
205	94	95  
206	0	1  
206	0	2  
206	0	9  
206	0	92  
206	100	107  
206	104	106  
206	107	109  
206	16	61  
206	16	72  
206	17	29  
206	17	37  
206	17	42  
206	17	43  
206	17	56  
206	19	66  
206	21	45  
206	2	5  
206	25	26  
206	26	75  
206	29	45  
206	33	82  
206	36	82  
206	37	82  
206	45	83  
206	7	17  
206	7	82  
207	0	1  
207	0	2  
207	0	4  
207	0	5  
207	0	92  
207	11	19  
207	11	28  
207	11	58  
207	11	64  
207	11	75  
207	11	81  
207	15	16  
207	16	18  
207	16	72  
207	17	36  
207	17	37  
207	17	71  
207	19	58  
207	19	65  
207	20	54  
207	21	45  
207	22	100  
207	2	5  
207	26	75  
207	2	92  
207	29	45  
207	30	75  
207	31	87  
207	36	82  
207	37	82  
207	45	83  
207	6	16  
207	61	75  
207	7	17  
207	71	75  
207	7	45  
207	75	77  
207	7	79  
207	79	87  
207	8	19  
207	8	62  
207	9	20  
207	9	52  
207	9	69  
208	0	1  
208	0	2  
208	0	39  
208	0	4  
208	0	5  
208	0	92  
208	100	106  
208	17	29  
208	17	36  
208	17	37  
208	17	43  
208	17	56  
208	19	32  
208	19	69  
208	21	45  
208	21	88  
208	22	100  
208	22	45  
208	22	88  
208	2	4  
208	2	5  
208	25	26  
208	25	30  
208	26	30  
208	26	41  
208	26	67  
208	2	92  
208	30	113  
208	30	31  
208	30	32  
208	30	41  
208	30	46  
208	30	61  
208	30	67  
208	30	74  
208	30	75  
208	30	77  
208	30	79  
208	30	87  
208	30	91  
208	33	82  
208	36	82  
208	37	82  
208	45	83  
208	45	88  
208	46	88  
208	4	92  
208	5	92  
208	61	113  
208	62	88  
208	64	87  
208	7	17  
208	7	30  
208	7	45  
208	75	88  
208	7	87  
208	8	19  
208	83	88  
208	9	20  
209	0	15  
209	0	3  
209	100	103  
209	100	105  
209	100	109  
209	16	18  
209	17	36  
209	17	37  
209	21	22  
209	21	45  
209	22	45  
209	22	46  
209	22	62  
209	22	75  
209	22	83  
209	22	88  
209	2	39  
209	2	4  
209	2	5  
209	30	75  
209	36	82  
209	3	71  
209	4	5  
209	45	83  
209	46	75  
209	62	98  
209	67	75  
209	7	17  
209	75	77  
209	7	75  
209	8	19  
209	93	100  
