340	23	125  
340	23	96  
340	2	5  
340	2	92  
340	29	42  
340	29	57  
340	33	37  
340	33	84  
340	36	145  
340	37	84  
340	55	120  
340	59	125  
340	5	92  
341	12	36  
341	12	37  
341	12	73  
341	131	132  
341	23	125  
341	23	96  
341	2	5  
341	27	132  
341	2	92  
341	29	57  
341	33	115  
341	33	144  
341	33	34  
341	33	36  
341	33	37  
341	33	56  
341	33	82  
341	33	84  
341	34	115  
341	34	144  
341	34	145  
341	34	36  
341	34	37  
341	34	57  
341	34	82  
341	36	115  
341	36	144  
341	36	37  
341	36	68  
341	36	82  
341	37	115  
341	37	144  
341	37	145  
341	37	42  
341	37	82  
341	43	82  
341	57	115  
341	57	68  
341	5	92  
341	69	132  
341	82	115  
341	82	144  
341	89	132  
341	90	132  
342	115	144  
342	115	145  
342	23	125  
342	23	96  
342	2	5  
342	29	33  
342	29	57  
342	29	68  
342	33	115  
342	33	34  
342	33	68  
342	34	115  
342	34	144  
342	34	82  
342	36	115  
342	37	115  
342	57	68  
342	82	115  
343	23	125  
343	23	24  
343	23	96  
343	2	5  
343	2	92  
343	29	56  
343	29	57  
343	33	34  
343	33	37  
343	33	68  
343	33	84  
343	34	115  
343	34	144  
343	34	36  
343	34	37  
343	34	68  
343	34	82  
343	36	145  
343	36	37  
343	57	68  
343	68	115  
343	68	144  
343	68	82  
343	82	115  
343	82	145  
343	96	125  
344	17	29  
344	23	125  
344	23	24  
344	23	96  
344	2	5  
344	2	92  
344	29	57  
344	2	96  
344	33	34  
344	33	36  
344	33	82  
344	34	115  
344	34	144  
344	34	36  
344	34	37  
344	34	82  
344	34	84  
344	36	115  
344	36	144  
344	36	145  
344	36	37  
344	36	82  
344	37	82  
344	42	145  
344	75	83  
344	82	115  
344	82	144  
344	82	145  
345	23	125  
345	23	24  
345	23	96  
345	2	5  
345	2	92  
345	33	145  
345	33	34  
345	33	37  
345	34	115  
345	34	145  
345	34	37  
345	34	82  
345	42	145  
345	42	82  
345	57	82  
345	5	92  
345	68	145  
345	82	115  
345	82	144  
345	82	145  
345	96	125  
346	115	144  
346	23	125  
346	23	24  
346	23	56  
346	23	96  
346	2	5  
346	2	92  
346	29	42  
346	29	57  
346	33	82  
346	34	57  
346	34	82  
346	36	37  
346	37	57  
346	37	82  
346	68	82  
346	82	115  
346	82	144  
347	2	5  
347	29	68  
347	33	34  
347	34	115  
347	34	144  
347	34	37  
347	34	68  
347	34	82  
347	37	68  
347	68	115  
347	68	144  
347	68	82  
348	12	115  
348	12	144  
348	12	29  
348	12	33  
348	12	36  
348	12	57  
348	12	82  
348	23	125  
348	23	96  
348	2	92  
348	29	33  
348	29	34  
348	29	36  
348	29	42  
348	2	96  
348	33	115  
348	33	144  
348	33	37  
348	33	42  
348	33	57  
348	33	82  
348	34	115  
348	34	144  
348	34	37  
348	34	42  
348	34	57  
348	34	68  
348	34	82  
348	36	37  
348	36	42  
348	37	42  
348	37	82  
348	42	145  
348	42	68  
348	57	68  
348	5	92  
348	68	144  
348	68	82  
348	82	115  
348	82	144  
349	23	125  
349	23	96  
349	2	92  
349	29	33  
349	29	34  
349	29	36  
349	29	68  
349	29	82  
349	33	36  
349	34	115  
349	34	82  
349	36	145  
349	42	145  
349	68	115  
349	68	144  
349	68	82  
349	82	145  
