60	1	2  
60	2	4  
61	0	20  
61	0	9  
61	2	4  
61	2	5  
62	0	2  
62	1	2  
62	2	4  
62	2	5  
64	0	1  
64	0	2  
64	0	4  
64	0	5  
65	0	1  
65	1	2  
65	2	4  
66	1	2  
66	2	18  
66	2	4  
67	10	22  
67	1	2  
67	21	22  
68	0	2  
68	0	5  
60	1	2  
60	2	4  
61	0	20  
61	0	9  
61	2	4  
61	2	5  
62	0	2  
62	1	2  
62	2	4  
62	2	5  
64	0	1  
64	0	2  
64	0	4  
64	0	5  
65	0	1  
65	1	2  
65	2	4  
66	1	2  
66	2	18  
66	2	4  
67	10	22  
67	1	2  
67	21	22  
68	0	2  
68	0	5  
60	1	2  
60	2	4  
61	0	20  
61	0	9  
61	2	4  
61	2	5  
62	0	2  
62	1	2  
62	2	4  
62	2	5  
64	0	1  
64	0	2  
64	0	4  
64	0	5  
65	0	1  
65	1	2  
65	2	4  
66	1	2  
66	2	18  
66	2	4  
67	10	22  
67	1	2  
67	21	22  
68	0	2  
68	0	5  
