320	10	92  
320	10	96  
320	12	56  
320	12	57  
320	17	145  
320	17	34  
320	17	56  
320	17	57  
320	1	9  
320	21	63  
320	26	75  
320	2	92  
320	29	43  
320	29	56  
320	29	57  
320	31	124  
320	31	87  
320	33	82  
320	3	39  
320	34	144  
320	34	145  
320	34	37  
320	34	56  
320	34	82  
320	3	72  
320	37	43  
320	37	56  
320	37	82  
320	40	71  
320	41	75  
320	43	56  
320	43	57  
320	46	75  
320	47	75  
320	51	75  
320	56	145  
320	56	57  
320	56	84  
320	57	68  
320	59	112  
320	5	92  
320	61	75  
320	6	71  
320	6	75  
320	67	75  
320	6	9  
320	72	75  
320	75	113  
320	75	126  
320	75	128  
320	75	91  
320	82	115  
320	82	144  
320	82	145  
320	87	124  
320	8	9  
320	9	10  
320	9	11  
320	9	116  
320	9	120  
320	9	126  
320	9	132  
320	9	136  
320	9	142  
320	9	19  
320	9	20  
320	92	109  
320	92	132  
320	92	93  
320	92	96  
320	9	44  
320	9	51  
320	9	54  
320	96	140  
320	9	62  
320	9	75  
321	10	132  
321	12	13  
321	124	138  
321	12	56  
321	131	132  
321	13	139  
321	13	147  
321	132	141  
321	13	54  
321	13	62  
321	13	63  
321	13	98  
321	27	132  
321	33	57  
321	34	57  
321	37	43  
321	43	56  
321	44	139  
321	52	132  
321	57	115  
321	57	144  
321	57	68  
321	57	82  
321	6	9  
321	8	13  
321	89	132  
321	90	132  
321	9	11  
321	9	116  
321	9	120  
321	9	126  
321	9	132  
321	9	139  
321	9	141  
321	9	142  
321	9	19  
321	9	20  
321	92	132  
321	9	44  
321	9	51  
321	9	62  
321	9	69  
321	97	104  
321	97	106  
321	97	108  
321	97	111  
321	97	118  
321	97	148  
321	97	149  
321	9	75  
321	98	133  
322	0	2  
322	100	109  
322	10	142  
322	108	111  
322	10	92  
322	11	55  
322	116	125  
322	11	75  
322	12	34  
322	124	138  
322	12	63  
322	13	62  
322	19	87  
322	2	5  
322	25	116  
322	25	123  
322	25	125  
322	27	131  
322	27	142  
322	2	92  
322	29	57  
322	31	124  
322	31	75  
322	31	87  
322	34	115  
322	34	144  
322	34	145  
322	34	37  
322	34	43  
322	34	56  
322	34	57  
322	34	82  
322	34	84  
322	3	72  
322	45	142  
322	47	94  
322	57	68  
322	5	92  
322	6	11  
322	6	116  
322	6	120  
322	6	19  
322	62	69  
322	6	75  
322	6	9  
322	8	20  
322	87	124  
322	9	10  
322	9	11  
322	9	116  
322	9	120  
322	9	126  
322	9	132  
322	9	136  
322	9	139  
322	9	142  
322	9	19  
322	9	20  
322	92	109  
322	92	132  
322	92	93  
322	92	96  
322	93	109  
322	9	51  
322	9	62  
322	9	69  
322	97	104  
322	97	106  
322	97	108  
322	97	111  
322	97	118  
322	97	148  
322	97	149  
322	9	75  
323	10	142  
323	10	92  
323	11	55  
323	12	13  
323	124	138  
323	13	139  
323	13	147  
323	13	54  
323	13	62  
323	13	63  
323	13	98  
323	25	117  
323	25	123  
323	2	92  
323	31	124  
323	31	138  
323	31	87  
323	33	82  
323	34	115  
323	34	144  
323	34	37  
323	34	82  
323	37	82  
323	45	142  
323	5	92  
323	6	9  
323	8	13  
323	8	132  
323	82	115  
323	82	144  
323	87	124  
323	9	132  
323	9	136  
323	9	142  
323	9	20  
323	92	109  
323	92	132  
323	92	93  
323	92	96  
323	9	44  
323	9	62  
324	10	132  
324	10	141  
324	109	141  
324	10	92  
324	10	94  
324	116	117  
324	116	123  
324	12	13  
324	124	138  
324	131	132  
324	13	139  
324	13	147  
324	13	20  
324	132	142  
324	13	54  
324	136	139  
324	13	62  
324	13	63  
324	13	98  
324	1	5  
324	1	92  
324	21	142  
324	21	147  
324	21	45  
324	25	116  
324	25	26  
324	2	92  
324	29	57  
324	2	96  
324	31	124  
324	31	138  
324	31	75  
324	31	87  
324	32	87  
324	3	38  
324	34	115  
324	34	144  
324	34	145  
324	34	36  
324	34	37  
324	34	43  
324	34	56  
324	34	82  
324	36	42  
324	37	45  
324	3	92  
324	45	142  
324	45	82  
324	46	47  
324	47	55  
324	47	89  
324	52	141  
324	5	92  
324	6	47  
324	6	9  
324	8	13  
324	82	145  
324	8	9  
324	9	11  
324	9	116  
324	9	120  
324	9	126  
324	9	132  
324	9	136  
324	9	139  
324	9	141  
324	9	142  
324	9	147  
324	9	19  
324	9	20  
324	9	21  
324	92	109  
324	92	132  
324	92	136  
324	92	141  
324	92	93  
324	92	96  
324	93	109  
324	94	132  
324	9	51  
324	9	52  
324	9	62  
324	9	75  
325	107	108  
325	10	92  
325	11	116  
325	11	23  
325	115	145  
325	11	55  
325	116	117  
325	120	138  
325	12	13  
325	124	138  
325	13	139  
325	13	147  
325	13	20  
325	13	54  
325	13	62  
325	13	63  
325	13	98  
325	20	141  
325	20	147  
325	21	147  
325	25	116  
325	25	117  
325	25	123  
325	27	131  
325	2	92  
325	29	42  
325	29	57  
325	31	124  
325	31	138  
325	31	87  
325	32	87  
325	33	144  
325	33	34  
325	33	82  
325	34	115  
325	34	144  
325	34	145  
325	34	37  
325	34	42  
325	34	57  
325	34	82  
325	34	84  
325	37	82  
325	3	92  
325	42	145  
325	42	68  
325	42	84  
325	47	51  
325	47	78  
325	54	139  
325	57	115  
325	57	144  
325	57	68  
325	57	82  
325	5	92  
325	5	96  
325	60	137  
325	60	90  
325	70	85  
325	75	124  
325	79	147  
325	8	13  
325	8	139  
325	82	115  
325	82	144  
325	84	145  
325	87	124  
325	87	138  
325	9	10  
325	9	11  
325	9	120  
325	9	132  
325	9	136  
325	9	139  
325	9	142  
325	9	20  
325	92	109  
325	92	132  
325	92	136  
325	92	141  
325	92	93  
325	92	96  
325	9	76  
325	98	139  
326	0	19  
326	0	2  
326	0	32  
326	10	92  
326	112	129  
326	11	38  
326	115	144  
326	118	149  
326	1	2  
326	121	130  
326	124	138  
326	17	29  
326	2	5  
326	2	92  
326	29	42  
326	29	57  
326	2	96  
326	31	124  
326	31	138  
326	31	87  
326	33	115  
326	33	36  
326	34	115  
326	34	144  
326	34	145  
326	34	36  
326	34	37  
326	34	42  
326	34	57  
326	34	68  
326	34	82  
326	36	37  
326	36	42  
326	36	57  
326	36	68  
326	37	115  
326	37	57  
326	3	92  
326	57	115  
326	57	144  
326	57	68  
326	57	82  
326	5	92  
326	60	137  
326	75	120  
326	75	124  
326	82	115  
326	9	132  
326	9	142  
326	9	19  
326	92	109  
326	92	132  
326	92	136  
326	92	93  
326	92	96  
326	93	109  
326	93	142  
327	101	107  
327	10	92  
327	115	145  
327	120	132  
327	12	13  
327	124	126  
327	124	138  
327	131	132  
327	13	139  
327	13	147  
327	13	20  
327	132	141  
327	13	54  
327	13	62  
327	13	63  
327	139	142  
327	13	98  
327	19	32  
327	19	64  
327	21	142  
327	23	24  
327	25	26  
327	27	132  
327	29	136  
327	2	92  
327	29	42  
327	29	57  
327	2	96  
327	31	124  
327	31	141  
327	31	75  
327	31	79  
327	32	64  
327	32	65  
327	33	34  
327	33	37  
327	33	43  
327	33	82  
327	33	84  
327	34	115  
327	34	144  
327	34	145  
327	34	36  
327	34	37  
327	34	42  
327	34	57  
327	34	68  
327	34	82  
327	36	42  
327	37	42  
327	37	82  
327	3	92  
327	42	145  
327	42	68  
327	42	82  
327	45	99  
327	47	78  
327	52	133  
327	54	63  
327	5	92  
327	60	90  
327	62	147  
327	64	65  
327	68	145  
327	70	131  
327	70	132  
327	75	120  
327	75	124  
327	8	13  
327	8	132  
327	8	142  
327	82	115  
327	82	144  
327	82	145  
327	85	132  
327	8	54  
327	8	9  
327	89	132  
327	90	132  
327	90	137  
327	9	120  
327	9	132  
327	9	133  
327	9	142  
327	92	109  
327	92	132  
327	92	136  
327	92	93  
327	92	96  
327	93	109  
327	94	131  
327	94	141  
327	9	62  
327	9	90  
327	99	142  
328	120	132  
328	131	132  
328	27	132  
328	42	145  
328	42	82  
328	50	103  
328	52	132  
328	8	120  
328	8	132  
328	8	9  
328	89	132  
328	90	132  
328	9	120  
328	9	132  
328	9	136  
328	9	142  
329	10	92  
329	111	149  
329	11	130  
329	11	24  
329	11	38  
329	115	145  
329	11	55  
329	11	75  
329	12	13  
329	124	138  
329	13	139  
329	13	147  
329	13	20  
329	13	54  
329	13	62  
329	13	63  
329	13	98  
329	1	96  
329	2	5  
329	26	75  
329	2	92  
329	29	68  
329	31	138  
329	33	34  
329	33	37  
329	33	82  
329	34	115  
329	34	144  
329	34	145  
329	34	37  
329	34	42  
329	34	68  
329	34	82  
329	34	84  
329	37	145  
329	37	68  
329	37	82  
329	3	92  
329	41	75  
329	42	145  
329	42	84  
329	46	120  
329	46	75  
329	47	51  
329	47	78  
329	51	78  
329	5	92  
329	5	96  
329	6	75  
329	67	75  
329	68	82  
329	6	9  
329	69	147  
329	70	131  
329	75	120  
329	75	126  
329	75	128  
329	75	91  
329	8	13  
329	8	131  
329	82	115  
329	82	144  
329	8	51  
329	8	9  
329	9	120  
329	9	132  
329	9	133  
329	9	136  
329	92	109  
329	92	132  
329	92	136  
329	92	93  
329	92	96  
329	93	109  
329	97	100  
