100	0	10  
100	0	15  
100	0	4  
100	0	60  
100	0	9  
100	11	23  
100	1	4  
100	17	36  
100	17	37  
100	23	24  
100	23	59  
100	2	4  
100	2	5  
100	4	5  
100	7	17  
100	7	29  
100	7	33  
100	7	36  
100	7	37  
101	0	1  
101	0	10  
101	0	15  
101	0	2  
101	0	4  
101	0	5  
101	0	61  
101	11	23  
101	1	2  
101	23	48  
101	2	4  
101	2	5  
101	25	26  
101	4	10  
101	7	33  
101	7	36  
102	0	1  
102	0	10  
102	0	15  
102	0	2  
102	0	4  
102	0	5  
102	11	23  
102	11	24  
102	1	2  
102	20	54  
102	20	62  
102	23	48  
102	2	4  
102	2	5  
102	25	26  
102	7	17  
102	8	20  
103	0	1  
103	0	10  
103	0	15  
103	0	4  
103	0	9  
103	11	23  
103	1	2  
103	17	36  
103	17	37  
103	19	58  
103	23	35  
103	23	59  
103	7	17  
104	0	10  
104	0	15  
104	0	2  
104	1	2  
104	23	48  
104	2	4  
104	2	5  
104	25	26  
105	0	1  
105	0	10  
105	0	15  
105	0	2  
105	0	27  
105	0	4  
105	0	5  
105	0	50  
105	0	51  
105	11	23  
105	1	2  
105	17	36  
105	23	35  
105	2	4  
105	2	5  
105	25	26  
105	3	7  
105	7	17  
105	7	33  
105	7	36  
105	7	37  
105	8	9  
105	9	14  
105	9	62  
105	9	63  
106	17	29  
106	23	35  
106	25	26  
106	3	7  
106	7	17  
107	0	1  
107	0	10  
107	0	15  
107	0	2  
107	0	4  
107	1	2  
107	1	4  
107	17	36  
107	17	37  
107	19	64  
107	19	65  
107	23	24  
107	23	35  
107	23	59  
107	2	4  
107	2	5  
107	3	7  
107	7	17  
107	7	30  
107	7	33  
107	7	37  
108	0	1  
108	0	10  
108	0	15  
108	11	23  
108	1	2  
108	1	4  
108	1	5  
108	23	35  
108	23	38  
108	25	26  
108	7	25  
108	7	26  
108	7	30  
109	0	1  
109	0	10  
109	0	15  
109	0	2  
109	0	4  
109	0	5  
109	11	23  
109	1	4  
109	14	54  
109	1	5  
109	17	36  
109	23	24  
109	23	35  
109	2	4  
109	2	5  
109	25	26  
109	3	28  
109	4	5  
109	5	18  
109	7	17  
109	7	37  
109	7	45  
100	0	10  
100	0	15  
100	0	4  
100	0	60  
100	0	9  
100	11	23  
100	1	4  
100	17	36  
100	17	37  
100	23	24  
100	23	59  
100	2	4  
100	2	5  
100	4	5  
100	7	17  
100	7	29  
100	7	33  
100	7	36  
100	7	37  
101	0	1  
101	0	10  
101	0	15  
101	0	2  
101	0	4  
101	0	5  
101	0	61  
101	11	23  
101	1	2  
101	23	48  
101	2	4  
101	2	5  
101	25	26  
101	4	10  
101	7	33  
101	7	36  
102	0	1  
102	0	10  
102	0	15  
102	0	2  
102	0	4  
102	0	5  
102	11	23  
102	11	24  
102	1	2  
102	20	54  
102	20	62  
102	23	48  
102	2	4  
102	2	5  
102	25	26  
102	7	17  
102	8	20  
103	0	1  
103	0	10  
103	0	15  
103	0	4  
103	0	9  
103	11	23  
103	1	2  
103	17	36  
103	17	37  
103	19	58  
103	23	35  
103	23	59  
103	7	17  
104	0	10  
104	0	15  
104	0	2  
104	1	2  
104	23	48  
104	2	4  
104	2	5  
104	25	26  
105	0	1  
105	0	10  
105	0	15  
105	0	2  
105	0	27  
105	0	4  
105	0	5  
105	0	50  
105	0	51  
105	11	23  
105	1	2  
105	17	36  
105	23	35  
105	2	4  
105	2	5  
105	25	26  
105	3	7  
105	7	17  
105	7	33  
105	7	36  
105	7	37  
105	8	9  
105	9	14  
105	9	62  
105	9	63  
106	17	29  
106	23	35  
106	25	26  
106	3	7  
106	7	17  
107	0	1  
107	0	10  
107	0	15  
107	0	2  
107	0	4  
107	1	2  
107	1	4  
107	17	36  
107	17	37  
107	19	64  
107	19	65  
107	23	24  
107	23	35  
107	23	59  
107	2	4  
107	2	5  
107	3	7  
107	7	17  
107	7	30  
107	7	33  
107	7	37  
108	0	1  
108	0	10  
108	0	15  
108	11	23  
108	1	2  
108	1	4  
108	1	5  
108	23	35  
108	23	38  
108	25	26  
108	7	25  
108	7	26  
108	7	30  
109	0	1  
109	0	10  
109	0	15  
109	0	2  
109	0	4  
109	0	5  
109	11	23  
109	1	4  
109	14	54  
109	1	5  
109	17	36  
109	23	24  
109	23	35  
109	2	4  
109	2	5  
109	25	26  
109	3	28  
109	4	5  
109	5	18  
109	7	17  
109	7	37  
109	7	45  
100	0	10  
100	0	15  
100	0	4  
100	0	60  
100	0	9  
100	11	23  
100	1	4  
100	17	36  
100	17	37  
100	23	24  
100	23	59  
100	2	4  
100	2	5  
100	4	5  
100	7	17  
100	7	29  
100	7	33  
100	7	36  
100	7	37  
101	0	1  
101	0	10  
101	0	15  
101	0	2  
101	0	4  
101	0	5  
101	0	61  
101	11	23  
101	1	2  
101	23	48  
101	2	4  
101	2	5  
101	25	26  
101	4	10  
101	7	33  
101	7	36  
102	0	1  
102	0	10  
102	0	15  
102	0	2  
102	0	4  
102	0	5  
102	11	23  
102	11	24  
102	1	2  
102	20	54  
102	20	62  
102	23	48  
102	2	4  
102	2	5  
102	25	26  
102	7	17  
102	8	20  
103	0	1  
103	0	10  
103	0	15  
103	0	4  
103	0	9  
103	11	23  
103	1	2  
103	17	36  
103	17	37  
103	19	58  
103	23	35  
103	23	59  
103	7	17  
104	0	10  
104	0	15  
104	0	2  
104	1	2  
104	23	48  
104	2	4  
104	2	5  
104	25	26  
105	0	1  
105	0	10  
105	0	15  
105	0	2  
105	0	27  
105	0	4  
105	0	5  
105	0	50  
105	0	51  
105	11	23  
105	1	2  
105	17	36  
105	23	35  
105	2	4  
105	2	5  
105	25	26  
105	3	7  
105	7	17  
105	7	33  
105	7	36  
105	7	37  
105	8	9  
105	9	14  
105	9	62  
105	9	63  
106	17	29  
106	23	35  
106	25	26  
106	3	7  
106	7	17  
107	0	1  
107	0	10  
107	0	15  
107	0	2  
107	0	4  
107	1	2  
107	1	4  
107	17	36  
107	17	37  
107	19	64  
107	19	65  
107	23	24  
107	23	35  
107	23	59  
107	2	4  
107	2	5  
107	3	7  
107	7	17  
107	7	30  
107	7	33  
107	7	37  
108	0	1  
108	0	10  
108	0	15  
108	11	23  
108	1	2  
108	1	4  
108	1	5  
108	23	35  
108	23	38  
108	25	26  
108	7	25  
108	7	26  
108	7	30  
109	0	1  
109	0	10  
109	0	15  
109	0	2  
109	0	4  
109	0	5  
109	11	23  
109	1	4  
109	14	54  
109	1	5  
109	17	36  
109	23	24  
109	23	35  
109	2	4  
109	2	5  
109	25	26  
109	3	28  
109	4	5  
109	5	18  
109	7	17  
109	7	37  
109	7	45  
