90	0	1  
90	0	2  
90	1	2  
90	23	24  
90	2	5  
90	4	9  
90	7	17  
91	0	10  
91	0	15  
91	11	23  
91	1	2  
91	17	36  
91	17	37  
91	25	26  
91	47	55  
91	4	9  
91	7	17  
91	7	37  
92	0	1  
92	0	10  
92	0	15  
92	0	2  
92	0	4  
92	0	5  
92	1	2  
92	7	17  
92	8	9  
92	9	54  
93	0	1  
93	0	10  
93	0	15  
93	0	2  
93	0	4  
93	0	5  
93	1	2  
93	2	4  
93	2	5  
93	3	7  
93	47	55  
93	7	17  
93	7	37  
94	0	10  
94	0	15  
94	0	4  
94	23	24  
94	7	33  
95	0	2  
95	11	23  
95	1	2  
95	23	24  
95	2	4  
95	2	5  
95	3	17  
95	3	7  
95	7	17  
95	7	36  
95	7	37  
95	8	9  
95	9	54  
96	0	1  
96	0	10  
96	0	15  
96	0	2  
96	0	4  
96	0	5  
96	10	21  
96	12	29  
96	17	29  
96	17	36  
96	17	37  
96	17	57  
96	29	42  
96	29	56  
96	29	57  
96	7	17  
96	7	29  
97	0	10  
97	0	15  
97	0	4  
97	0	9  
97	1	4  
97	23	24  
97	23	35  
97	2	4  
97	25	26  
97	4	5  
97	8	9  
97	9	11  
97	9	19  
97	9	52  
97	9	54  
97	9	55  
97	9	58  
98	0	1  
98	0	10  
98	0	15  
98	0	2  
98	0	4  
98	0	5  
98	0	51  
98	11	23  
98	1	2  
98	12	29  
98	17	29  
98	17	33  
98	17	36  
98	17	37  
98	20	54  
98	23	24  
98	23	35  
98	2	5  
98	29	37  
98	29	42  
98	29	56  
98	29	57  
98	7	17  
98	7	29  
98	7	33  
98	7	36  
98	7	37  
98	8	20  
99	0	1  
99	0	27  
99	0	50  
99	0	51  
99	11	23  
99	23	59  
90	0	1  
90	0	2  
90	1	2  
90	23	24  
90	2	5  
90	4	9  
90	7	17  
91	0	10  
91	0	15  
91	11	23  
91	1	2  
91	17	36  
91	17	37  
91	25	26  
91	47	55  
91	4	9  
91	7	17  
91	7	37  
92	0	1  
92	0	10  
92	0	15  
92	0	2  
92	0	4  
92	0	5  
92	1	2  
92	7	17  
92	8	9  
92	9	54  
93	0	1  
93	0	10  
93	0	15  
93	0	2  
93	0	4  
93	0	5  
93	1	2  
93	2	4  
93	2	5  
93	3	7  
93	47	55  
93	7	17  
93	7	37  
94	0	10  
94	0	15  
94	0	4  
94	23	24  
94	7	33  
95	0	2  
95	11	23  
95	1	2  
95	23	24  
95	2	4  
95	2	5  
95	3	17  
95	3	7  
95	7	17  
95	7	36  
95	7	37  
95	8	9  
95	9	54  
96	0	1  
96	0	10  
96	0	15  
96	0	2  
96	0	4  
96	0	5  
96	10	21  
96	12	29  
96	17	29  
96	17	36  
96	17	37  
96	17	57  
96	29	42  
96	29	56  
96	29	57  
96	7	17  
96	7	29  
97	0	10  
97	0	15  
97	0	4  
97	0	9  
97	1	4  
97	23	24  
97	23	35  
97	2	4  
97	25	26  
97	4	5  
97	8	9  
97	9	11  
97	9	19  
97	9	52  
97	9	54  
97	9	55  
97	9	58  
98	0	1  
98	0	10  
98	0	15  
98	0	2  
98	0	4  
98	0	5  
98	0	51  
98	11	23  
98	1	2  
98	12	29  
98	17	29  
98	17	33  
98	17	36  
98	17	37  
98	20	54  
98	23	24  
98	23	35  
98	2	5  
98	29	37  
98	29	42  
98	29	56  
98	29	57  
98	7	17  
98	7	29  
98	7	33  
98	7	36  
98	7	37  
98	8	20  
99	0	1  
99	0	27  
99	0	50  
99	0	51  
99	11	23  
99	23	59  
90	0	1  
90	0	2  
90	1	2  
90	23	24  
90	2	5  
90	4	9  
90	7	17  
91	0	10  
91	0	15  
91	11	23  
91	1	2  
91	17	36  
91	17	37  
91	25	26  
91	47	55  
91	4	9  
91	7	17  
91	7	37  
92	0	1  
92	0	10  
92	0	15  
92	0	2  
92	0	4  
92	0	5  
92	1	2  
92	7	17  
92	8	9  
92	9	54  
93	0	1  
93	0	10  
93	0	15  
93	0	2  
93	0	4  
93	0	5  
93	1	2  
93	2	4  
93	2	5  
93	3	7  
93	47	55  
93	7	17  
93	7	37  
94	0	10  
94	0	15  
94	0	4  
94	23	24  
94	7	33  
95	0	2  
95	11	23  
95	1	2  
95	23	24  
95	2	4  
95	2	5  
95	3	17  
95	3	7  
95	7	17  
95	7	36  
95	7	37  
95	8	9  
95	9	54  
96	0	1  
96	0	10  
96	0	15  
96	0	2  
96	0	4  
96	0	5  
96	10	21  
96	12	29  
96	17	29  
96	17	36  
96	17	37  
96	17	57  
96	29	42  
96	29	56  
96	29	57  
96	7	17  
96	7	29  
97	0	10  
97	0	15  
97	0	4  
97	0	9  
97	1	4  
97	23	24  
97	23	35  
97	2	4  
97	25	26  
97	4	5  
97	8	9  
97	9	11  
97	9	19  
97	9	52  
97	9	54  
97	9	55  
97	9	58  
98	0	1  
98	0	10  
98	0	15  
98	0	2  
98	0	4  
98	0	5  
98	0	51  
98	11	23  
98	1	2  
98	12	29  
98	17	29  
98	17	33  
98	17	36  
98	17	37  
98	20	54  
98	23	24  
98	23	35  
98	2	5  
98	29	37  
98	29	42  
98	29	56  
98	29	57  
98	7	17  
98	7	29  
98	7	33  
98	7	36  
98	7	37  
98	8	20  
99	0	1  
99	0	27  
99	0	50  
99	0	51  
99	11	23  
99	23	59  
