280	0	1  
280	113	117  
280	1	136  
280	1	18  
280	1	2  
280	12	17  
280	12	29  
280	124	138  
280	12	43  
280	12	56  
280	12	63  
280	133	143  
280	134	135  
280	1	39  
280	139	142  
280	140	142  
280	142	143  
280	1	5  
280	17	33  
280	17	34  
280	18	117  
280	1	92  
280	20	31  
280	21	142  
280	21	45  
280	23	35  
280	23	81  
280	25	75  
280	26	47  
280	26	75  
280	26	91  
280	2	72  
280	30	75  
280	31	55  
280	3	18  
280	33	34  
280	33	36  
280	34	133  
280	34	36  
280	34	37  
280	34	68  
280	36	37  
280	36	68  
280	36	82  
280	3	71  
280	37	68  
280	39	72  
280	39	80  
280	40	146  
280	40	41  
280	41	75  
280	44	143  
280	44	98  
280	45	142  
280	45	143  
280	45	99  
280	46	75  
280	47	112  
280	47	51  
280	47	70  
280	47	80  
280	47	85  
280	50	109  
280	51	78  
280	53	137  
280	56	84  
280	61	75  
280	6	71  
280	6	72  
280	67	75  
280	68	82  
280	68	84  
280	72	91  
280	75	113  
280	75	116  
280	75	125  
280	75	126  
280	75	128  
280	75	91  
280	80	112  
280	8	114  
280	8	12  
280	8	131  
280	8	133  
280	8	139  
280	86	94  
280	87	124  
280	90	137  
280	9	132  
280	9	136  
280	9	139  
280	9	142  
280	93	109  
280	9	45  
281	0	136  
281	10	142  
281	1	136  
281	12	143  
281	12	17  
281	12	29  
281	12	43  
281	12	56  
281	136	139  
281	142	143  
281	21	142  
281	21	143  
281	2	136  
281	21	45  
281	29	143  
281	29	57  
281	45	142  
281	45	143  
281	5	136  
281	60	137  
281	90	137  
281	92	136  
281	93	109  
281	9	45  
282	10	142  
282	132	142  
282	140	142  
282	142	143  
282	18	40  
282	20	141  
282	20	62  
282	21	132  
282	21	142  
282	21	143  
282	21	45  
282	26	47  
282	26	75  
282	30	61  
282	30	75  
282	31	124  
282	3	18  
282	33	34  
282	33	82  
282	34	82  
282	3	71  
282	37	57  
282	37	82  
282	41	75  
282	45	142  
282	45	143  
282	45	72  
282	46	47  
282	46	75  
282	47	67  
282	52	132  
282	56	84  
282	57	68  
282	61	75  
282	6	39  
282	6	45  
282	6	71  
282	6	72  
282	6	75  
282	67	75  
282	71	146  
282	73	94  
282	75	113  
282	75	126  
282	75	128  
282	75	91  
282	8	114  
282	8	143  
282	8	63  
282	86	94  
282	9	112  
282	9	142  
282	93	109  
282	9	45  
282	94	95  
283	0	1  
283	1	136  
283	114	133  
283	1	2  
283	131	132  
283	132	141  
283	132	142  
283	134	135  
283	1	39  
283	1	5  
283	19	120  
283	1	92  
283	19	72  
283	20	141  
283	21	142  
283	21	143  
283	21	45  
283	25	75  
283	25	80  
283	26	75  
283	27	132  
283	2	72  
283	30	75  
283	3	18  
283	33	34  
283	33	37  
283	33	68  
283	33	82  
283	34	36  
283	34	37  
283	34	82  
283	37	56  
283	37	82  
283	39	72  
283	40	71  
283	41	75  
283	43	56  
283	44	143  
283	45	142  
283	46	75  
283	56	84  
283	60	137  
283	61	75  
283	67	75  
283	70	132  
283	7	142  
283	72	91  
283	75	113  
283	75	126  
283	75	128  
283	75	91  
283	80	120  
283	85	132  
283	86	94  
283	89	132  
283	90	132  
283	9	112  
283	9	141  
283	9	20  
284	0	136  
284	0	5  
284	10	136  
284	1	136  
284	114	143  
284	1	2  
284	12	143  
284	132	137  
284	139	143  
284	1	5  
284	20	136  
284	20	62  
284	21	140  
284	21	142  
284	21	143  
284	2	136  
284	21	45  
284	2	5  
284	26	75  
284	2	72  
284	2	92  
284	29	57  
284	30	75  
284	3	18  
284	32	72  
284	33	34  
284	33	37  
284	33	68  
284	34	36  
284	34	37  
284	34	68  
284	36	42  
284	36	82  
284	37	68  
284	37	84  
284	41	75  
284	44	139  
284	44	63  
284	45	140  
284	45	142  
284	45	143  
284	46	75  
284	5	136  
284	51	78  
284	56	84  
284	60	137  
284	61	75  
284	62	143  
284	67	75  
284	72	75  
284	73	94  
284	75	113  
284	75	126  
284	75	128  
284	75	91  
284	8	143  
284	86	94  
284	8	9  
284	90	132  
284	90	137  
284	9	136  
284	9	143  
284	92	136  
284	93	100  
284	9	45  
284	94	95  
284	98	143  
285	0	1  
285	0	132  
285	0	136  
285	0	19  
285	0	2  
285	0	32  
285	100	109  
285	10	136  
285	10	96  
285	11	126  
285	1	136  
285	11	80  
285	1	2  
285	124	138  
285	131	132  
285	131	141  
285	132	137  
285	132	141  
285	132	142  
285	1	39  
285	139	140  
285	140	143  
285	1	5  
285	1	72  
285	18	121  
285	18	40  
285	19	114  
285	19	116  
285	1	92  
285	19	32  
285	19	72  
285	21	140  
285	21	142  
285	2	136  
285	21	45  
285	25	117  
285	25	123  
285	25	124  
285	25	125  
285	25	26  
285	25	28  
285	25	75  
285	25	80  
285	26	75  
285	26	80  
285	27	132  
285	27	141  
285	28	116  
285	29	43  
285	29	57  
285	30	75  
285	3	18  
285	33	57  
285	33	82  
285	3	40  
285	34	115  
285	34	37  
285	34	57  
285	34	82  
285	3	71  
285	37	82  
285	39	72  
285	39	80  
285	40	71  
285	41	75  
285	44	98  
285	45	140  
285	45	142  
285	45	143  
285	46	126  
285	46	75  
285	5	136  
285	52	132  
285	56	84  
285	57	68  
285	60	137  
285	61	75  
285	61	80  
285	6	71  
285	6	72  
285	6	75  
285	67	75  
285	67	80  
285	68	82  
285	70	132  
285	71	146  
285	72	75  
285	73	94  
285	75	113  
285	75	126  
285	75	128  
285	75	80  
285	75	91  
285	80	120  
285	80	81  
285	8	143  
285	82	115  
285	85	132  
285	85	137  
285	86	94  
285	86	95  
285	89	132  
285	89	141  
285	90	132  
285	90	137  
285	90	141  
285	9	114  
285	9	132  
285	9	142  
285	9	20  
285	92	136  
285	9	28  
285	93	109  
285	9	45  
285	94	95  
285	95	135  
285	9	62  
285	97	104  
285	97	106  
285	97	108  
285	97	111  
285	97	118  
285	97	122  
286	0	1  
286	0	132  
286	0	136  
286	0	19  
286	0	2  
286	0	32  
286	1	136  
286	1	2  
286	137	141  
286	1	39  
286	142	143  
286	1	5  
286	19	116  
286	1	92  
286	19	65  
286	21	142  
286	21	143  
286	21	45  
286	25	75  
286	26	75  
286	29	57  
286	30	75  
286	34	115  
286	34	144  
286	34	37  
286	34	82  
286	37	84  
286	41	75  
286	44	140  
286	45	126  
286	45	140  
286	45	142  
286	45	143  
286	45	53  
286	45	83  
286	46	75  
286	47	51  
286	56	84  
286	57	68  
286	61	75  
286	6	45  
286	6	75  
286	67	75  
286	73	94  
286	75	113  
286	75	126  
286	75	128  
286	75	91  
286	80	129  
286	8	133  
286	8	45  
286	86	94  
286	86	95  
286	90	137  
286	9	132  
286	9	142  
286	9	45  
286	94	95  
287	0	1  
287	0	136  
287	0	19  
287	0	2  
287	0	32  
287	100	101  
287	100	109  
287	108	111  
287	1	136  
287	11	80  
287	1	2  
287	12	143  
287	12	17  
287	124	138  
287	13	143  
287	132	141  
287	139	140  
287	140	142  
287	1	5  
287	17	29  
287	17	34  
287	17	37  
287	17	43  
287	17	56  
287	17	57  
287	17	98  
287	18	39  
287	18	40  
287	19	32  
287	19	64  
287	19	65  
287	19	66  
287	19	69  
287	21	132  
287	21	142  
287	21	143  
287	2	136  
287	21	45  
287	23	31  
287	23	55  
287	2	5  
287	25	124  
287	25	75  
287	25	80  
287	26	124  
287	26	75  
287	26	80  
287	26	91  
287	2	92  
287	29	57  
287	29	68  
287	30	103  
287	30	75  
287	30	83  
287	3	146  
287	3	18  
287	33	115  
287	33	144  
287	33	34  
287	33	37  
287	33	42  
287	33	57  
287	33	68  
287	33	82  
287	3	40  
287	34	115  
287	34	144  
287	34	37  
287	34	42  
287	34	43  
287	34	56  
287	34	82  
287	34	84  
287	3	71  
287	37	43  
287	37	45  
287	39	72  
287	39	80  
287	39	92  
287	40	146  
287	40	41  
287	40	71  
287	41	146  
287	41	75  
287	43	56  
287	45	142  
287	45	143  
287	46	47  
287	46	75  
287	47	75  
287	50	103  
287	50	75  
287	5	136  
287	51	78  
287	55	131  
287	56	84  
287	57	68  
287	60	137  
287	6	126  
287	6	146  
287	61	75  
287	61	80  
287	6	45  
287	6	71  
287	6	72  
287	6	75  
287	67	75  
287	67	80  
287	67	91  
287	71	146  
287	72	91  
287	73	110  
287	75	103  
287	75	113  
287	75	126  
287	75	128  
287	75	80  
287	75	83  
287	75	91  
287	80	120  
287	80	81  
287	8	12  
287	82	115  
287	82	144  
287	8	45  
287	87	124  
287	9	21  
287	92	136  
287	9	45  
287	97	104  
287	97	106  
287	97	108  
287	97	111  
287	97	118  
287	97	122  
287	98	139  
287	98	140  
288	0	1  
288	100	107  
288	116	117  
288	116	125  
288	12	63  
288	131	132  
288	1	39  
288	17	139  
288	17	57  
288	17	98  
288	18	121  
288	18	39  
288	19	72  
288	2	136  
288	21	45  
288	2	5  
288	25	116  
288	27	132  
288	27	134  
288	28	116  
288	29	57  
288	33	34  
288	33	82  
288	34	115  
288	34	144  
288	34	37  
288	34	68  
288	34	82  
288	37	68  
288	37	82  
288	45	142  
288	45	143  
288	46	47  
288	55	78  
288	60	137  
288	6	126  
288	6	45  
288	6	71  
288	70	132  
288	8	114  
288	82	115  
288	82	144  
288	85	132  
288	89	132  
288	90	132  
288	90	137  
288	98	139  
289	0	136  
289	100	107  
289	100	109  
289	10	139  
289	10	140  
289	104	106  
289	10	96  
289	1	10  
289	113	126  
289	115	144  
289	1	2  
289	120	132  
289	124	138  
289	12	43  
289	136	139  
289	139	140  
289	1	72  
289	17	29  
289	17	33  
289	17	43  
289	17	56  
289	17	98  
289	18	121  
289	18	39  
289	18	72  
289	19	64  
289	19	72  
289	19	87  
289	20	133  
289	21	139  
289	21	140  
289	21	142  
289	21	143  
289	2	136  
289	21	45  
289	23	24  
289	23	48  
289	2	5  
289	25	75  
289	26	75  
289	27	132  
289	29	57  
289	29	68  
289	30	41  
289	30	75  
289	31	124  
289	31	55  
289	3	18  
289	32	64  
289	32	87  
289	33	34  
289	33	43  
289	33	57  
289	34	115  
289	34	144  
289	34	37  
289	34	82  
289	36	68  
289	37	43  
289	37	56  
289	37	82  
289	37	84  
289	39	72  
289	40	146  
289	40	41  
289	41	146  
289	41	75  
289	42	136  
289	42	84  
289	43	56  
289	43	82  
289	43	84  
289	44	139  
289	45	140  
289	45	142  
289	45	143  
289	46	47  
289	46	75  
289	50	109  
289	52	69  
289	53	137  
289	56	84  
289	57	68  
289	57	82  
289	60	137  
289	61	75  
289	62	114  
289	62	143  
289	63	143  
289	64	65  
289	64	66  
289	64	69  
289	64	87  
289	65	87  
289	66	69  
289	66	87  
289	6	71  
289	6	72  
289	6	75  
289	67	75  
289	68	82  
289	6	89  
289	6	9  
289	71	146  
289	72	75  
289	72	91  
289	75	113  
289	75	126  
289	75	128  
289	75	91  
289	8	114  
289	8	143  
289	8	45  
289	85	90  
289	90	137  
289	9	11  
289	9	116  
289	9	120  
289	9	126  
289	9	131  
289	9	132  
289	9	19  
289	9	20  
289	9	27  
289	93	109  
289	93	97  
289	9	44  
289	9	45  
289	9	50  
289	9	51  
289	95	134  
289	9	52  
289	9	69  
289	9	71  
289	97	100  
289	97	104  
289	97	106  
289	97	107  
289	97	108  
289	97	109  
289	97	111  
289	97	118  
289	97	122  
289	9	75  
