230	0	1  
230	10	44  
230	10	96  
230	11	48  
230	11	58  
230	11	81  
230	15	16  
230	16	39  
230	16	72  
230	18	39  
230	18	72  
230	19	72  
230	21	45  
230	2	4  
230	26	75  
230	2	92  
230	3	18  
230	39	72  
230	45	88  
230	51	76  
230	6	39  
230	6	72  
230	7	17  
230	7	29  
230	7	40  
230	7	41  
230	8	9  
230	9	54  
231	0	1  
231	0	4  
231	0	5  
231	0	92  
231	100	105  
231	100	107  
231	106	109  
231	11	61  
231	12	56  
231	14	20  
231	14	98  
231	15	16  
231	15	18  
231	16	18  
231	16	39  
231	16	72  
231	17	36  
231	17	37  
231	18	39  
231	19	32  
231	19	54  
231	19	65  
231	19	72  
231	21	45  
231	2	15  
231	23	35  
231	2	39  
231	2	4  
231	2	5  
231	25	26  
231	26	41  
231	26	61  
231	26	75  
231	26	77  
231	26	87  
231	26	91  
231	2	72  
231	28	72  
231	2	92  
231	32	112  
231	3	40  
231	3	71  
231	38	99  
231	39	72  
231	40	71  
231	44	112  
231	4	5  
231	46	75  
231	4	92  
231	51	76  
231	5	39  
231	5	92  
231	63	98  
231	64	65  
231	7	36  
231	7	45  
231	7	82  
231	9	20  
231	93	109  
231	96	97  
231	9	75  
231	9	76  
232	0	19  
232	0	32  
232	0	92  
232	100	107  
232	100	109  
232	16	18  
232	16	72  
232	18	39  
232	18	72  
232	19	64  
232	19	65  
232	19	72  
232	21	45  
232	23	24  
232	2	5  
232	25	28  
232	2	92  
232	29	36  
232	33	36  
232	33	82  
232	3	40  
232	36	82  
232	3	71  
232	37	82  
232	4	10  
232	45	62  
232	51	76  
232	7	45  
232	9	112  
232	98	115  
233	0	1  
233	0	2  
233	0	4  
233	0	5  
233	0	92  
233	105	107  
233	116	117  
233	15	16  
233	15	18  
233	15	81  
233	16	18  
233	16	72  
233	19	32  
233	19	64  
233	19	65  
233	19	72  
233	20	69  
233	21	45  
233	2	15  
233	2	4  
233	2	5  
233	25	116  
233	25	26  
233	25	28  
233	26	41  
233	26	75  
233	28	116  
233	28	72  
233	2	92  
233	3	18  
233	33	36  
233	33	37  
233	3	6  
233	36	37  
233	36	82  
233	37	82  
233	4	10  
233	4	5  
233	4	92  
233	5	39  
233	56	84  
233	5	92  
233	64	66  
233	64	87  
233	65	87  
233	7	33  
233	7	36  
233	7	37  
233	7	45  
233	7	82  
233	8	76  
233	9	112  
233	9	20  
233	96	97  
233	9	76  
234	0	1  
234	0	4  
234	0	92  
234	100	101  
234	100	105  
234	100	109  
234	15	16  
234	16	18  
234	16	72  
234	19	32  
234	21	45  
234	2	4  
234	25	26  
234	2	6  
234	26	74  
234	2	92  
234	33	82  
234	3	6  
234	36	82  
234	37	82  
234	39	92  
234	4	5  
234	4	92  
234	50	93  
234	53	100  
234	56	84  
234	5	92  
234	6	16  
234	7	17  
234	7	29  
234	7	30  
234	7	33  
234	7	36  
234	7	37  
234	7	43  
234	7	57  
234	7	68  
234	7	82  
234	83	93  
234	93	103  
234	97	106  
235	0	1  
235	0	2  
235	0	4  
235	0	5  
235	0	92  
235	100	107  
235	108	111  
235	108	118  
235	12	37  
235	12	43  
235	12	56  
235	12	73  
235	15	16  
235	16	18  
235	16	39  
235	16	72  
235	17	36  
235	18	39  
235	21	45  
235	2	15  
235	21	76  
235	2	4  
235	2	5  
235	26	113  
235	26	41  
235	26	61  
235	2	92  
235	3	18  
235	32	64  
235	3	6  
235	36	37  
235	36	45  
235	36	82  
235	3	71  
235	37	45  
235	37	82  
235	39	72  
235	39	92  
235	4	10  
235	41	61  
235	4	18  
235	4	5  
235	45	82  
235	46	61  
235	47	76  
235	4	92  
235	53	106  
235	5	39  
235	55	76  
235	5	92  
235	61	75  
235	64	65  
235	7	26  
235	7	45  
235	7	61  
235	83	93  
235	9	112  
236	0	1  
236	0	4  
236	0	5  
236	0	92  
236	11	23  
236	12	14  
236	12	37  
236	12	56  
236	13	45  
236	14	43  
236	14	56  
236	14	62  
236	15	16  
236	16	18  
236	16	39  
236	16	72  
236	17	45  
236	17	98  
236	18	39  
236	18	72  
236	19	64  
236	19	65  
236	21	45  
236	21	88  
236	23	24  
236	2	39  
236	2	4  
236	2	5  
236	25	26  
236	2	72  
236	2	92  
236	29	45  
236	30	75  
236	31	87  
236	33	36  
236	33	37  
236	33	68  
236	33	82  
236	33	84  
236	3	6  
236	36	82  
236	36	84  
236	3	71  
236	37	45  
236	37	82  
236	37	84  
236	39	72  
236	39	92  
236	4	10  
236	4	5  
236	4	92  
236	50	93  
236	53	106  
236	5	39  
236	56	84  
236	5	92  
236	7	30  
236	7	33  
236	7	82  
236	8	14  
236	82	84  
236	83	93  
236	9	14  
236	9	20  
236	93	103  
236	9	52  
236	9	76  
237	0	1  
237	0	2  
237	0	39  
237	0	4  
237	0	5  
237	0	92  
237	11	119  
237	11	23  
237	11	24  
237	11	35  
237	11	38  
237	11	48  
237	11	58  
237	11	81  
237	12	56  
237	1	4  
237	17	45  
237	18	39  
237	19	64  
237	19	65  
237	19	76  
237	20	62  
237	21	45  
237	2	4  
237	2	72  
237	2	92  
237	30	113  
237	3	6  
237	37	45  
237	39	92  
237	4	5  
237	4	92  
237	5	92  
237	6	76  
237	76	114  
237	76	120  
237	8	54  
237	8	76  
237	9	20  
237	96	97  
237	9	76  
238	0	1  
238	0	69  
238	0	92  
238	100	105  
238	100	106  
238	103	106  
238	104	106  
238	10	44  
238	106	107  
238	106	109  
238	10	96  
238	12	29  
238	12	56  
238	13	45  
238	15	16  
238	15	18  
238	15	39  
238	15	96  
238	16	18  
238	17	37  
238	17	82  
238	17	98  
238	18	39  
238	19	64  
238	19	72  
238	19	76  
238	20	69  
238	21	45  
238	21	76  
238	2	18  
238	23	24  
238	23	35  
238	2	4  
238	2	5  
238	25	26  
238	26	41  
238	26	61  
238	26	75  
238	2	92  
238	30	61  
238	3	18  
238	32	64  
238	3	39  
238	3	6  
238	3	71  
238	39	92  
238	41	61  
238	41	75  
238	4	5  
238	46	61  
238	4	92  
238	50	106  
238	53	106  
238	59	121  
238	5	92  
238	61	67  
238	61	74  
238	61	75  
238	61	77  
238	64	65  
238	64	66  
238	6	71  
238	6	76  
238	67	75  
238	7	17  
238	7	26  
238	7	33  
238	7	36  
238	7	37  
238	7	45  
238	74	75  
238	75	103  
238	75	77  
238	75	83  
238	7	61  
238	7	75  
238	7	82  
238	83	106  
238	8	62  
238	8	76  
238	93	106  
238	96	97  
238	9	76  
239	0	1  
239	0	10  
239	0	15  
239	0	92  
239	100	105  
239	100	107  
239	104	108  
239	105	107  
239	107	108  
239	108	122  
239	11	35  
239	12	29  
239	13	21  
239	13	45  
239	15	16  
239	15	18  
239	16	18  
239	21	45  
239	23	31  
239	23	35  
239	23	48  
239	25	26  
239	26	41  
239	2	92  
239	30	113  
239	33	82  
239	35	66  
239	36	82  
239	3	71  
239	37	56  
239	37	82  
239	39	92  
239	4	10  
239	4	92  
239	56	84  
239	5	92  
239	61	72  
239	8	21  
239	9	21  
239	96	97  
230	0	1  
230	10	44  
230	10	96  
230	11	48  
230	11	58  
230	11	81  
230	15	16  
230	16	39  
230	16	72  
230	18	39  
230	18	72  
230	19	72  
230	21	45  
230	2	4  
230	26	75  
230	2	92  
230	3	18  
230	39	72  
230	45	88  
230	51	76  
230	6	39  
230	6	72  
230	7	17  
230	7	29  
230	7	40  
230	7	41  
230	8	9  
230	9	54  
231	0	1  
231	0	4  
231	0	5  
231	0	92  
231	100	105  
231	100	107  
231	106	109  
231	11	61  
231	12	56  
231	14	20  
231	14	98  
231	15	16  
231	15	18  
231	16	18  
231	16	39  
231	16	72  
231	17	36  
231	17	37  
231	18	39  
231	19	32  
231	19	54  
231	19	65  
231	19	72  
231	21	45  
231	2	15  
231	23	35  
231	2	39  
231	2	4  
231	2	5  
231	25	26  
231	26	41  
231	26	61  
231	26	75  
231	26	77  
231	26	87  
231	26	91  
231	2	72  
231	28	72  
231	2	92  
231	32	112  
231	3	40  
231	3	71  
231	38	99  
231	39	72  
231	40	71  
231	44	112  
231	4	5  
231	46	75  
231	4	92  
231	51	76  
231	5	39  
231	5	92  
231	63	98  
231	64	65  
231	7	36  
231	7	45  
231	7	82  
231	9	20  
231	93	109  
231	96	97  
231	9	75  
231	9	76  
232	0	19  
232	0	32  
232	0	92  
232	100	107  
232	100	109  
232	16	18  
232	16	72  
232	18	39  
232	18	72  
232	19	64  
232	19	65  
232	19	72  
232	21	45  
232	23	24  
232	2	5  
232	25	28  
232	2	92  
232	29	36  
232	33	36  
232	33	82  
232	3	40  
232	36	82  
232	3	71  
232	37	82  
232	4	10  
232	45	62  
232	51	76  
232	7	45  
232	9	112  
232	98	115  
233	0	1  
233	0	2  
233	0	4  
233	0	5  
233	0	92  
233	105	107  
233	116	117  
233	15	16  
233	15	18  
233	15	81  
233	16	18  
233	16	72  
233	19	32  
233	19	64  
233	19	65  
233	19	72  
233	20	69  
233	21	45  
233	2	15  
233	2	4  
233	2	5  
233	25	116  
233	25	26  
233	25	28  
233	26	41  
233	26	75  
233	28	116  
233	28	72  
233	2	92  
233	3	18  
233	33	36  
233	33	37  
233	3	6  
233	36	37  
233	36	82  
233	37	82  
233	4	10  
233	4	5  
233	4	92  
233	5	39  
233	56	84  
233	5	92  
233	64	66  
233	64	87  
233	65	87  
233	7	33  
233	7	36  
233	7	37  
233	7	45  
233	7	82  
233	8	76  
233	9	112  
233	9	20  
233	96	97  
233	9	76  
234	0	1  
234	0	4  
234	0	92  
234	100	101  
234	100	105  
234	100	109  
234	15	16  
234	16	18  
234	16	72  
234	19	32  
234	21	45  
234	2	4  
234	25	26  
234	2	6  
234	26	74  
234	2	92  
234	33	82  
234	3	6  
234	36	82  
234	37	82  
234	39	92  
234	4	5  
234	4	92  
234	50	93  
234	53	100  
234	56	84  
234	5	92  
234	6	16  
234	7	17  
234	7	29  
234	7	30  
234	7	33  
234	7	36  
234	7	37  
234	7	43  
234	7	57  
234	7	68  
234	7	82  
234	83	93  
234	93	103  
234	97	106  
235	0	1  
235	0	2  
235	0	4  
235	0	5  
235	0	92  
235	100	107  
235	108	111  
235	108	118  
235	12	37  
235	12	43  
235	12	56  
235	12	73  
235	15	16  
235	16	18  
235	16	39  
235	16	72  
235	17	36  
235	18	39  
235	21	45  
235	2	15  
235	21	76  
235	2	4  
235	2	5  
235	26	113  
235	26	41  
235	26	61  
235	2	92  
235	3	18  
235	32	64  
235	3	6  
235	36	37  
235	36	45  
235	36	82  
235	3	71  
235	37	45  
235	37	82  
235	39	72  
235	39	92  
235	4	10  
235	41	61  
235	4	18  
235	4	5  
235	45	82  
235	46	61  
235	47	76  
235	4	92  
235	53	106  
235	5	39  
235	55	76  
235	5	92  
235	61	75  
235	64	65  
235	7	26  
235	7	45  
235	7	61  
235	83	93  
235	9	112  
236	0	1  
236	0	4  
236	0	5  
236	0	92  
236	11	23  
236	12	14  
236	12	37  
236	12	56  
236	13	45  
236	14	43  
236	14	56  
236	14	62  
236	15	16  
236	16	18  
236	16	39  
236	16	72  
236	17	45  
236	17	98  
236	18	39  
236	18	72  
236	19	64  
236	19	65  
236	21	45  
236	21	88  
236	23	24  
236	2	39  
236	2	4  
236	2	5  
236	25	26  
236	2	72  
236	2	92  
236	29	45  
236	30	75  
236	31	87  
236	33	36  
236	33	37  
236	33	68  
236	33	82  
236	33	84  
236	3	6  
236	36	82  
236	36	84  
236	3	71  
236	37	45  
236	37	82  
236	37	84  
236	39	72  
236	39	92  
236	4	10  
236	4	5  
236	4	92  
236	50	93  
236	53	106  
236	5	39  
236	56	84  
236	5	92  
236	7	30  
236	7	33  
236	7	82  
236	8	14  
236	82	84  
236	83	93  
236	9	14  
236	9	20  
236	93	103  
236	9	52  
236	9	76  
237	0	1  
237	0	2  
237	0	39  
237	0	4  
237	0	5  
237	0	92  
237	11	119  
237	11	23  
237	11	24  
237	11	35  
237	11	38  
237	11	48  
237	11	58  
237	11	81  
237	12	56  
237	1	4  
237	17	45  
237	18	39  
237	19	64  
237	19	65  
237	19	76  
237	20	62  
237	21	45  
237	2	4  
237	2	72  
237	2	92  
237	30	113  
237	3	6  
237	37	45  
237	39	92  
237	4	5  
237	4	92  
237	5	92  
237	6	76  
237	76	114  
237	76	120  
237	8	54  
237	8	76  
237	9	20  
237	96	97  
237	9	76  
238	0	1  
238	0	69  
238	0	92  
238	100	105  
238	100	106  
238	103	106  
238	104	106  
238	10	44  
238	106	107  
238	106	109  
238	10	96  
238	12	29  
238	12	56  
238	13	45  
238	15	16  
238	15	18  
238	15	39  
238	15	96  
238	16	18  
238	17	37  
238	17	82  
238	17	98  
238	18	39  
238	19	64  
238	19	72  
238	19	76  
238	20	69  
238	21	45  
238	21	76  
238	2	18  
238	23	24  
238	23	35  
238	2	4  
238	2	5  
238	25	26  
238	26	41  
238	26	61  
238	26	75  
238	2	92  
238	30	61  
238	3	18  
238	32	64  
238	3	39  
238	3	6  
238	3	71  
238	39	92  
238	41	61  
238	41	75  
238	4	5  
238	46	61  
238	4	92  
238	50	106  
238	53	106  
238	59	121  
238	5	92  
238	61	67  
238	61	74  
238	61	75  
238	61	77  
238	64	65  
238	64	66  
238	6	71  
238	6	76  
238	67	75  
238	7	17  
238	7	26  
238	7	33  
238	7	36  
238	7	37  
238	7	45  
238	74	75  
238	75	103  
238	75	77  
238	75	83  
238	7	61  
238	7	75  
238	7	82  
238	83	106  
238	8	62  
238	8	76  
238	93	106  
238	96	97  
238	9	76  
239	0	1  
239	0	10  
239	0	15  
239	0	92  
239	100	105  
239	100	107  
239	104	108  
239	105	107  
239	107	108  
239	108	122  
239	11	35  
239	12	29  
239	13	21  
239	13	45  
239	15	16  
239	15	18  
239	16	18  
239	21	45  
239	23	31  
239	23	35  
239	23	48  
239	25	26  
239	26	41  
239	2	92  
239	30	113  
239	33	82  
239	35	66  
239	36	82  
239	3	71  
239	37	56  
239	37	82  
239	39	92  
239	4	10  
239	4	92  
239	56	84  
239	5	92  
239	61	72  
239	8	21  
239	9	21  
239	96	97  
