110	0	4  
110	1	4  
110	19	54  
110	23	49  
110	2	4  
110	4	15  
110	41	67  
110	58	66  
110	7	30  
111	0	4  
111	1	2  
111	17	29  
111	17	56  
111	2	4  
111	25	26  
111	36	45  
111	37	45  
111	4	15  
111	4	5  
111	7	17  
111	7	29  
111	7	36  
111	7	37  
111	7	45  
112	0	2  
112	0	4  
112	0	5  
112	11	23  
112	1	2  
112	1	5  
112	15	18  
112	17	36  
112	17	37  
112	19	32  
112	19	65  
112	2	4  
112	2	5  
112	25	26  
112	25	28  
112	3	28  
112	4	15  
112	4	5  
112	7	30  
112	7	68  
113	0	4  
113	15	18  
113	19	69  
113	2	4  
113	4	18  
113	4	5  
113	7	17  
114	0	1  
114	0	2  
114	0	4  
114	0	5  
114	11	23  
114	1	2  
114	1	4  
114	1	5  
114	15	18  
114	16	18  
114	17	36  
114	17	37  
114	23	59  
114	2	4  
114	2	5  
114	4	15  
114	4	5  
114	51	70  
114	7	17  
114	7	30  
114	7	37  
114	7	57  
115	0	1  
115	0	15  
115	0	2  
115	0	4  
115	0	5  
115	14	54  
115	1	5  
115	15	18  
115	16	18  
115	17	29  
115	17	36  
115	17	37  
115	17	57  
115	2	4  
115	2	5  
115	4	5  
115	52	54  
115	9	54  
116	0	1  
116	0	15  
116	0	2  
116	0	4  
116	0	5  
116	1	5  
116	17	36  
116	17	37  
116	18	59  
116	23	24  
116	23	35  
116	23	59  
116	2	4  
116	2	44  
116	2	5  
116	25	26  
116	4	5  
117	0	1  
117	0	2  
117	0	4  
117	0	5  
117	11	23  
117	1	4  
117	16	18  
117	18	59  
117	21	22  
117	22	45  
117	23	24  
117	23	35  
117	23	59  
117	2	4  
117	2	5  
117	3	7  
117	3	71  
117	4	10  
117	4	5  
117	4	9  
118	0	1  
118	0	2  
118	0	4  
118	19	58  
118	25	26  
118	4	5  
118	4	9  
118	7	17  
119	0	1  
119	0	10  
119	0	15  
119	0	2  
119	0	4  
119	0	5  
119	0	9  
119	1	18  
119	17	29  
119	18	59  
119	23	24  
119	23	35  
119	2	4  
119	2	5  
119	4	10  
119	4	15  
119	4	5  
119	47	55  
119	6	47  
119	7	17  
110	0	4  
110	1	4  
110	19	54  
110	23	49  
110	2	4  
110	4	15  
110	41	67  
110	58	66  
110	7	30  
111	0	4  
111	1	2  
111	17	29  
111	17	56  
111	2	4  
111	25	26  
111	36	45  
111	37	45  
111	4	15  
111	4	5  
111	7	17  
111	7	29  
111	7	36  
111	7	37  
111	7	45  
112	0	2  
112	0	4  
112	0	5  
112	11	23  
112	1	2  
112	1	5  
112	15	18  
112	17	36  
112	17	37  
112	19	32  
112	19	65  
112	2	4  
112	2	5  
112	25	26  
112	25	28  
112	3	28  
112	4	15  
112	4	5  
112	7	30  
112	7	68  
113	0	4  
113	15	18  
113	19	69  
113	2	4  
113	4	18  
113	4	5  
113	7	17  
114	0	1  
114	0	2  
114	0	4  
114	0	5  
114	11	23  
114	1	2  
114	1	4  
114	1	5  
114	15	18  
114	16	18  
114	17	36  
114	17	37  
114	23	59  
114	2	4  
114	2	5  
114	4	15  
114	4	5  
114	51	70  
114	7	17  
114	7	30  
114	7	37  
114	7	57  
115	0	1  
115	0	15  
115	0	2  
115	0	4  
115	0	5  
115	14	54  
115	1	5  
115	15	18  
115	16	18  
115	17	29  
115	17	36  
115	17	37  
115	17	57  
115	2	4  
115	2	5  
115	4	5  
115	52	54  
115	9	54  
116	0	1  
116	0	15  
116	0	2  
116	0	4  
116	0	5  
116	1	5  
116	17	36  
116	17	37  
116	18	59  
116	23	24  
116	23	35  
116	23	59  
116	2	4  
116	2	44  
116	2	5  
116	25	26  
116	4	5  
117	0	1  
117	0	2  
117	0	4  
117	0	5  
117	11	23  
117	1	4  
117	16	18  
117	18	59  
117	21	22  
117	22	45  
117	23	24  
117	23	35  
117	23	59  
117	2	4  
117	2	5  
117	3	7  
117	3	71  
117	4	10  
117	4	5  
117	4	9  
118	0	1  
118	0	2  
118	0	4  
118	19	58  
118	25	26  
118	4	5  
118	4	9  
118	7	17  
119	0	1  
119	0	10  
119	0	15  
119	0	2  
119	0	4  
119	0	5  
119	0	9  
119	1	18  
119	17	29  
119	18	59  
119	23	24  
119	23	35  
119	2	4  
119	2	5  
119	4	10  
119	4	15  
119	4	5  
119	47	55  
119	6	47  
119	7	17  
110	0	4  
110	1	4  
110	19	54  
110	23	49  
110	2	4  
110	4	15  
110	41	67  
110	58	66  
110	7	30  
111	0	4  
111	1	2  
111	17	29  
111	17	56  
111	2	4  
111	25	26  
111	36	45  
111	37	45  
111	4	15  
111	4	5  
111	7	17  
111	7	29  
111	7	36  
111	7	37  
111	7	45  
112	0	2  
112	0	4  
112	0	5  
112	11	23  
112	1	2  
112	1	5  
112	15	18  
112	17	36  
112	17	37  
112	19	32  
112	19	65  
112	2	4  
112	2	5  
112	25	26  
112	25	28  
112	3	28  
112	4	15  
112	4	5  
112	7	30  
112	7	68  
113	0	4  
113	15	18  
113	19	69  
113	2	4  
113	4	18  
113	4	5  
113	7	17  
114	0	1  
114	0	2  
114	0	4  
114	0	5  
114	11	23  
114	1	2  
114	1	4  
114	1	5  
114	15	18  
114	16	18  
114	17	36  
114	17	37  
114	23	59  
114	2	4  
114	2	5  
114	4	15  
114	4	5  
114	51	70  
114	7	17  
114	7	30  
114	7	37  
114	7	57  
115	0	1  
115	0	15  
115	0	2  
115	0	4  
115	0	5  
115	14	54  
115	1	5  
115	15	18  
115	16	18  
115	17	29  
115	17	36  
115	17	37  
115	17	57  
115	2	4  
115	2	5  
115	4	5  
115	52	54  
115	9	54  
116	0	1  
116	0	15  
116	0	2  
116	0	4  
116	0	5  
116	1	5  
116	17	36  
116	17	37  
116	18	59  
116	23	24  
116	23	35  
116	23	59  
116	2	4  
116	2	44  
116	2	5  
116	25	26  
116	4	5  
117	0	1  
117	0	2  
117	0	4  
117	0	5  
117	11	23  
117	1	4  
117	16	18  
117	18	59  
117	21	22  
117	22	45  
117	23	24  
117	23	35  
117	23	59  
117	2	4  
117	2	5  
117	3	7  
117	3	71  
117	4	10  
117	4	5  
117	4	9  
118	0	1  
118	0	2  
118	0	4  
118	19	58  
118	25	26  
118	4	5  
118	4	9  
118	7	17  
119	0	1  
119	0	10  
119	0	15  
119	0	2  
119	0	4  
119	0	5  
119	0	9  
119	1	18  
119	17	29  
119	18	59  
119	23	24  
119	23	35  
119	2	4  
119	2	5  
119	4	10  
119	4	15  
119	4	5  
119	47	55  
119	6	47  
119	7	17  
