180	0	1  
180	0	15  
180	0	2  
180	0	4  
180	0	5  
180	0	69  
180	0	9  
180	0	92  
180	10	21  
180	11	23  
180	15	18  
180	16	18  
180	17	29  
180	17	56  
180	17	84  
180	19	69  
180	21	22  
180	21	45  
180	22	45  
180	22	83  
180	22	88  
180	23	35  
180	2	4  
180	2	5  
180	25	26  
180	2	92  
180	3	16  
180	32	87  
180	33	34  
180	34	36  
180	34	82  
180	36	82  
180	3	71  
180	38	99  
180	39	92  
180	45	46  
180	45	88  
180	4	92  
180	5	92  
180	6	16  
180	7	17  
180	7	29  
180	7	30  
180	7	32  
180	7	37  
180	7	66  
181	0	1  
181	0	15  
181	0	69  
181	0	9  
181	100	104  
181	11	23  
181	17	29  
181	19	65  
181	19	87  
181	21	22  
181	21	45  
181	22	45  
181	22	78  
181	22	88  
181	2	5  
181	25	26  
181	26	75  
181	30	75  
181	36	82  
181	3	71  
181	41	75  
181	45	88  
181	6	16  
181	7	17  
181	7	29  
181	7	30  
181	7	36  
181	7	45  
181	8	20  
182	0	1  
182	0	15  
182	0	2  
182	0	4  
182	0	44  
182	0	5  
182	0	69  
182	0	9  
182	0	92  
182	12	54  
182	14	54  
182	16	18  
182	16	39  
182	16	59  
182	17	29  
182	17	37  
182	19	87  
182	21	22  
182	21	45  
182	22	45  
182	22	83  
182	22	88  
182	23	24  
182	2	4  
182	26	78  
182	2	92  
182	29	37  
182	29	42  
182	29	45  
182	3	23  
182	32	87  
182	33	36  
182	33	82  
182	36	82  
182	38	99  
182	4	5  
182	45	88  
182	50	88  
182	53	88  
182	54	62  
182	54	63  
182	54	98  
182	5	92  
182	6	16  
182	61	77  
182	68	82  
182	7	17  
182	72	88  
182	7	36  
182	7	37  
182	7	45  
182	7	82  
182	78	88  
182	83	88  
182	85	94  
182	86	94  
182	88	100  
182	88	101  
182	88	102  
182	88	103  
182	88	104  
182	88	105  
182	88	106  
182	88	107  
182	88	108  
182	88	109  
182	88	93  
182	88	97  
182	94	95  
183	0	1  
183	0	15  
183	0	19  
183	0	32  
183	0	44  
183	0	65  
183	0	92  
183	11	19  
183	11	28  
183	12	56  
183	12	84  
183	15	16  
183	21	22  
183	21	45  
183	21	88  
183	22	45  
183	22	50  
183	22	53  
183	22	83  
183	22	88  
183	23	24  
183	23	48  
183	2	92  
183	31	79  
183	45	88  
183	5	92  
183	7	30  
184	0	1  
184	0	15  
184	0	2  
184	0	4  
184	0	44  
184	0	5  
184	0	54  
184	0	69  
184	0	9  
184	0	92  
184	100	109  
184	101	106  
184	102	104  
184	103	106  
184	10	44  
184	106	109  
184	1	5  
184	15	16  
184	16	18  
184	16	59  
184	17	29  
184	17	36  
184	1	92  
184	20	54  
184	21	45  
184	21	88  
184	22	45  
184	23	35  
184	2	4  
184	2	5  
184	25	26  
184	25	28  
184	26	41  
184	26	61  
184	26	75  
184	26	78  
184	26	91  
184	2	92  
184	29	56  
184	32	87  
184	33	82  
184	3	48  
184	3	71  
184	44	54  
184	44	69  
184	45	46  
184	45	83  
184	45	88  
184	46	75  
184	50	106  
184	56	84  
184	72	106  
184	7	29  
184	7	30  
184	7	32  
184	7	37  
184	8	12  
184	85	94  
184	8	69  
184	86	94  
184	8	9  
184	93	100  
184	93	106  
184	9	44  
184	94	95  
184	9	54  
184	9	69  
185	0	1  
185	0	15  
185	0	69  
185	0	9  
185	0	92  
185	102	104  
185	16	18  
185	16	59  
185	21	45  
185	21	88  
185	22	45  
185	2	4  
185	25	26  
185	26	41  
185	2	92  
185	32	79  
185	32	87  
185	36	82  
185	39	92  
185	4	10  
185	41	46  
185	41	61  
185	41	67  
185	41	74  
185	41	75  
185	45	88  
185	4	92  
185	50	88  
185	5	92  
185	61	75  
185	61	77  
185	7	26  
185	72	88  
185	7	30  
185	7	37  
185	78	88  
185	79	87  
185	79	91  
185	83	88  
185	88	103  
185	88	104  
185	88	107  
185	88	108  
185	88	109  
185	88	93  
186	0	1  
186	0	15  
186	100	102  
186	101	106  
186	11	48  
186	11	75  
186	1	2  
186	12	17  
186	12	29  
186	16	39  
186	17	29  
186	17	36  
186	17	37  
186	17	43  
186	17	56  
186	18	39  
186	21	22  
186	21	45  
186	21	88  
186	22	45  
186	22	83  
186	22	88  
186	23	24  
186	23	35  
186	23	48  
186	24	48  
186	25	28  
186	33	82  
186	36	82  
186	3	71  
186	37	82  
186	45	83  
186	45	88  
186	55	79  
186	56	84  
186	6	20  
186	7	17  
186	7	33  
186	7	36  
186	7	37  
186	7	43  
186	7	79  
186	7	82  
186	83	88  
186	85	94  
186	8	69  
186	86	94  
186	9	20  
186	94	95  
186	9	69  
187	0	2  
187	12	56  
187	21	45  
187	22	45  
187	37	82  
187	4	96  
187	56	84  
187	7	17  
187	7	45  
187	8	62  
188	0	1  
188	0	15  
188	0	2  
188	0	4  
188	0	5  
188	0	69  
188	0	9  
188	0	92  
188	100	109  
188	101	102  
188	101	104  
188	102	107  
188	104	107  
188	11	23  
188	11	64  
188	17	36  
188	17	37  
188	19	65  
188	21	22  
188	22	45  
188	22	83  
188	2	4  
188	2	5  
188	25	26  
188	2	92  
188	3	71  
188	6	71  
188	7	17  
188	72	106  
188	7	30  
188	7	33  
188	9	20  
188	93	100  
189	0	1  
189	0	15  
189	0	2  
189	0	4  
189	0	5  
189	0	92  
189	100	106  
189	11	64  
189	12	29  
189	12	43  
189	12	56  
189	12	84  
189	15	18  
189	17	29  
189	17	36  
189	17	37  
189	17	43  
189	19	69  
189	21	45  
189	21	88  
189	22	103  
189	22	109  
189	22	45  
189	22	50  
189	22	72  
189	22	83  
189	22	93  
189	23	24  
189	2	4  
189	2	5  
189	25	26  
189	26	41  
189	2	92  
189	29	37  
189	29	42  
189	29	43  
189	29	56  
189	29	57  
189	29	84  
189	30	75  
189	33	36  
189	33	37  
189	33	82  
189	36	37  
189	36	82  
189	3	71  
189	37	82  
189	39	92  
189	45	83  
189	45	88  
189	4	92  
189	4	96  
189	56	84  
189	5	92  
189	6	71  
189	7	17  
189	7	25  
189	7	29  
189	7	33  
189	7	37  
189	7	66  
189	7	75  
189	7	87  
189	8	54  
189	85	94  
189	86	94  
189	8	9  
189	9	20  
189	94	95  
189	9	54  
180	0	1  
180	0	15  
180	0	2  
180	0	4  
180	0	5  
180	0	69  
180	0	9  
180	0	92  
180	10	21  
180	11	23  
180	15	18  
180	16	18  
180	17	29  
180	17	56  
180	17	84  
180	19	69  
180	21	22  
180	21	45  
180	22	45  
180	22	83  
180	22	88  
180	23	35  
180	2	4  
180	2	5  
180	25	26  
180	2	92  
180	3	16  
180	32	87  
180	33	34  
180	34	36  
180	34	82  
180	36	82  
180	3	71  
180	38	99  
180	39	92  
180	45	46  
180	45	88  
180	4	92  
180	5	92  
180	6	16  
180	7	17  
180	7	29  
180	7	30  
180	7	32  
180	7	37  
180	7	66  
181	0	1  
181	0	15  
181	0	69  
181	0	9  
181	100	104  
181	11	23  
181	17	29  
181	19	65  
181	19	87  
181	21	22  
181	21	45  
181	22	45  
181	22	78  
181	22	88  
181	2	5  
181	25	26  
181	26	75  
181	30	75  
181	36	82  
181	3	71  
181	41	75  
181	45	88  
181	6	16  
181	7	17  
181	7	29  
181	7	30  
181	7	36  
181	7	45  
181	8	20  
182	0	1  
182	0	15  
182	0	2  
182	0	4  
182	0	44  
182	0	5  
182	0	69  
182	0	9  
182	0	92  
182	12	54  
182	14	54  
182	16	18  
182	16	39  
182	16	59  
182	17	29  
182	17	37  
182	19	87  
182	21	22  
182	21	45  
182	22	45  
182	22	83  
182	22	88  
182	23	24  
182	2	4  
182	26	78  
182	2	92  
182	29	37  
182	29	42  
182	29	45  
182	3	23  
182	32	87  
182	33	36  
182	33	82  
182	36	82  
182	38	99  
182	4	5  
182	45	88  
182	50	88  
182	53	88  
182	54	62  
182	54	63  
182	54	98  
182	5	92  
182	6	16  
182	61	77  
182	68	82  
182	7	17  
182	72	88  
182	7	36  
182	7	37  
182	7	45  
182	7	82  
182	78	88  
182	83	88  
182	85	94  
182	86	94  
182	88	100  
182	88	101  
182	88	102  
182	88	103  
182	88	104  
182	88	105  
182	88	106  
182	88	107  
182	88	108  
182	88	109  
182	88	93  
182	88	97  
182	94	95  
183	0	1  
183	0	15  
183	0	19  
183	0	32  
183	0	44  
183	0	65  
183	0	92  
183	11	19  
183	11	28  
183	12	56  
183	12	84  
183	15	16  
183	21	22  
183	21	45  
183	21	88  
183	22	45  
183	22	50  
183	22	53  
183	22	83  
183	22	88  
183	23	24  
183	23	48  
183	2	92  
183	31	79  
183	45	88  
183	5	92  
183	7	30  
184	0	1  
184	0	15  
184	0	2  
184	0	4  
184	0	44  
184	0	5  
184	0	54  
184	0	69  
184	0	9  
184	0	92  
184	100	109  
184	101	106  
184	102	104  
184	103	106  
184	10	44  
184	106	109  
184	1	5  
184	15	16  
184	16	18  
184	16	59  
184	17	29  
184	17	36  
184	1	92  
184	20	54  
184	21	45  
184	21	88  
184	22	45  
184	23	35  
184	2	4  
184	2	5  
184	25	26  
184	25	28  
184	26	41  
184	26	61  
184	26	75  
184	26	78  
184	26	91  
184	2	92  
184	29	56  
184	32	87  
184	33	82  
184	3	48  
184	3	71  
184	44	54  
184	44	69  
184	45	46  
184	45	83  
184	45	88  
184	46	75  
184	50	106  
184	56	84  
184	72	106  
184	7	29  
184	7	30  
184	7	32  
184	7	37  
184	8	12  
184	85	94  
184	8	69  
184	86	94  
184	8	9  
184	93	100  
184	93	106  
184	9	44  
184	94	95  
184	9	54  
184	9	69  
185	0	1  
185	0	15  
185	0	69  
185	0	9  
185	0	92  
185	102	104  
185	16	18  
185	16	59  
185	21	45  
185	21	88  
185	22	45  
185	2	4  
185	25	26  
185	26	41  
185	2	92  
185	32	79  
185	32	87  
185	36	82  
185	39	92  
185	4	10  
185	41	46  
185	41	61  
185	41	67  
185	41	74  
185	41	75  
185	45	88  
185	4	92  
185	50	88  
185	5	92  
185	61	75  
185	61	77  
185	7	26  
185	72	88  
185	7	30  
185	7	37  
185	78	88  
185	79	87  
185	79	91  
185	83	88  
185	88	103  
185	88	104  
185	88	107  
185	88	108  
185	88	109  
185	88	93  
186	0	1  
186	0	15  
186	100	102  
186	101	106  
186	11	48  
186	11	75  
186	1	2  
186	12	17  
186	12	29  
186	16	39  
186	17	29  
186	17	36  
186	17	37  
186	17	43  
186	17	56  
186	18	39  
186	21	22  
186	21	45  
186	21	88  
186	22	45  
186	22	83  
186	22	88  
186	23	24  
186	23	35  
186	23	48  
186	24	48  
186	25	28  
186	33	82  
186	36	82  
186	3	71  
186	37	82  
186	45	83  
186	45	88  
186	55	79  
186	56	84  
186	6	20  
186	7	17  
186	7	33  
186	7	36  
186	7	37  
186	7	43  
186	7	79  
186	7	82  
186	83	88  
186	85	94  
186	8	69  
186	86	94  
186	9	20  
186	94	95  
186	9	69  
187	0	2  
187	12	56  
187	21	45  
187	22	45  
187	37	82  
187	4	96  
187	56	84  
187	7	17  
187	7	45  
187	8	62  
188	0	1  
188	0	15  
188	0	2  
188	0	4  
188	0	5  
188	0	69  
188	0	9  
188	0	92  
188	100	109  
188	101	102  
188	101	104  
188	102	107  
188	104	107  
188	11	23  
188	11	64  
188	17	36  
188	17	37  
188	19	65  
188	21	22  
188	22	45  
188	22	83  
188	2	4  
188	2	5  
188	25	26  
188	2	92  
188	3	71  
188	6	71  
188	7	17  
188	72	106  
188	7	30  
188	7	33  
188	9	20  
188	93	100  
189	0	1  
189	0	15  
189	0	2  
189	0	4  
189	0	5  
189	0	92  
189	100	106  
189	11	64  
189	12	29  
189	12	43  
189	12	56  
189	12	84  
189	15	18  
189	17	29  
189	17	36  
189	17	37  
189	17	43  
189	19	69  
189	21	45  
189	21	88  
189	22	103  
189	22	109  
189	22	45  
189	22	50  
189	22	72  
189	22	83  
189	22	93  
189	23	24  
189	2	4  
189	2	5  
189	25	26  
189	26	41  
189	2	92  
189	29	37  
189	29	42  
189	29	43  
189	29	56  
189	29	57  
189	29	84  
189	30	75  
189	33	36  
189	33	37  
189	33	82  
189	36	37  
189	36	82  
189	3	71  
189	37	82  
189	39	92  
189	45	83  
189	45	88  
189	4	92  
189	4	96  
189	56	84  
189	5	92  
189	6	71  
189	7	17  
189	7	25  
189	7	29  
189	7	33  
189	7	37  
189	7	66  
189	7	75  
189	7	87  
189	8	54  
189	85	94  
189	86	94  
189	8	9  
189	9	20  
189	94	95  
189	9	54  
