10	0	4  
11	2	4  
11	3	7  
12	2	4  
12	3	7  
16	1	2  
16	3	7  
18	0	1  
18	0	2  
18	0	4  
18	0	5  
18	1	2  
18	2	4  
18	2	5  
19	0	1  
19	0	2  
19	0	4  
19	0	5  
19	1	2  
19	2	4  
19	2	5  
19	8	9  
10	0	4  
11	2	4  
11	3	7  
12	2	4  
12	3	7  
16	1	2  
16	3	7  
18	0	1  
18	0	2  
18	0	4  
18	0	5  
18	1	2  
18	2	4  
18	2	5  
19	0	1  
19	0	2  
19	0	4  
19	0	5  
19	1	2  
19	2	4  
19	2	5  
19	8	9  
10	0	4  
11	2	4  
11	3	7  
12	2	4  
12	3	7  
16	1	2  
16	3	7  
18	0	1  
18	0	2  
18	0	4  
18	0	5  
18	1	2  
18	2	4  
18	2	5  
19	0	1  
19	0	2  
19	0	4  
19	0	5  
19	1	2  
19	2	4  
19	2	5  
19	8	9  
