300	0	1  
300	0	18  
300	0	39  
300	0	92  
300	111	118  
300	111	122  
300	11	19  
300	112	124  
300	11	75  
300	1	2  
300	124	138  
300	12	54  
300	1	3  
300	13	143  
300	136	139  
300	139	140  
300	140	142  
300	17	56  
300	19	116  
300	19	120  
300	19	75  
300	19	87  
300	21	142  
300	21	143  
300	21	45  
300	23	127  
300	23	48  
300	2	39  
300	26	75  
300	29	34  
300	29	37  
300	29	43  
300	29	57  
300	29	68  
300	30	75  
300	32	64  
300	32	87  
300	33	144  
300	33	82  
300	34	115  
300	34	144  
300	34	36  
300	34	37  
300	34	57  
300	34	82  
300	34	84  
300	3	6  
300	36	42  
300	3	71  
300	37	82  
300	37	84  
300	41	71  
300	41	75  
300	44	136  
300	45	140  
300	45	142  
300	45	143  
300	46	75  
300	5	18  
300	56	84  
300	61	75  
300	62	114  
300	62	140  
300	62	63  
300	63	143  
300	6	45  
300	64	69  
300	64	87  
300	65	87  
300	66	87  
300	6	71  
300	6	75  
300	67	71  
300	67	75  
300	71	146  
300	71	75  
300	75	113  
300	75	116  
300	75	120  
300	75	126  
300	75	128  
300	75	91  
300	79	124  
300	82	115  
300	82	144  
300	8	62  
300	8	9  
300	90	137  
300	9	114  
300	9	136  
300	9	140  
300	9	54  
300	97	104  
300	97	106  
300	97	108  
300	97	111  
300	97	118  
300	97	122  
300	98	140  
301	0	1  
301	0	136  
301	0	19  
301	0	2  
301	0	32  
301	0	5  
301	0	92  
301	100	109  
301	10	136  
301	105	107  
301	10	96  
301	1	10  
301	110	134  
301	112	120  
301	112	136  
301	11	23  
301	11	31  
301	116	117  
301	117	123  
301	1	18  
301	1	2  
301	124	138  
301	12	43  
301	12	56  
301	12	63  
301	1	3  
301	1	39  
301	142	143  
301	1	5  
301	17	56  
301	17	57  
301	18	121  
301	18	136  
301	18	39  
301	19	112  
301	19	114  
301	19	32  
301	19	64  
301	19	69  
301	19	72  
301	19	87  
301	20	56  
301	21	142  
301	21	143  
301	21	45  
301	23	119  
301	23	24  
301	23	31  
301	23	48  
301	23	55  
301	23	81  
301	2	39  
301	24	31  
301	2	5  
301	25	116  
301	25	117  
301	25	124  
301	25	125  
301	25	26  
301	26	75  
301	27	73  
301	2	92  
301	29	33  
301	29	57  
301	31	119  
301	31	127  
301	31	130  
301	31	38  
301	31	48  
301	31	55  
301	31	75  
301	3	18  
301	31	81  
301	31	87  
301	32	112  
301	32	64  
301	32	87  
301	33	144  
301	33	34  
301	33	37  
301	33	42  
301	33	57  
301	33	84  
301	3	39  
301	34	115  
301	34	144  
301	34	37  
301	34	57  
301	34	68  
301	34	82  
301	37	84  
301	39	72  
301	39	80  
301	40	146  
301	40	71  
301	43	84  
301	44	133  
301	45	142  
301	45	143  
301	46	112  
301	51	120  
301	5	136  
301	5	39  
301	57	68  
301	5	92  
301	59	80  
301	60	137  
301	62	114  
301	63	143  
301	6	39  
301	64	119  
301	6	45  
301	64	65  
301	64	66  
301	64	87  
301	65	87  
301	66	69  
301	66	87  
301	6	71  
301	6	72  
301	6	75  
301	69	87  
301	71	146  
301	72	75  
301	73	89  
301	75	116  
301	79	124  
301	8	143  
301	82	115  
301	87	124  
301	93	109  
301	95	134  
301	97	108  
301	98	139  
301	98	140  
301	98	143  
302	0	1  
302	0	10  
302	0	136  
302	0	19  
302	0	32  
302	11	120  
302	12	56  
302	12	84  
302	1	39  
302	17	56  
302	19	32  
302	19	72  
302	19	87  
302	21	142  
302	2	136  
302	21	45  
302	2	39  
302	2	5  
302	25	26  
302	25	28  
302	28	116  
302	29	43  
302	31	127  
302	31	87  
302	32	112  
302	32	87  
302	33	34  
302	33	37  
302	33	82  
302	34	115  
302	34	37  
302	34	82  
302	3	72  
302	37	82  
302	39	72  
302	45	142  
302	45	143  
302	45	147  
302	45	83  
302	46	112  
302	56	84  
302	60	137  
302	61	128  
302	61	80  
302	62	114  
302	63	143  
302	63	98  
302	6	45  
302	64	87  
302	65	87  
302	66	87  
302	6	71  
302	6	72  
302	75	113  
302	75	128  
302	75	91  
302	82	115  
302	82	144  
302	8	63  
302	87	124  
302	9	112  
302	93	100  
302	98	143  
303	0	1  
303	0	136  
303	0	2  
303	0	5  
303	0	92  
303	100	109  
303	10	132  
303	10	134  
303	10	136  
303	1	10  
303	112	120  
303	1	136  
303	115	144  
303	11	55  
303	116	126  
303	1	18  
303	1	2  
303	12	133  
303	12	29  
303	124	138  
303	12	43  
303	12	54  
303	12	56  
303	12	84  
303	1	3  
303	132	134  
303	13	54  
303	1	39  
303	13	98  
303	1	5  
303	17	145  
303	1	72  
303	17	56  
303	17	57  
303	17	84  
303	18	121  
303	18	39  
303	1	92  
303	19	32  
303	19	55  
303	19	64  
303	19	65  
303	19	72  
303	19	87  
303	20	54  
303	21	142  
303	21	143  
303	2	136  
303	21	45  
303	23	127  
303	23	31  
303	23	48  
303	2	5  
303	25	123  
303	25	26  
303	26	31  
303	26	75  
303	27	132  
303	28	116  
303	2	92  
303	29	34  
303	29	57  
303	29	68  
303	29	84  
303	31	113  
303	31	124  
303	31	126  
303	31	128  
303	31	41  
303	31	46  
303	31	61  
303	31	67  
303	31	75  
303	31	91  
303	32	112  
303	32	64  
303	32	87  
303	33	144  
303	33	34  
303	33	37  
303	33	84  
303	34	115  
303	34	144  
303	34	37  
303	34	57  
303	34	82  
303	36	68  
303	36	82  
303	3	71  
303	37	144  
303	37	57  
303	37	84  
303	39	72  
303	39	92  
303	40	146  
303	40	41  
303	40	71  
303	41	146  
303	41	67  
303	41	75  
303	43	54  
303	43	56  
303	43	84  
303	44	136  
303	44	140  
303	45	142  
303	45	143  
303	46	55  
303	46	75  
303	47	55  
303	5	136  
303	54	114  
303	54	139  
303	54	143  
303	54	147  
303	54	56  
303	54	62  
303	54	63  
303	54	98  
303	55	112  
303	55	119  
303	55	64  
303	55	65  
303	55	81  
303	55	89  
303	56	84  
303	57	68  
303	59	129  
303	5	92  
303	60	137  
303	61	75  
303	62	114  
303	63	143  
303	64	119  
303	6	45  
303	64	65  
303	64	66  
303	64	69  
303	64	87  
303	6	55  
303	65	87  
303	66	81  
303	66	87  
303	6	71  
303	6	72  
303	6	75  
303	67	75  
303	6	89  
303	6	9  
303	69	87  
303	71	146  
303	72	128  
303	72	75  
303	73	89  
303	75	113  
303	75	128  
303	75	91  
303	82	144  
303	8	54  
303	8	9  
303	90	137  
303	9	11  
303	9	120  
303	9	126  
303	9	131  
303	9	132  
303	9	136  
303	9	142  
303	9	147  
303	9	19  
303	92	136  
303	9	27  
303	9	28  
303	93	109  
303	94	134  
303	94	135  
303	94	137  
303	9	50  
303	9	51  
303	9	52  
303	9	54  
303	9	69  
303	9	75  
303	98	139  
304	0	10  
304	0	136  
304	0	2  
304	0	5  
304	0	92  
304	100	106  
304	100	109  
304	106	109  
304	108	111  
304	1	10  
304	124	138  
304	12	56  
304	1	39  
304	143	147  
304	1	5  
304	17	56  
304	18	146  
304	18	39  
304	19	32  
304	19	64  
304	19	87  
304	20	54  
304	21	142  
304	21	143  
304	21	45  
304	23	48  
304	2	39  
304	2	5  
304	25	124  
304	25	26  
304	26	31  
304	26	75  
304	29	142  
304	29	43  
304	31	113  
304	31	126  
304	31	41  
304	3	146  
304	31	46  
304	31	61  
304	31	67  
304	31	75  
304	3	18  
304	32	87  
304	34	144  
304	34	36  
304	36	42  
304	36	56  
304	40	146  
304	43	56  
304	45	142  
304	46	75  
304	5	136  
304	56	84  
304	5	92  
304	60	137  
304	6	40  
304	64	133  
304	6	45  
304	64	65  
304	64	66  
304	64	87  
304	65	87  
304	66	69  
304	66	87  
304	8	147  
304	8	20  
304	9	112  
304	9	142  
304	93	100  
304	93	109  
304	9	44  
304	97	109  
304	98	139  
305	0	1  
305	0	139  
305	0	92  
305	100	105  
305	100	109  
305	10	139  
305	11	120  
305	11	124  
305	11	28  
305	1	136  
305	1	139  
305	114	133  
305	11	48  
305	116	130  
305	11	75  
305	119	124  
305	1	2  
305	123	125  
305	124	127  
305	124	130  
305	124	138  
305	12	54  
305	12	56  
305	126	129  
305	13	143  
305	136	139  
305	1	39  
305	139	140  
305	139	145  
305	144	145  
305	1	5  
305	17	145  
305	17	56  
305	18	139  
305	19	130  
305	1	92  
305	19	32  
305	19	64  
305	19	87  
305	20	141  
305	21	142  
305	2	139  
305	21	45  
305	23	124  
305	2	39  
305	24	124  
305	25	117  
305	25	125  
305	25	26  
305	25	28  
305	26	31  
305	26	91  
305	27	94  
305	28	116  
305	28	130  
305	28	66  
305	28	69  
305	2	92  
305	29	57  
305	31	113  
305	31	124  
305	31	126  
305	31	128  
305	31	138  
305	3	139  
305	31	41  
305	31	46  
305	31	61  
305	31	67  
305	31	75  
305	31	91  
305	32	64  
305	32	87  
305	33	34  
305	33	37  
305	33	84  
305	34	115  
305	34	144  
305	34	145  
305	34	37  
305	34	82  
305	37	145  
305	3	72  
305	37	42  
305	37	84  
305	38	124  
305	39	72  
305	39	92  
305	40	146  
305	40	41  
305	40	71  
305	43	56  
305	44	139  
305	45	142  
305	46	75  
305	46	91  
305	47	75  
305	48	124  
305	49	130  
305	49	63  
305	5	139  
305	5	18  
305	54	143  
305	54	147  
305	55	124  
305	56	145  
305	56	84  
305	5	92  
305	62	139  
305	63	127  
305	6	45  
305	64	65  
305	64	66  
305	64	69  
305	64	87  
305	65	66  
305	65	87  
305	66	87  
305	6	71  
305	69	116  
305	75	120  
305	81	124  
305	8	114  
305	8	129  
305	8	20  
305	8	49  
305	8	54  
305	8	62  
305	8	69  
305	87	124  
305	89	94  
305	90	132  
305	90	137  
305	90	141  
305	90	142  
305	9	121  
305	9	19  
305	92	136  
305	92	139  
305	93	109  
305	94	134  
305	94	135  
305	94	95  
305	9	54  
305	96	139  
305	9	62  
305	97	109  
306	0	1  
306	0	2  
306	0	5  
306	0	92  
306	100	107  
306	100	109  
306	10	132  
306	10	139  
306	105	107  
306	106	109  
306	10	96  
306	1	10  
306	11	124  
306	11	126  
306	11	20  
306	114	143  
306	11	48  
306	115	144  
306	115	145  
306	116	126  
306	116	130  
306	119	124  
306	1	2  
306	124	127  
306	124	130  
306	12	43  
306	12	54  
306	12	56  
306	1	3  
306	13	143  
306	132	141  
306	136	139  
306	1	39  
306	139	140  
306	142	143  
306	144	145  
306	1	5  
306	17	34  
306	17	37  
306	17	43  
306	17	56  
306	18	121  
306	18	39  
306	1	92  
306	19	32  
306	19	72  
306	19	87  
306	20	116  
306	20	120  
306	20	75  
306	21	114  
306	21	132  
306	21	142  
306	21	143  
306	21	147  
306	2	136  
306	21	45  
306	21	63  
306	23	124  
306	24	124  
306	2	5  
306	25	116  
306	25	117  
306	25	124  
306	25	125  
306	25	26  
306	25	28  
306	25	91  
306	26	61  
306	26	75  
306	28	116  
306	28	117  
306	28	130  
306	2	92  
306	29	57  
306	29	68  
306	31	103  
306	31	124  
306	31	146  
306	31	41  
306	31	47  
306	31	71  
306	31	72  
306	31	75  
306	3	18  
306	31	83  
306	31	87  
306	33	115  
306	33	144  
306	33	145  
306	33	34  
306	33	36  
306	33	37  
306	33	42  
306	33	57  
306	33	82  
306	3	39  
306	34	115  
306	34	144  
306	34	145  
306	34	36  
306	34	37  
306	34	42  
306	34	57  
306	34	82  
306	36	37  
306	36	82  
306	37	115  
306	37	145  
306	3	72  
306	37	82  
306	37	84  
306	39	72  
306	39	92  
306	40	146  
306	40	41  
306	40	71  
306	41	75  
306	42	145  
306	42	82  
306	44	136  
306	44	139  
306	44	98  
306	45	142  
306	46	126  
306	46	75  
306	48	124  
306	5	136  
306	5	39  
306	54	143  
306	54	147  
306	55	124  
306	56	84  
306	57	68  
306	57	82  
306	5	92  
306	6	142  
306	6	146  
306	61	75  
306	62	139  
306	6	31  
306	63	143  
306	6	45  
306	64	65  
306	64	66  
306	64	69  
306	64	87  
306	6	71  
306	6	75  
306	67	75  
306	68	82  
306	69	87  
306	71	146  
306	72	75  
306	75	113  
306	75	120  
306	75	126  
306	75	128  
306	75	83  
306	75	91  
306	81	124  
306	8	114  
306	8	12  
306	8	126  
306	8	143  
306	8	21  
306	82	115  
306	82	144  
306	82	145  
306	8	28  
306	8	49  
306	8	62  
306	87	124  
306	8	9  
306	89	132  
306	90	132  
306	90	137  
306	90	141  
306	90	142  
306	9	10  
306	9	121  
306	9	143  
306	9	21  
306	92	136  
306	93	100  
306	97	100  
306	97	109  
306	98	143  
306	99	142  
307	0	1  
307	0	5  
307	100	109  
307	101	109  
307	10	96  
307	1	10  
307	115	145  
307	119	130  
307	1	2  
307	120	131  
307	12	43  
307	12	54  
307	12	56  
307	12	84  
307	1	3  
307	1	39  
307	17	145  
307	17	37  
307	17	56  
307	18	121  
307	18	92  
307	19	72  
307	19	87  
307	21	142  
307	21	45  
307	2	5  
307	25	117  
307	25	123  
307	25	125  
307	25	26  
307	26	75  
307	2	9  
307	2	92  
307	29	56  
307	29	57  
307	29	68  
307	31	71  
307	31	75  
307	32	87  
307	34	145  
307	34	36  
307	34	37  
307	34	68  
307	36	42  
307	37	115  
307	37	145  
307	37	42  
307	37	43  
307	37	56  
307	37	68  
307	39	92  
307	40	146  
307	41	146  
307	41	75  
307	42	145  
307	43	56  
307	44	139  
307	44	140  
307	45	142  
307	46	75  
307	51	78  
307	54	147  
307	56	84  
307	61	75  
307	63	143  
307	64	65  
307	64	87  
307	65	87  
307	66	87  
307	6	71  
307	6	72  
307	6	75  
307	67	75  
307	72	128  
307	72	75  
307	75	113  
307	75	126  
307	75	128  
307	75	91  
307	8	143  
307	9	20  
307	92	121  
307	93	100  
307	9	39  
307	9	54  
308	0	1  
308	0	136  
308	0	92  
308	100	109  
308	10	143  
308	1	10  
308	11	19  
308	1	136  
308	114	133  
308	11	48  
308	115	145  
308	11	69  
308	1	2  
308	120	131  
308	12	56  
308	1	3  
308	13	143  
308	132	142  
308	136	139  
308	1	39  
308	144	145  
308	1	5  
308	17	45  
308	17	56  
308	1	92  
308	19	69  
308	19	72  
308	19	87  
308	21	142  
308	21	143  
308	21	147  
308	2	136  
308	21	45  
308	26	31  
308	26	75  
308	26	91  
308	28	69  
308	2	92  
308	29	43  
308	29	56  
308	29	57  
308	29	68  
308	29	82  
308	29	84  
308	31	113  
308	31	126  
308	31	128  
308	3	139  
308	31	41  
308	31	61  
308	31	67  
308	31	71  
308	31	72  
308	31	75  
308	31	91  
308	32	87  
308	33	145  
308	33	34  
308	33	37  
308	33	42  
308	33	56  
308	33	57  
308	33	82  
308	34	145  
308	34	37  
308	34	82  
308	37	145  
308	3	72  
308	37	42  
308	37	43  
308	37	45  
308	37	56  
308	37	82  
308	37	84  
308	38	130  
308	39	92  
308	41	146  
308	41	75  
308	42	145  
308	43	56  
308	44	143  
308	45	142  
308	46	75  
308	5	136  
308	51	78  
308	54	143  
308	55	119  
308	55	69  
308	55	81  
308	56	82  
308	56	84  
308	57	145  
308	5	92  
308	60	137  
308	60	90  
308	6	128  
308	6	146  
308	61	75  
308	63	143  
308	6	45  
308	64	87  
308	65	130  
308	65	69  
308	65	87  
308	66	87  
308	6	72  
308	6	75  
308	67	75  
308	68	82  
308	69	119  
308	69	81  
308	71	146  
308	72	128  
308	72	75  
308	75	113  
308	75	126  
308	75	128  
308	75	83  
308	75	91  
308	8	114  
308	8	143  
308	82	115  
308	82	144  
308	82	145  
308	82	84  
308	85	137  
308	85	94  
308	90	137  
308	9	142  
308	9	21  
308	92	136  
308	93	109  
308	98	143  
309	19	69  
309	25	124  
309	26	31  
309	29	56  
309	31	126  
309	31	128  
309	31	41  
309	31	46  
309	31	61  
309	31	71  
309	31	72  
309	31	75  
309	31	91  
309	33	56  
309	37	145  
309	37	42  
309	37	45  
309	37	56  
309	37	82  
309	3	9  
309	43	56  
309	44	140  
309	56	82  
309	56	84  
309	9	139  
