220	0	1  
220	0	15  
220	0	2  
220	0	4  
220	0	5  
220	0	92  
220	100	106  
220	100	109  
220	101	106  
220	103	106  
220	106	109  
220	15	16  
220	15	18  
220	16	18  
220	16	39  
220	18	39  
220	19	75  
220	21	22  
220	21	45  
220	22	45  
220	22	46  
220	22	62  
220	22	75  
220	22	83  
220	22	88  
220	23	24  
220	2	39  
220	2	4  
220	2	5  
220	25	26  
220	26	75  
220	2	92  
220	29	62  
220	30	75  
220	3	40  
220	3	48  
220	3	71  
220	40	71  
220	4	10  
220	4	5  
220	45	83  
220	46	75  
220	4	92  
220	50	106  
220	56	84  
220	61	75  
220	61	77  
220	66	75  
220	67	75  
220	7	25  
220	7	26  
220	7	33  
220	75	77  
220	7	82  
220	8	20  
220	83	106  
220	93	100  
220	93	106  
221	0	1  
221	0	10  
221	0	2  
221	0	4  
221	0	5  
221	0	92  
221	100	103  
221	101	106  
221	103	106  
221	106	109  
221	1	2  
221	15	18  
221	16	18  
221	17	36  
221	17	37  
221	17	43  
221	17	68  
221	19	54  
221	21	45  
221	22	109  
221	22	45  
221	2	4  
221	2	5  
221	2	92  
221	3	18  
221	32	64  
221	32	65  
221	3	40  
221	3	71  
221	4	5  
221	45	83  
221	46	75  
221	4	92  
221	50	100  
221	50	106  
221	5	39  
221	56	84  
221	5	92  
221	61	75  
221	64	65  
221	66	75  
221	6	72  
221	6	76  
221	67	75  
221	74	75  
221	75	77  
221	7	75  
221	8	19  
221	83	106  
221	93	100  
221	93	106  
222	0	1  
222	0	2  
222	0	4  
222	0	5  
222	0	92  
222	100	106  
222	101	106  
222	103	106  
222	10	44  
222	106	109  
222	11	24  
222	11	38  
222	11	58  
222	11	81  
222	1	2  
222	15	16  
222	16	18  
222	16	72  
222	17	29  
222	17	34  
222	17	37  
222	17	43  
222	17	45  
222	18	39  
222	19	65  
222	21	45  
222	23	24  
222	2	4  
222	2	5  
222	25	26  
222	26	75  
222	2	72  
222	2	92  
222	3	48  
222	3	6  
222	3	71  
222	37	45  
222	39	72  
222	39	92  
222	4	5  
222	4	92  
222	50	106  
222	5	39  
222	56	84  
222	5	92  
222	6	39  
222	7	17  
222	7	33  
222	7	36  
222	7	37  
222	7	45  
222	7	82  
222	83	106  
222	9	20  
222	93	106  
222	96	97  
223	0	1  
223	0	2  
223	0	4  
223	0	5  
223	0	92  
223	100	104  
223	15	16  
223	16	18  
223	16	72  
223	17	29  
223	17	43  
223	17	56  
223	17	57  
223	21	22  
223	21	45  
223	22	100  
223	22	109  
223	22	45  
223	22	46  
223	22	62  
223	22	75  
223	22	83  
223	23	24  
223	23	31  
223	23	38  
223	2	4  
223	2	5  
223	26	75  
223	30	75  
223	33	36  
223	33	37  
223	33	82  
223	36	82  
223	37	82  
223	4	10  
223	4	5  
223	46	75  
223	5	39  
223	5	92  
223	61	75  
223	6	72  
223	75	77  
223	7	75  
224	0	1  
224	0	10  
224	0	15  
224	0	2  
224	0	4  
224	0	5  
224	0	92  
224	102	106  
224	106	107  
224	106	111  
224	13	45  
224	15	16  
224	15	18  
224	16	18  
224	16	72  
224	17	45  
224	18	39  
224	19	58  
224	21	22  
224	21	45  
224	22	100  
224	22	45  
224	23	35  
224	23	38  
224	2	4  
224	2	5  
224	26	75  
224	2	72  
224	2	92  
224	29	45  
224	30	75  
224	33	36  
224	33	37  
224	33	82  
224	3	6  
224	36	82  
224	3	71  
224	3	72  
224	37	45  
224	39	92  
224	4	5  
224	45	83  
224	45	88  
224	46	75  
224	4	92  
224	5	39  
224	55	76  
224	5	92  
224	59	80  
224	6	16  
224	61	75  
224	6	18  
224	6	72  
224	67	75  
224	71	75  
224	72	92  
224	7	45  
224	74	75  
224	75	77  
224	7	75  
224	7	82  
224	83	106  
224	8	76  
224	9	69  
224	9	76  
225	0	10  
225	0	19  
225	0	2  
225	0	5  
225	0	92  
225	100	106  
225	15	18  
225	21	45  
225	22	45  
225	33	82  
225	3	48  
225	36	82  
225	37	82  
225	45	83  
225	5	92  
225	8	44  
225	9	44  
225	9	76  
226	0	1  
226	0	10  
226	0	19  
226	0	2  
226	0	32  
226	0	4  
226	0	5  
226	0	9  
226	0	92  
226	100	106  
226	100	109  
226	10	45  
226	11	38  
226	14	98  
226	15	18  
226	16	18  
226	17	37  
226	18	39  
226	19	32  
226	19	65  
226	19	76  
226	21	45  
226	22	45  
226	22	88  
226	23	48  
226	2	39  
226	2	4  
226	2	5  
226	25	26  
226	26	113  
226	26	30  
226	26	41  
226	26	46  
226	26	61  
226	26	67  
226	26	74  
226	26	75  
226	26	77  
226	2	72  
226	2	92  
226	3	18  
226	32	87  
226	3	71  
226	38	99  
226	4	10  
226	44	98  
226	4	5  
226	4	92  
226	61	75  
226	61	77  
226	67	75  
226	7	17  
226	7	26  
226	7	36  
226	7	37  
226	7	45  
226	75	77  
226	7	82  
226	8	62  
226	8	76  
226	9	112  
226	9	54  
227	0	1  
227	0	19  
227	0	32  
227	0	4  
227	0	92  
227	100	101  
227	100	103  
227	100	105  
227	100	106  
227	100	109  
227	105	106  
227	15	16  
227	15	18  
227	16	18  
227	16	72  
227	17	29  
227	17	36  
227	17	45  
227	21	22  
227	21	45  
227	22	100  
227	22	101  
227	22	109  
227	22	29  
227	22	45  
227	22	50  
227	22	72  
227	22	83  
227	22	88  
227	22	93  
227	22	97  
227	23	35  
227	2	4  
227	2	5  
227	2	92  
227	29	45  
227	32	64  
227	32	66  
227	32	87  
227	33	36  
227	33	82  
227	3	6  
227	36	37  
227	36	45  
227	36	57  
227	36	68  
227	36	82  
227	37	45  
227	37	82  
227	39	92  
227	45	88  
227	4	92  
227	50	100  
227	56	84  
227	5	92  
227	61	75  
227	6	71  
227	7	17  
227	7	36  
227	7	45  
227	75	77  
227	83	100  
227	93	100  
227	9	44  
228	0	1  
228	0	19  
228	0	2  
228	0	32  
228	0	4  
228	0	5  
228	0	92  
228	100	106  
228	106	109  
228	11	12  
228	12	20  
228	12	69  
228	15	18  
228	16	18  
228	16	39  
228	16	72  
228	17	29  
228	17	37  
228	18	39  
228	19	32  
228	19	87  
228	21	45  
228	2	4  
228	2	5  
228	25	26  
228	26	61  
228	26	77  
228	26	87  
228	26	91  
228	2	92  
228	3	18  
228	3	40  
228	3	48  
228	3	6  
228	36	82  
228	3	71  
228	37	82  
228	40	71  
228	41	75  
228	4	5  
228	4	92  
228	5	39  
228	5	92  
228	67	75  
228	68	82  
228	7	17  
228	7	30  
228	7	36  
228	7	37  
228	7	82  
228	9	112  
228	9	69  
229	0	1  
229	0	19  
229	0	2  
229	0	32  
229	0	4  
229	0	5  
229	0	92  
229	100	105  
229	100	106  
229	103	106  
229	10	44  
229	12	17  
229	12	29  
229	13	17  
229	14	76  
229	15	18  
229	16	18  
229	16	39  
229	16	72  
229	17	29  
229	17	36  
229	17	37  
229	17	43  
229	18	39  
229	18	72  
229	19	32  
229	19	64  
229	21	29  
229	21	45  
229	22	29  
229	2	4  
229	2	5  
229	25	26  
229	26	41  
229	26	74  
229	2	92  
229	29	34  
229	29	37  
229	29	42  
229	29	56  
229	29	57  
229	3	18  
229	32	64  
229	32	65  
229	32	66  
229	32	87  
229	3	32  
229	33	36  
229	33	82  
229	3	48  
229	3	6  
229	36	57  
229	36	68  
229	36	82  
229	37	82  
229	39	72  
229	39	92  
229	4	92  
229	5	18  
229	5	92  
229	63	76  
229	6	45  
229	64	65  
229	64	66  
229	6	75  
229	6	76  
229	7	17  
229	72	75  
229	7	29  
229	7	33  
229	7	36  
229	7	37  
229	7	45  
229	7	82  
229	8	76  
229	9	20  
229	9	76  
220	0	1  
220	0	15  
220	0	2  
220	0	4  
220	0	5  
220	0	92  
220	100	106  
220	100	109  
220	101	106  
220	103	106  
220	106	109  
220	15	16  
220	15	18  
220	16	18  
220	16	39  
220	18	39  
220	19	75  
220	21	22  
220	21	45  
220	22	45  
220	22	46  
220	22	62  
220	22	75  
220	22	83  
220	22	88  
220	23	24  
220	2	39  
220	2	4  
220	2	5  
220	25	26  
220	26	75  
220	2	92  
220	29	62  
220	30	75  
220	3	40  
220	3	48  
220	3	71  
220	40	71  
220	4	10  
220	4	5  
220	45	83  
220	46	75  
220	4	92  
220	50	106  
220	56	84  
220	61	75  
220	61	77  
220	66	75  
220	67	75  
220	7	25  
220	7	26  
220	7	33  
220	75	77  
220	7	82  
220	8	20  
220	83	106  
220	93	100  
220	93	106  
221	0	1  
221	0	10  
221	0	2  
221	0	4  
221	0	5  
221	0	92  
221	100	103  
221	101	106  
221	103	106  
221	106	109  
221	1	2  
221	15	18  
221	16	18  
221	17	36  
221	17	37  
221	17	43  
221	17	68  
221	19	54  
221	21	45  
221	22	109  
221	22	45  
221	2	4  
221	2	5  
221	2	92  
221	3	18  
221	32	64  
221	32	65  
221	3	40  
221	3	71  
221	4	5  
221	45	83  
221	46	75  
221	4	92  
221	50	100  
221	50	106  
221	5	39  
221	56	84  
221	5	92  
221	61	75  
221	64	65  
221	66	75  
221	6	72  
221	6	76  
221	67	75  
221	74	75  
221	75	77  
221	7	75  
221	8	19  
221	83	106  
221	93	100  
221	93	106  
222	0	1  
222	0	2  
222	0	4  
222	0	5  
222	0	92  
222	100	106  
222	101	106  
222	103	106  
222	10	44  
222	106	109  
222	11	24  
222	11	38  
222	11	58  
222	11	81  
222	1	2  
222	15	16  
222	16	18  
222	16	72  
222	17	29  
222	17	34  
222	17	37  
222	17	43  
222	17	45  
222	18	39  
222	19	65  
222	21	45  
222	23	24  
222	2	4  
222	2	5  
222	25	26  
222	26	75  
222	2	72  
222	2	92  
222	3	48  
222	3	6  
222	3	71  
222	37	45  
222	39	72  
222	39	92  
222	4	5  
222	4	92  
222	50	106  
222	5	39  
222	56	84  
222	5	92  
222	6	39  
222	7	17  
222	7	33  
222	7	36  
222	7	37  
222	7	45  
222	7	82  
222	83	106  
222	9	20  
222	93	106  
222	96	97  
223	0	1  
223	0	2  
223	0	4  
223	0	5  
223	0	92  
223	100	104  
223	15	16  
223	16	18  
223	16	72  
223	17	29  
223	17	43  
223	17	56  
223	17	57  
223	21	22  
223	21	45  
223	22	100  
223	22	109  
223	22	45  
223	22	46  
223	22	62  
223	22	75  
223	22	83  
223	23	24  
223	23	31  
223	23	38  
223	2	4  
223	2	5  
223	26	75  
223	30	75  
223	33	36  
223	33	37  
223	33	82  
223	36	82  
223	37	82  
223	4	10  
223	4	5  
223	46	75  
223	5	39  
223	5	92  
223	61	75  
223	6	72  
223	75	77  
223	7	75  
224	0	1  
224	0	10  
224	0	15  
224	0	2  
224	0	4  
224	0	5  
224	0	92  
224	102	106  
224	106	107  
224	106	111  
224	13	45  
224	15	16  
224	15	18  
224	16	18  
224	16	72  
224	17	45  
224	18	39  
224	19	58  
224	21	22  
224	21	45  
224	22	100  
224	22	45  
224	23	35  
224	23	38  
224	2	4  
224	2	5  
224	26	75  
224	2	72  
224	2	92  
224	29	45  
224	30	75  
224	33	36  
224	33	37  
224	33	82  
224	3	6  
224	36	82  
224	3	71  
224	3	72  
224	37	45  
224	39	92  
224	4	5  
224	45	83  
224	45	88  
224	46	75  
224	4	92  
224	5	39  
224	55	76  
224	5	92  
224	59	80  
224	6	16  
224	61	75  
224	6	18  
224	6	72  
224	67	75  
224	71	75  
224	72	92  
224	7	45  
224	74	75  
224	75	77  
224	7	75  
224	7	82  
224	83	106  
224	8	76  
224	9	69  
224	9	76  
225	0	10  
225	0	19  
225	0	2  
225	0	5  
225	0	92  
225	100	106  
225	15	18  
225	21	45  
225	22	45  
225	33	82  
225	3	48  
225	36	82  
225	37	82  
225	45	83  
225	5	92  
225	8	44  
225	9	44  
225	9	76  
226	0	1  
226	0	10  
226	0	19  
226	0	2  
226	0	32  
226	0	4  
226	0	5  
226	0	9  
226	0	92  
226	100	106  
226	100	109  
226	10	45  
226	11	38  
226	14	98  
226	15	18  
226	16	18  
226	17	37  
226	18	39  
226	19	32  
226	19	65  
226	19	76  
226	21	45  
226	22	45  
226	22	88  
226	23	48  
226	2	39  
226	2	4  
226	2	5  
226	25	26  
226	26	113  
226	26	30  
226	26	41  
226	26	46  
226	26	61  
226	26	67  
226	26	74  
226	26	75  
226	26	77  
226	2	72  
226	2	92  
226	3	18  
226	32	87  
226	3	71  
226	38	99  
226	4	10  
226	44	98  
226	4	5  
226	4	92  
226	61	75  
226	61	77  
226	67	75  
226	7	17  
226	7	26  
226	7	36  
226	7	37  
226	7	45  
226	75	77  
226	7	82  
226	8	62  
226	8	76  
226	9	112  
226	9	54  
227	0	1  
227	0	19  
227	0	32  
227	0	4  
227	0	92  
227	100	101  
227	100	103  
227	100	105  
227	100	106  
227	100	109  
227	105	106  
227	15	16  
227	15	18  
227	16	18  
227	16	72  
227	17	29  
227	17	36  
227	17	45  
227	21	22  
227	21	45  
227	22	100  
227	22	101  
227	22	109  
227	22	29  
227	22	45  
227	22	50  
227	22	72  
227	22	83  
227	22	88  
227	22	93  
227	22	97  
227	23	35  
227	2	4  
227	2	5  
227	2	92  
227	29	45  
227	32	64  
227	32	66  
227	32	87  
227	33	36  
227	33	82  
227	3	6  
227	36	37  
227	36	45  
227	36	57  
227	36	68  
227	36	82  
227	37	45  
227	37	82  
227	39	92  
227	45	88  
227	4	92  
227	50	100  
227	56	84  
227	5	92  
227	61	75  
227	6	71  
227	7	17  
227	7	36  
227	7	45  
227	75	77  
227	83	100  
227	93	100  
227	9	44  
228	0	1  
228	0	19  
228	0	2  
228	0	32  
228	0	4  
228	0	5  
228	0	92  
228	100	106  
228	106	109  
228	11	12  
228	12	20  
228	12	69  
228	15	18  
228	16	18  
228	16	39  
228	16	72  
228	17	29  
228	17	37  
228	18	39  
228	19	32  
228	19	87  
228	21	45  
228	2	4  
228	2	5  
228	25	26  
228	26	61  
228	26	77  
228	26	87  
228	26	91  
228	2	92  
228	3	18  
228	3	40  
228	3	48  
228	3	6  
228	36	82  
228	3	71  
228	37	82  
228	40	71  
228	41	75  
228	4	5  
228	4	92  
228	5	39  
228	5	92  
228	67	75  
228	68	82  
228	7	17  
228	7	30  
228	7	36  
228	7	37  
228	7	82  
228	9	112  
228	9	69  
229	0	1  
229	0	19  
229	0	2  
229	0	32  
229	0	4  
229	0	5  
229	0	92  
229	100	105  
229	100	106  
229	103	106  
229	10	44  
229	12	17  
229	12	29  
229	13	17  
229	14	76  
229	15	18  
229	16	18  
229	16	39  
229	16	72  
229	17	29  
229	17	36  
229	17	37  
229	17	43  
229	18	39  
229	18	72  
229	19	32  
229	19	64  
229	21	29  
229	21	45  
229	22	29  
229	2	4  
229	2	5  
229	25	26  
229	26	41  
229	26	74  
229	2	92  
229	29	34  
229	29	37  
229	29	42  
229	29	56  
229	29	57  
229	3	18  
229	32	64  
229	32	65  
229	32	66  
229	32	87  
229	3	32  
229	33	36  
229	33	82  
229	3	48  
229	3	6  
229	36	57  
229	36	68  
229	36	82  
229	37	82  
229	39	72  
229	39	92  
229	4	92  
229	5	18  
229	5	92  
229	63	76  
229	6	45  
229	64	65  
229	64	66  
229	6	75  
229	6	76  
229	7	17  
229	72	75  
229	7	29  
229	7	33  
229	7	36  
229	7	37  
229	7	45  
229	7	82  
229	8	76  
229	9	20  
229	9	76  
