260	100	104  
260	100	105  
260	104	106  
260	1	2  
260	1	39  
260	19	69  
260	21	45  
260	33	68  
260	33	82  
260	3	39  
260	34	68  
260	34	82  
260	37	82  
260	9	28  
260	97	100  
261	0	5  
261	100	107  
261	105	107  
261	1	2  
261	131	132  
261	1	5  
261	1	92  
261	19	72  
261	21	45  
261	2	5  
261	27	132  
261	29	57  
261	33	34  
261	33	36  
261	33	37  
261	33	82  
261	34	82  
261	36	82  
261	39	72  
261	50	103  
261	50	97  
261	5	136  
261	51	55  
261	52	132  
261	5	92  
261	60	137  
261	7	137  
261	7	60  
261	7	70  
261	7	86  
261	86	137  
261	89	132  
261	90	132  
261	90	137  
261	9	132  
261	9	20  
261	93	100  
261	93	97  
261	94	135  
261	94	137  
261	97	103  
261	97	107  
261	97	109  
262	100	109  
262	131	132  
262	18	39  
262	21	45  
262	29	57  
262	33	57  
262	33	82  
262	3	39  
262	34	57  
262	34	82  
262	37	82  
262	5	136  
262	60	137  
262	6	72  
262	6	9  
262	72	138  
262	8	21  
262	83	137  
262	86	94  
262	9	20  
262	9	21  
262	93	109  
262	94	131  
262	94	132  
263	100	108  
263	113	126  
263	19	32  
263	2	136  
263	21	45  
263	26	126  
263	29	56  
263	31	124  
263	31	87  
263	3	71  
263	39	72  
263	57	68  
263	60	137  
263	7	110  
263	7	134  
263	7	135  
263	7	47  
263	7	95  
263	8	45  
263	90	137  
263	9	45  
264	0	1  
264	10	139  
264	10	96  
264	113	126  
264	1	136  
264	1	18  
264	1	2  
264	120	126  
264	120	131  
264	12	56  
264	136	139  
264	1	39  
264	139	140  
264	14	114  
264	1	5  
264	18	72  
264	1	92  
264	19	32  
264	2	139  
264	21	45  
264	29	57  
264	30	32  
264	3	139  
264	3	18  
264	33	34  
264	33	36  
264	33	37  
264	33	82  
264	34	36  
264	34	82  
264	36	82  
264	39	72  
264	44	139  
264	45	126  
264	45	140  
264	46	126  
264	60	137  
264	6	126  
264	6	45  
264	73	94  
264	75	126  
264	8	45  
264	86	94  
264	9	132  
264	9	139  
264	9	20  
264	9	27  
264	9	45  
264	94	95  
264	96	139  
265	105	106  
265	106	107  
265	10	96  
265	120	126  
265	13	14  
265	13	21  
265	14	114  
265	17	37  
265	17	45  
265	18	116  
265	21	45  
265	26	75  
265	29	57  
265	30	75  
265	31	124  
265	37	45  
265	41	75  
265	44	136  
265	46	75  
265	61	75  
265	6	45  
265	6	75  
265	6	77  
265	67	75  
265	68	82  
265	7	132  
265	73	94  
265	75	113  
265	75	126  
265	75	128  
265	75	91  
265	7	75  
265	86	94  
265	87	124  
265	94	95  
265	97	106  
266	0	1  
266	0	139  
266	100	137  
266	10	139  
266	105	106  
266	106	107  
266	113	126  
266	1	136  
266	1	139  
266	1	2  
266	120	126  
266	131	132  
266	134	135  
266	136	139  
266	1	39  
266	139	140  
266	14	114  
266	14	45  
266	1	5  
266	1	62  
266	18	117  
266	18	139  
266	18	39  
266	18	72  
266	19	114  
266	19	132  
266	1	92  
266	19	32  
266	19	64  
266	19	87  
266	21	132  
266	2	136  
266	2	139  
266	21	45  
266	26	75  
266	29	57  
266	30	75  
266	31	124  
266	3	139  
266	3	18  
266	31	87  
266	32	87  
266	33	34  
266	33	82  
266	34	37  
266	34	82  
266	3	71  
266	39	59  
266	39	80  
266	41	75  
266	44	114  
266	44	139  
266	46	126  
266	46	75  
266	5	139  
266	59	80  
266	60	137  
266	61	75  
266	6	45  
266	6	75  
266	6	77  
266	67	75  
266	7	132  
266	7	137  
266	7	21  
266	73	134  
266	73	94  
266	75	113  
266	75	126  
266	75	128  
266	75	91  
266	7	60  
266	7	70  
266	7	86  
266	8	139  
266	8	62  
266	86	94  
266	92	139  
266	93	109  
266	94	95  
266	95	134  
266	96	139  
267	1	2  
267	2	136  
267	21	45  
267	29	57  
267	3	18  
267	33	57  
267	33	82  
267	34	57  
267	34	82  
267	37	57  
267	37	82  
267	44	136  
267	45	142  
267	47	94  
267	55	80  
267	57	68  
267	60	137  
267	7	132  
267	7	137  
267	7	142  
267	7	60  
267	7	70  
267	7	86  
267	8	45  
267	85	94  
267	8	62  
267	86	94  
267	89	94  
267	9	132  
267	9	142  
267	94	135  
267	9	45  
268	0	1  
268	0	136  
268	100	107  
268	105	106  
268	106	107  
268	113	126  
268	1	136  
268	13	143  
268	18	117  
268	19	32  
268	19	65  
268	21	143  
268	2	136  
268	21	45  
268	27	45  
268	29	57  
268	29	68  
268	33	68  
268	34	36  
268	34	37  
268	34	68  
268	34	82  
268	36	37  
268	3	72  
268	37	68  
268	39	62  
268	39	72  
268	42	57  
268	45	126  
268	45	131  
268	45	132  
268	45	133  
268	45	140  
268	45	142  
268	45	143  
268	45	50  
268	45	75  
268	45	90  
268	46	126  
268	47	131  
268	5	136  
268	57	68  
268	60	137  
268	63	143  
268	68	82  
268	7	137  
268	7	142  
268	7	45  
268	75	126  
268	7	60  
268	7	70  
268	7	86  
268	8	62  
268	90	137  
268	92	136  
268	9	45  
269	0	1  
269	0	136  
269	100	105  
269	100	107  
269	100	109  
269	106	108  
269	12	17  
269	13	143  
269	140	142  
269	142	143  
269	1	5  
269	17	29  
269	17	34  
269	17	37  
269	17	42  
269	17	43  
269	17	45  
269	17	56  
269	18	128  
269	18	39  
269	19	32  
269	19	72  
269	21	143  
269	21	45  
269	29	34  
269	29	45  
269	29	57  
269	31	124  
269	32	64  
269	32	65  
269	32	69  
269	33	34  
269	33	36  
269	3	39  
269	34	144  
269	34	36  
269	34	37  
269	34	82  
269	3	6  
269	36	37  
269	36	82  
269	3	72  
269	37	45  
269	39	72  
269	44	140  
269	45	140  
269	45	142  
269	56	84  
269	57	68  
269	60	137  
269	6	126  
269	75	126  
269	8	45  
269	87	124  
269	93	100  
269	9	45  
269	98	143  
260	100	104  
260	100	105  
260	104	106  
260	1	2  
260	1	39  
260	19	69  
260	21	45  
260	33	68  
260	33	82  
260	3	39  
260	34	68  
260	34	82  
260	37	82  
260	9	28  
260	97	100  
261	0	5  
261	100	107  
261	105	107  
261	1	2  
261	131	132  
261	1	5  
261	1	92  
261	19	72  
261	21	45  
261	2	5  
261	27	132  
261	29	57  
261	33	34  
261	33	36  
261	33	37  
261	33	82  
261	34	82  
261	36	82  
261	39	72  
261	50	103  
261	50	97  
261	5	136  
261	51	55  
261	52	132  
261	5	92  
261	60	137  
261	7	137  
261	7	60  
261	7	70  
261	7	86  
261	86	137  
261	89	132  
261	90	132  
261	90	137  
261	9	132  
261	9	20  
261	93	100  
261	93	97  
261	94	135  
261	94	137  
261	97	103  
261	97	107  
261	97	109  
262	100	109  
262	131	132  
262	18	39  
262	21	45  
262	29	57  
262	33	57  
262	33	82  
262	3	39  
262	34	57  
262	34	82  
262	37	82  
262	5	136  
262	60	137  
262	6	72  
262	6	9  
262	72	138  
262	8	21  
262	83	137  
262	86	94  
262	9	20  
262	9	21  
262	93	109  
262	94	131  
262	94	132  
263	100	108  
263	113	126  
263	19	32  
263	2	136  
263	21	45  
263	26	126  
263	29	56  
263	31	124  
263	31	87  
263	3	71  
263	39	72  
263	57	68  
263	60	137  
263	7	110  
263	7	134  
263	7	135  
263	7	47  
263	7	95  
263	8	45  
263	90	137  
263	9	45  
264	0	1  
264	10	139  
264	10	96  
264	113	126  
264	1	136  
264	1	18  
264	1	2  
264	120	126  
264	120	131  
264	12	56  
264	136	139  
264	1	39  
264	139	140  
264	14	114  
264	1	5  
264	18	72  
264	1	92  
264	19	32  
264	2	139  
264	21	45  
264	29	57  
264	30	32  
264	3	139  
264	3	18  
264	33	34  
264	33	36  
264	33	37  
264	33	82  
264	34	36  
264	34	82  
264	36	82  
264	39	72  
264	44	139  
264	45	126  
264	45	140  
264	46	126  
264	60	137  
264	6	126  
264	6	45  
264	73	94  
264	75	126  
264	8	45  
264	86	94  
264	9	132  
264	9	139  
264	9	20  
264	9	27  
264	9	45  
264	94	95  
264	96	139  
265	105	106  
265	106	107  
265	10	96  
265	120	126  
265	13	14  
265	13	21  
265	14	114  
265	17	37  
265	17	45  
265	18	116  
265	21	45  
265	26	75  
265	29	57  
265	30	75  
265	31	124  
265	37	45  
265	41	75  
265	44	136  
265	46	75  
265	61	75  
265	6	45  
265	6	75  
265	6	77  
265	67	75  
265	68	82  
265	7	132  
265	73	94  
265	75	113  
265	75	126  
265	75	128  
265	75	91  
265	7	75  
265	86	94  
265	87	124  
265	94	95  
265	97	106  
266	0	1  
266	0	139  
266	100	137  
266	10	139  
266	105	106  
266	106	107  
266	113	126  
266	1	136  
266	1	139  
266	1	2  
266	120	126  
266	131	132  
266	134	135  
266	136	139  
266	1	39  
266	139	140  
266	14	114  
266	14	45  
266	1	5  
266	1	62  
266	18	117  
266	18	139  
266	18	39  
266	18	72  
266	19	114  
266	19	132  
266	1	92  
266	19	32  
266	19	64  
266	19	87  
266	21	132  
266	2	136  
266	2	139  
266	21	45  
266	26	75  
266	29	57  
266	30	75  
266	31	124  
266	3	139  
266	3	18  
266	31	87  
266	32	87  
266	33	34  
266	33	82  
266	34	37  
266	34	82  
266	3	71  
266	39	59  
266	39	80  
266	41	75  
266	44	114  
266	44	139  
266	46	126  
266	46	75  
266	5	139  
266	59	80  
266	60	137  
266	61	75  
266	6	45  
266	6	75  
266	6	77  
266	67	75  
266	7	132  
266	7	137  
266	7	21  
266	73	134  
266	73	94  
266	75	113  
266	75	126  
266	75	128  
266	75	91  
266	7	60  
266	7	70  
266	7	86  
266	8	139  
266	8	62  
266	86	94  
266	92	139  
266	93	109  
266	94	95  
266	95	134  
266	96	139  
267	1	2  
267	2	136  
267	21	45  
267	29	57  
267	3	18  
267	33	57  
267	33	82  
267	34	57  
267	34	82  
267	37	57  
267	37	82  
267	44	136  
267	45	142  
267	47	94  
267	55	80  
267	57	68  
267	60	137  
267	7	132  
267	7	137  
267	7	142  
267	7	60  
267	7	70  
267	7	86  
267	8	45  
267	85	94  
267	8	62  
267	86	94  
267	89	94  
267	9	132  
267	9	142  
267	94	135  
267	9	45  
268	0	1  
268	0	136  
268	100	107  
268	105	106  
268	106	107  
268	113	126  
268	1	136  
268	13	143  
268	18	117  
268	19	32  
268	19	65  
268	21	143  
268	2	136  
268	21	45  
268	27	45  
268	29	57  
268	29	68  
268	33	68  
268	34	36  
268	34	37  
268	34	68  
268	34	82  
268	36	37  
268	3	72  
268	37	68  
268	39	62  
268	39	72  
268	42	57  
268	45	126  
268	45	131  
268	45	132  
268	45	133  
268	45	140  
268	45	142  
268	45	143  
268	45	50  
268	45	75  
268	45	90  
268	46	126  
268	47	131  
268	5	136  
268	57	68  
268	60	137  
268	63	143  
268	68	82  
268	7	137  
268	7	142  
268	7	45  
268	75	126  
268	7	60  
268	7	70  
268	7	86  
268	8	62  
268	90	137  
268	92	136  
268	9	45  
269	0	1  
269	0	136  
269	100	105  
269	100	107  
269	100	109  
269	106	108  
269	12	17  
269	13	143  
269	140	142  
269	142	143  
269	1	5  
269	17	29  
269	17	34  
269	17	37  
269	17	42  
269	17	43  
269	17	45  
269	17	56  
269	18	128  
269	18	39  
269	19	32  
269	19	72  
269	21	143  
269	21	45  
269	29	34  
269	29	45  
269	29	57  
269	31	124  
269	32	64  
269	32	65  
269	32	69  
269	33	34  
269	33	36  
269	3	39  
269	34	144  
269	34	36  
269	34	37  
269	34	82  
269	3	6  
269	36	37  
269	36	82  
269	3	72  
269	37	45  
269	39	72  
269	44	140  
269	45	140  
269	45	142  
269	56	84  
269	57	68  
269	60	137  
269	6	126  
269	75	126  
269	8	45  
269	87	124  
269	93	100  
269	9	45  
269	98	143  
