40	0	1  
40	0	2  
40	0	4  
40	0	5  
40	0	9  
40	1	2  
40	2	4  
40	2	5  
40	3	16  
40	3	17  
41	0	1  
41	0	10  
41	0	15  
41	0	16  
41	0	18  
41	0	2  
41	0	4  
41	0	5  
41	2	4  
41	2	5  
42	0	1  
42	0	4  
42	1	2  
42	2	5  
43	0	1  
43	0	2  
43	0	4  
43	0	5  
43	2	4  
44	0	1  
44	0	2  
44	0	4  
44	0	5  
44	3	17  
45	0	4  
46	0	4  
46	1	2  
46	2	5  
47	0	2  
47	1	2  
47	2	4  
47	2	5  
48	0	1  
48	0	4  
48	2	5  
49	0	10  
49	0	15  
49	0	9  
49	3	17  
40	0	1  
40	0	2  
40	0	4  
40	0	5  
40	0	9  
40	1	2  
40	2	4  
40	2	5  
40	3	16  
40	3	17  
41	0	1  
41	0	10  
41	0	15  
41	0	16  
41	0	18  
41	0	2  
41	0	4  
41	0	5  
41	2	4  
41	2	5  
42	0	1  
42	0	4  
42	1	2  
42	2	5  
43	0	1  
43	0	2  
43	0	4  
43	0	5  
43	2	4  
44	0	1  
44	0	2  
44	0	4  
44	0	5  
44	3	17  
45	0	4  
46	0	4  
46	1	2  
46	2	5  
47	0	2  
47	1	2  
47	2	4  
47	2	5  
48	0	1  
48	0	4  
48	2	5  
49	0	10  
49	0	15  
49	0	9  
49	3	17  
40	0	1  
40	0	2  
40	0	4  
40	0	5  
40	0	9  
40	1	2  
40	2	4  
40	2	5  
40	3	16  
40	3	17  
41	0	1  
41	0	10  
41	0	15  
41	0	16  
41	0	18  
41	0	2  
41	0	4  
41	0	5  
41	2	4  
41	2	5  
42	0	1  
42	0	4  
42	1	2  
42	2	5  
43	0	1  
43	0	2  
43	0	4  
43	0	5  
43	2	4  
44	0	1  
44	0	2  
44	0	4  
44	0	5  
44	3	17  
45	0	4  
46	0	4  
46	1	2  
46	2	5  
47	0	2  
47	1	2  
47	2	4  
47	2	5  
48	0	1  
48	0	4  
48	2	5  
49	0	10  
49	0	15  
49	0	9  
49	3	17  
