50	3	17  
51	0	1  
51	0	9  
51	1	2  
51	2	4  
51	2	5  
51	4	10  
52	0	4  
52	3	17  
53	0	4  
53	1	2  
53	2	5  
54	0	1  
54	0	10  
54	0	2  
54	0	9  
54	1	2  
54	2	4  
54	2	5  
55	0	5  
55	1	2  
55	2	19  
55	2	5  
56	0	2  
56	2	5  
58	0	4  
58	1	2  
58	1	4  
58	2	4  
58	2	5  
58	4	5  
59	0	1  
59	0	5  
59	1	2  
50	3	17  
51	0	1  
51	0	9  
51	1	2  
51	2	4  
51	2	5  
51	4	10  
52	0	4  
52	3	17  
53	0	4  
53	1	2  
53	2	5  
54	0	1  
54	0	10  
54	0	2  
54	0	9  
54	1	2  
54	2	4  
54	2	5  
55	0	5  
55	1	2  
55	2	19  
55	2	5  
56	0	2  
56	2	5  
58	0	4  
58	1	2  
58	1	4  
58	2	4  
58	2	5  
58	4	5  
59	0	1  
59	0	5  
59	1	2  
50	3	17  
51	0	1  
51	0	9  
51	1	2  
51	2	4  
51	2	5  
51	4	10  
52	0	4  
52	3	17  
53	0	4  
53	1	2  
53	2	5  
54	0	1  
54	0	10  
54	0	2  
54	0	9  
54	1	2  
54	2	4  
54	2	5  
55	0	5  
55	1	2  
55	2	19  
55	2	5  
56	0	2  
56	2	5  
58	0	4  
58	1	2  
58	1	4  
58	2	4  
58	2	5  
58	4	5  
59	0	1  
59	0	5  
59	1	2  
