160	21	45  
160	23	35  
160	25	26  
160	2	92  
161	0	1  
161	0	15  
161	0	19  
161	0	2  
161	0	4  
161	0	5  
161	0	92  
161	10	51  
161	16	18  
161	17	29  
161	17	33  
161	17	36  
161	17	37  
161	17	45  
161	17	82  
161	21	22  
161	21	29  
161	21	45  
161	22	45  
161	22	83  
161	22	88  
161	23	24  
161	23	48  
161	25	26  
161	25	58  
161	26	75  
161	2	92  
161	29	33  
161	29	36  
161	29	37  
161	29	82  
161	36	45  
161	4	10  
161	45	53  
161	45	83  
161	45	88  
161	5	92  
161	70	85  
161	7	17  
161	7	29  
161	75	78  
161	86	90  
162	0	1  
162	0	15  
162	0	16  
162	0	2  
162	13	21  
162	15	18  
162	16	18  
162	17	36  
162	21	22  
162	21	45  
162	22	45  
162	22	50  
162	22	53  
162	22	83  
162	22	97  
162	2	5  
162	25	26  
162	26	41  
162	30	75  
162	36	82  
162	46	75  
162	58	75  
162	61	75  
162	67	75  
162	7	30  
162	74	75  
163	0	1  
163	0	10  
163	0	15  
163	0	16  
163	0	2  
163	0	27  
163	0	50  
163	0	51  
163	0	92  
163	10	22  
163	11	19  
163	11	28  
163	15	18  
163	16	18  
163	21	45  
163	22	45  
163	22	53  
163	23	24  
163	2	4  
163	2	5  
163	25	26  
163	25	58  
163	25	91  
163	26	61  
163	26	75  
163	26	78  
163	2	92  
163	30	75  
163	36	82  
163	3	7  
163	3	71  
163	45	83  
163	5	92  
163	7	30  
163	7	36  
163	7	45  
163	86	94  
164	0	1  
164	0	15  
164	0	2  
164	0	92  
164	21	45  
164	22	45  
164	22	53  
164	22	83  
164	22	88  
164	2	4  
164	2	5  
164	25	26  
164	26	41  
164	26	61  
164	33	36  
164	33	37  
164	33	82  
164	45	88  
164	58	66  
164	7	17  
164	7	30  
164	7	33  
164	7	36  
164	7	37  
164	7	82  
164	9	19  
165	0	1  
165	0	15  
165	0	2  
165	0	5  
165	11	18  
165	15	18  
165	18	71  
165	22	45  
165	25	26  
165	26	41  
165	26	78  
165	2	96  
165	3	40  
165	36	57  
165	3	71  
165	40	71  
165	58	61  
165	58	75  
165	7	30  
165	7	33  
165	7	36  
165	7	37  
165	7	82  
165	8	19  
166	0	1  
166	0	15  
166	0	2  
166	0	5  
166	0	92  
166	11	18  
166	11	23  
166	11	48  
166	1	5  
166	15	18  
166	16	18  
166	17	33  
166	17	37  
166	1	92  
166	21	45  
166	23	35  
166	23	48  
166	23	80  
166	2	4  
166	2	5  
166	25	26  
166	26	41  
166	2	92  
166	3	40  
166	36	37  
166	47	55  
166	48	81  
166	56	84  
166	6	47  
166	7	30  
166	7	33  
166	7	36  
166	7	37  
166	7	43  
166	7	82  
166	7	87  
167	0	1  
167	0	15  
167	0	2  
167	19	65  
167	23	24  
167	23	35  
167	23	59  
167	25	26  
167	2	92  
167	2	96  
167	3	18  
167	36	37  
167	3	71  
167	37	82  
167	7	17  
167	7	30  
167	7	45  
167	8	69  
167	86	94  
167	8	9  
167	92	96  
168	0	1  
168	0	15  
168	0	2  
168	0	4  
168	0	5  
168	0	92  
168	10	21  
168	11	19  
168	11	28  
168	11	75  
168	11	81  
168	15	18  
168	16	18  
168	19	28  
168	19	32  
168	19	65  
168	19	87  
168	21	45  
168	2	19  
168	2	4  
168	2	5  
168	25	26  
168	25	58  
168	26	41  
168	26	61  
168	26	67  
168	26	74  
168	2	92  
168	2	96  
168	7	29  
168	7	30  
168	7	45  
169	0	1  
169	0	15  
169	0	2  
169	16	18  
169	17	29  
169	17	37  
169	19	69  
169	21	22  
169	21	45  
169	22	45  
169	22	53  
169	22	83  
169	23	24  
169	61	75  
169	7	17  
169	7	45  
160	21	45  
160	23	35  
160	25	26  
160	2	92  
161	0	1  
161	0	15  
161	0	19  
161	0	2  
161	0	4  
161	0	5  
161	0	92  
161	10	51  
161	16	18  
161	17	29  
161	17	33  
161	17	36  
161	17	37  
161	17	45  
161	17	82  
161	21	22  
161	21	29  
161	21	45  
161	22	45  
161	22	83  
161	22	88  
161	23	24  
161	23	48  
161	25	26  
161	25	58  
161	26	75  
161	2	92  
161	29	33  
161	29	36  
161	29	37  
161	29	82  
161	36	45  
161	4	10  
161	45	53  
161	45	83  
161	45	88  
161	5	92  
161	70	85  
161	7	17  
161	7	29  
161	75	78  
161	86	90  
162	0	1  
162	0	15  
162	0	16  
162	0	2  
162	13	21  
162	15	18  
162	16	18  
162	17	36  
162	21	22  
162	21	45  
162	22	45  
162	22	50  
162	22	53  
162	22	83  
162	22	97  
162	2	5  
162	25	26  
162	26	41  
162	30	75  
162	36	82  
162	46	75  
162	58	75  
162	61	75  
162	67	75  
162	7	30  
162	74	75  
163	0	1  
163	0	10  
163	0	15  
163	0	16  
163	0	2  
163	0	27  
163	0	50  
163	0	51  
163	0	92  
163	10	22  
163	11	19  
163	11	28  
163	15	18  
163	16	18  
163	21	45  
163	22	45  
163	22	53  
163	23	24  
163	2	4  
163	2	5  
163	25	26  
163	25	58  
163	25	91  
163	26	61  
163	26	75  
163	26	78  
163	2	92  
163	30	75  
163	36	82  
163	3	7  
163	3	71  
163	45	83  
163	5	92  
163	7	30  
163	7	36  
163	7	45  
163	86	94  
164	0	1  
164	0	15  
164	0	2  
164	0	92  
164	21	45  
164	22	45  
164	22	53  
164	22	83  
164	22	88  
164	2	4  
164	2	5  
164	25	26  
164	26	41  
164	26	61  
164	33	36  
164	33	37  
164	33	82  
164	45	88  
164	58	66  
164	7	17  
164	7	30  
164	7	33  
164	7	36  
164	7	37  
164	7	82  
164	9	19  
165	0	1  
165	0	15  
165	0	2  
165	0	5  
165	11	18  
165	15	18  
165	18	71  
165	22	45  
165	25	26  
165	26	41  
165	26	78  
165	2	96  
165	3	40  
165	36	57  
165	3	71  
165	40	71  
165	58	61  
165	58	75  
165	7	30  
165	7	33  
165	7	36  
165	7	37  
165	7	82  
165	8	19  
166	0	1  
166	0	15  
166	0	2  
166	0	5  
166	0	92  
166	11	18  
166	11	23  
166	11	48  
166	1	5  
166	15	18  
166	16	18  
166	17	33  
166	17	37  
166	1	92  
166	21	45  
166	23	35  
166	23	48  
166	23	80  
166	2	4  
166	2	5  
166	25	26  
166	26	41  
166	2	92  
166	3	40  
166	36	37  
166	47	55  
166	48	81  
166	56	84  
166	6	47  
166	7	30  
166	7	33  
166	7	36  
166	7	37  
166	7	43  
166	7	82  
166	7	87  
167	0	1  
167	0	15  
167	0	2  
167	19	65  
167	23	24  
167	23	35  
167	23	59  
167	25	26  
167	2	92  
167	2	96  
167	3	18  
167	36	37  
167	3	71  
167	37	82  
167	7	17  
167	7	30  
167	7	45  
167	8	69  
167	86	94  
167	8	9  
167	92	96  
168	0	1  
168	0	15  
168	0	2  
168	0	4  
168	0	5  
168	0	92  
168	10	21  
168	11	19  
168	11	28  
168	11	75  
168	11	81  
168	15	18  
168	16	18  
168	19	28  
168	19	32  
168	19	65  
168	19	87  
168	21	45  
168	2	19  
168	2	4  
168	2	5  
168	25	26  
168	25	58  
168	26	41  
168	26	61  
168	26	67  
168	26	74  
168	2	92  
168	2	96  
168	7	29  
168	7	30  
168	7	45  
169	0	1  
169	0	15  
169	0	2  
169	16	18  
169	17	29  
169	17	37  
169	19	69  
169	21	22  
169	21	45  
169	22	45  
169	22	53  
169	22	83  
169	23	24  
169	61	75  
169	7	17  
169	7	45  
160	21	45  
160	23	35  
160	25	26  
160	2	92  
161	0	1  
161	0	15  
161	0	19  
161	0	2  
161	0	4  
161	0	5  
161	0	92  
161	10	51  
161	16	18  
161	17	29  
161	17	33  
161	17	36  
161	17	37  
161	17	45  
161	17	82  
161	21	22  
161	21	29  
161	21	45  
161	22	45  
161	22	83  
161	22	88  
161	23	24  
161	23	48  
161	25	26  
161	25	58  
161	26	75  
161	2	92  
161	29	33  
161	29	36  
161	29	37  
161	29	82  
161	36	45  
161	4	10  
161	45	53  
161	45	83  
161	45	88  
161	5	92  
161	70	85  
161	7	17  
161	7	29  
161	75	78  
161	86	90  
162	0	1  
162	0	15  
162	0	16  
162	0	2  
162	13	21  
162	15	18  
162	16	18  
162	17	36  
162	21	22  
162	21	45  
162	22	45  
162	22	50  
162	22	53  
162	22	83  
162	22	97  
162	2	5  
162	25	26  
162	26	41  
162	30	75  
162	36	82  
162	46	75  
162	58	75  
162	61	75  
162	67	75  
162	7	30  
162	74	75  
163	0	1  
163	0	10  
163	0	15  
163	0	16  
163	0	2  
163	0	27  
163	0	50  
163	0	51  
163	0	92  
163	10	22  
163	11	19  
163	11	28  
163	15	18  
163	16	18  
163	21	45  
163	22	45  
163	22	53  
163	23	24  
163	2	4  
163	2	5  
163	25	26  
163	25	58  
163	25	91  
163	26	61  
163	26	75  
163	26	78  
163	2	92  
163	30	75  
163	36	82  
163	3	7  
163	3	71  
163	45	83  
163	5	92  
163	7	30  
163	7	36  
163	7	45  
163	86	94  
164	0	1  
164	0	15  
164	0	2  
164	0	92  
164	21	45  
164	22	45  
164	22	53  
164	22	83  
164	22	88  
164	2	4  
164	2	5  
164	25	26  
164	26	41  
164	26	61  
164	33	36  
164	33	37  
164	33	82  
164	45	88  
164	58	66  
164	7	17  
164	7	30  
164	7	33  
164	7	36  
164	7	37  
164	7	82  
164	9	19  
165	0	1  
165	0	15  
165	0	2  
165	0	5  
165	11	18  
165	15	18  
165	18	71  
165	22	45  
165	25	26  
165	26	41  
165	26	78  
165	2	96  
165	3	40  
165	36	57  
165	3	71  
165	40	71  
165	58	61  
165	58	75  
165	7	30  
165	7	33  
165	7	36  
165	7	37  
165	7	82  
165	8	19  
166	0	1  
166	0	15  
166	0	2  
166	0	5  
166	0	92  
166	11	18  
166	11	23  
166	11	48  
166	1	5  
166	15	18  
166	16	18  
166	17	33  
166	17	37  
166	1	92  
166	21	45  
166	23	35  
166	23	48  
166	23	80  
166	2	4  
166	2	5  
166	25	26  
166	26	41  
166	2	92  
166	3	40  
166	36	37  
166	47	55  
166	48	81  
166	56	84  
166	6	47  
166	7	30  
166	7	33  
166	7	36  
166	7	37  
166	7	43  
166	7	82  
166	7	87  
167	0	1  
167	0	15  
167	0	2  
167	19	65  
167	23	24  
167	23	35  
167	23	59  
167	25	26  
167	2	92  
167	2	96  
167	3	18  
167	36	37  
167	3	71  
167	37	82  
167	7	17  
167	7	30  
167	7	45  
167	8	69  
167	86	94  
167	8	9  
167	92	96  
168	0	1  
168	0	15  
168	0	2  
168	0	4  
168	0	5  
168	0	92  
168	10	21  
168	11	19  
168	11	28  
168	11	75  
168	11	81  
168	15	18  
168	16	18  
168	19	28  
168	19	32  
168	19	65  
168	19	87  
168	21	45  
168	2	19  
168	2	4  
168	2	5  
168	25	26  
168	25	58  
168	26	41  
168	26	61  
168	26	67  
168	26	74  
168	2	92  
168	2	96  
168	7	29  
168	7	30  
168	7	45  
169	0	1  
169	0	15  
169	0	2  
169	16	18  
169	17	29  
169	17	37  
169	19	69  
169	21	22  
169	21	45  
169	22	45  
169	22	53  
169	22	83  
169	23	24  
169	61	75  
169	7	17  
169	7	45  
