190	0	1  
190	0	15  
190	0	92  
190	104	106  
190	12	13  
190	13	14  
190	13	43  
190	13	54  
190	13	56  
190	13	62  
190	13	63  
190	13	98  
190	17	33  
190	17	37  
190	21	45  
190	22	45  
190	22	83  
190	2	92  
190	29	37  
190	33	36  
190	33	37  
190	33	82  
190	36	82  
190	38	99  
190	39	92  
190	44	96  
190	45	83  
190	4	92  
190	5	92  
190	7	17  
190	7	29  
190	7	33  
190	7	37  
190	7	66  
190	8	13  
190	8	9  
190	9	13  
190	94	95  
191	0	1  
191	0	10  
191	0	15  
191	0	2  
191	0	5  
191	0	92  
191	100	101  
191	100	105  
191	100	109  
191	10	22  
191	104	106  
191	10	44  
191	1	2  
191	12	29  
191	1	5  
191	15	18  
191	16	18  
191	16	25  
191	17	29  
191	17	33  
191	17	37  
191	17	57  
191	1	92  
191	19	28  
191	21	45  
191	22	109  
191	22	45  
191	22	88  
191	23	24  
191	23	35  
191	2	4  
191	2	5  
191	25	26  
191	2	92  
191	29	33  
191	29	37  
191	29	42  
191	29	43  
191	29	56  
191	3	16  
191	31	87  
191	33	36  
191	33	37  
191	33	57  
191	33	82  
191	36	82  
191	3	71  
191	45	83  
191	45	88  
191	4	92  
191	56	84  
191	5	92  
191	7	17  
191	7	26  
191	7	29  
191	7	33  
191	7	36  
191	7	37  
191	7	57  
191	8	13  
191	8	62  
191	8	69  
191	8	9  
191	93	100  
191	9	69  
192	0	1  
192	0	2  
192	0	4  
192	0	5  
192	0	69  
192	0	9  
192	0	92  
192	100	106  
192	10	44  
192	11	23  
192	12	29  
192	17	29  
192	21	45  
192	22	45  
192	23	24  
192	25	26  
192	2	92  
192	29	37  
192	29	43  
192	29	45  
192	31	91  
192	33	37  
192	36	37  
192	36	82  
192	3	71  
192	37	82  
192	45	83  
192	4	92  
192	5	92  
192	7	29  
192	7	33  
192	7	36  
192	7	37  
192	7	82  
192	7	87  
192	8	19  
192	9	19  
192	9	20  
192	9	52  
192	9	69  
193	0	1  
193	0	15  
193	0	2  
193	0	92  
193	100	106  
193	100	109  
193	104	106  
193	106	108  
193	12	13  
193	12	29  
193	12	56  
193	13	14  
193	13	43  
193	13	54  
193	13	56  
193	13	62  
193	13	63  
193	13	98  
193	16	39  
193	17	29  
193	17	33  
193	17	36  
193	17	37  
193	17	56  
193	19	69  
193	21	22  
193	21	45  
193	21	77  
193	22	103  
193	22	109  
193	22	29  
193	22	45  
193	22	50  
193	22	72  
193	22	83  
193	22	88  
193	22	93  
193	23	48  
193	2	39  
193	2	5  
193	26	41  
193	2	72  
193	2	92  
193	29	33  
193	29	37  
193	29	43  
193	29	45  
193	33	37  
193	34	56  
193	3	71  
193	37	45  
193	41	46  
193	41	61  
193	41	67  
193	41	75  
193	43	56  
193	45	83  
193	45	88  
193	47	110  
193	4	92  
193	49	59  
193	50	88  
193	53	88  
193	56	84  
193	5	72  
193	5	92  
193	61	80  
193	72	88  
193	7	29  
193	7	30  
193	7	45  
193	7	87  
193	8	13  
193	83	88  
193	85	94  
193	86	94  
193	88	100  
193	88	101  
193	88	102  
193	88	103  
193	88	104  
193	88	105  
193	88	106  
193	88	107  
193	88	108  
193	88	109  
193	88	93  
193	88	97  
193	8	9  
193	9	13  
193	9	20  
193	93	100  
193	9	44  
193	94	95  
194	0	1  
194	0	2  
194	0	4  
194	0	5  
194	0	69  
194	0	9  
194	0	92  
194	100	101  
194	100	105  
194	100	109  
194	106	108  
194	12	13  
194	12	29  
194	13	14  
194	13	43  
194	13	54  
194	13	56  
194	13	62  
194	13	63  
194	13	98  
194	15	16  
194	16	18  
194	17	29  
194	17	33  
194	17	37  
194	17	56  
194	21	45  
194	22	45  
194	22	83  
194	22	88  
194	23	35  
194	23	38  
194	2	39  
194	2	4  
194	24	38  
194	2	5  
194	26	75  
194	2	92  
194	29	33  
194	29	37  
194	3	42  
194	35	38  
194	3	71  
194	38	58  
194	38	77  
194	38	81  
194	41	75  
194	43	56  
194	45	83  
194	45	88  
194	46	47  
194	48	64  
194	50	88  
194	53	88  
194	56	84  
194	7	17  
194	72	88  
194	7	87  
194	8	13  
194	8	19  
194	83	88  
194	88	100  
194	88	101  
194	88	102  
194	88	103  
194	88	104  
194	88	105  
194	88	106  
194	88	107  
194	88	108  
194	88	109  
194	88	111  
194	88	93  
194	88	97  
194	9	13  
194	9	20  
194	93	100  
195	0	1  
195	0	69  
195	0	9  
195	106	108  
195	12	17  
195	14	21  
195	17	29  
195	17	37  
195	17	43  
195	19	69  
195	21	22  
195	21	45  
195	21	63  
195	22	29  
195	22	45  
195	22	83  
195	2	5  
195	26	61  
195	2	92  
195	31	87  
195	3	71  
195	41	61  
195	45	88  
195	6	16  
195	7	17  
195	7	87  
195	8	21  
195	8	9  
195	9	21  
196	0	1  
196	0	2  
196	0	5  
196	0	92  
196	100	106  
196	101	106  
196	103	106  
196	106	109  
196	12	17  
196	14	20  
196	16	18  
196	16	39  
196	17	36  
196	17	37  
196	17	43  
196	20	31  
196	20	62  
196	21	45  
196	22	45  
196	23	24  
196	23	35  
196	2	4  
196	2	5  
196	25	26  
196	26	41  
196	26	78  
196	2	92  
196	29	45  
196	3	16  
196	3	18  
196	36	82  
196	3	71  
196	45	83  
196	45	88  
196	50	106  
196	6	16  
196	7	45  
196	8	20  
196	83	106  
196	9	20  
196	93	106  
197	17	36  
197	17	37  
197	21	45  
197	23	24  
197	2	92  
197	3	16  
197	7	17  
197	93	100  
198	0	1  
198	0	2  
198	17	29  
198	17	36  
198	17	37  
198	17	57  
198	19	32  
198	21	45  
198	22	45  
198	23	24  
198	23	35  
198	23	80  
198	2	4  
198	2	5  
198	2	92  
198	29	45  
198	31	87  
198	3	71  
198	37	45  
198	45	83  
198	45	88  
198	61	75  
198	67	75  
198	7	17  
198	7	45  
198	74	75  
198	75	77  
198	85	94  
198	86	94  
198	94	95  
199	0	1  
199	0	2  
199	17	57  
199	21	45  
199	22	45  
199	2	92  
199	30	75  
199	3	18  
199	3	71  
199	45	83  
199	46	75  
199	61	75  
199	64	87  
199	67	75  
199	74	75  
199	75	77  
190	0	1  
190	0	15  
190	0	92  
190	104	106  
190	12	13  
190	13	14  
190	13	43  
190	13	54  
190	13	56  
190	13	62  
190	13	63  
190	13	98  
190	17	33  
190	17	37  
190	21	45  
190	22	45  
190	22	83  
190	2	92  
190	29	37  
190	33	36  
190	33	37  
190	33	82  
190	36	82  
190	38	99  
190	39	92  
190	44	96  
190	45	83  
190	4	92  
190	5	92  
190	7	17  
190	7	29  
190	7	33  
190	7	37  
190	7	66  
190	8	13  
190	8	9  
190	9	13  
190	94	95  
191	0	1  
191	0	10  
191	0	15  
191	0	2  
191	0	5  
191	0	92  
191	100	101  
191	100	105  
191	100	109  
191	10	22  
191	104	106  
191	10	44  
191	1	2  
191	12	29  
191	1	5  
191	15	18  
191	16	18  
191	16	25  
191	17	29  
191	17	33  
191	17	37  
191	17	57  
191	1	92  
191	19	28  
191	21	45  
191	22	109  
191	22	45  
191	22	88  
191	23	24  
191	23	35  
191	2	4  
191	2	5  
191	25	26  
191	2	92  
191	29	33  
191	29	37  
191	29	42  
191	29	43  
191	29	56  
191	3	16  
191	31	87  
191	33	36  
191	33	37  
191	33	57  
191	33	82  
191	36	82  
191	3	71  
191	45	83  
191	45	88  
191	4	92  
191	56	84  
191	5	92  
191	7	17  
191	7	26  
191	7	29  
191	7	33  
191	7	36  
191	7	37  
191	7	57  
191	8	13  
191	8	62  
191	8	69  
191	8	9  
191	93	100  
191	9	69  
192	0	1  
192	0	2  
192	0	4  
192	0	5  
192	0	69  
192	0	9  
192	0	92  
192	100	106  
192	10	44  
192	11	23  
192	12	29  
192	17	29  
192	21	45  
192	22	45  
192	23	24  
192	25	26  
192	2	92  
192	29	37  
192	29	43  
192	29	45  
192	31	91  
192	33	37  
192	36	37  
192	36	82  
192	3	71  
192	37	82  
192	45	83  
192	4	92  
192	5	92  
192	7	29  
192	7	33  
192	7	36  
192	7	37  
192	7	82  
192	7	87  
192	8	19  
192	9	19  
192	9	20  
192	9	52  
192	9	69  
193	0	1  
193	0	15  
193	0	2  
193	0	92  
193	100	106  
193	100	109  
193	104	106  
193	106	108  
193	12	13  
193	12	29  
193	12	56  
193	13	14  
193	13	43  
193	13	54  
193	13	56  
193	13	62  
193	13	63  
193	13	98  
193	16	39  
193	17	29  
193	17	33  
193	17	36  
193	17	37  
193	17	56  
193	19	69  
193	21	22  
193	21	45  
193	21	77  
193	22	103  
193	22	109  
193	22	29  
193	22	45  
193	22	50  
193	22	72  
193	22	83  
193	22	88  
193	22	93  
193	23	48  
193	2	39  
193	2	5  
193	26	41  
193	2	72  
193	2	92  
193	29	33  
193	29	37  
193	29	43  
193	29	45  
193	33	37  
193	34	56  
193	3	71  
193	37	45  
193	41	46  
193	41	61  
193	41	67  
193	41	75  
193	43	56  
193	45	83  
193	45	88  
193	47	110  
193	4	92  
193	49	59  
193	50	88  
193	53	88  
193	56	84  
193	5	72  
193	5	92  
193	61	80  
193	72	88  
193	7	29  
193	7	30  
193	7	45  
193	7	87  
193	8	13  
193	83	88  
193	85	94  
193	86	94  
193	88	100  
193	88	101  
193	88	102  
193	88	103  
193	88	104  
193	88	105  
193	88	106  
193	88	107  
193	88	108  
193	88	109  
193	88	93  
193	88	97  
193	8	9  
193	9	13  
193	9	20  
193	93	100  
193	9	44  
193	94	95  
194	0	1  
194	0	2  
194	0	4  
194	0	5  
194	0	69  
194	0	9  
194	0	92  
194	100	101  
194	100	105  
194	100	109  
194	106	108  
194	12	13  
194	12	29  
194	13	14  
194	13	43  
194	13	54  
194	13	56  
194	13	62  
194	13	63  
194	13	98  
194	15	16  
194	16	18  
194	17	29  
194	17	33  
194	17	37  
194	17	56  
194	21	45  
194	22	45  
194	22	83  
194	22	88  
194	23	35  
194	23	38  
194	2	39  
194	2	4  
194	24	38  
194	2	5  
194	26	75  
194	2	92  
194	29	33  
194	29	37  
194	3	42  
194	35	38  
194	3	71  
194	38	58  
194	38	77  
194	38	81  
194	41	75  
194	43	56  
194	45	83  
194	45	88  
194	46	47  
194	48	64  
194	50	88  
194	53	88  
194	56	84  
194	7	17  
194	72	88  
194	7	87  
194	8	13  
194	8	19  
194	83	88  
194	88	100  
194	88	101  
194	88	102  
194	88	103  
194	88	104  
194	88	105  
194	88	106  
194	88	107  
194	88	108  
194	88	109  
194	88	111  
194	88	93  
194	88	97  
194	9	13  
194	9	20  
194	93	100  
195	0	1  
195	0	69  
195	0	9  
195	106	108  
195	12	17  
195	14	21  
195	17	29  
195	17	37  
195	17	43  
195	19	69  
195	21	22  
195	21	45  
195	21	63  
195	22	29  
195	22	45  
195	22	83  
195	2	5  
195	26	61  
195	2	92  
195	31	87  
195	3	71  
195	41	61  
195	45	88  
195	6	16  
195	7	17  
195	7	87  
195	8	21  
195	8	9  
195	9	21  
196	0	1  
196	0	2  
196	0	5  
196	0	92  
196	100	106  
196	101	106  
196	103	106  
196	106	109  
196	12	17  
196	14	20  
196	16	18  
196	16	39  
196	17	36  
196	17	37  
196	17	43  
196	20	31  
196	20	62  
196	21	45  
196	22	45  
196	23	24  
196	23	35  
196	2	4  
196	2	5  
196	25	26  
196	26	41  
196	26	78  
196	2	92  
196	29	45  
196	3	16  
196	3	18  
196	36	82  
196	3	71  
196	45	83  
196	45	88  
196	50	106  
196	6	16  
196	7	45  
196	8	20  
196	83	106  
196	9	20  
196	93	106  
197	17	36  
197	17	37  
197	21	45  
197	23	24  
197	2	92  
197	3	16  
197	7	17  
197	93	100  
198	0	1  
198	0	2  
198	17	29  
198	17	36  
198	17	37  
198	17	57  
198	19	32  
198	21	45  
198	22	45  
198	23	24  
198	23	35  
198	23	80  
198	2	4  
198	2	5  
198	2	92  
198	29	45  
198	31	87  
198	3	71  
198	37	45  
198	45	83  
198	45	88  
198	61	75  
198	67	75  
198	7	17  
198	7	45  
198	74	75  
198	75	77  
198	85	94  
198	86	94  
198	94	95  
199	0	1  
199	0	2  
199	17	57  
199	21	45  
199	22	45  
199	2	92  
199	30	75  
199	3	18  
199	3	71  
199	45	83  
199	46	75  
199	61	75  
199	64	87  
199	67	75  
199	74	75  
199	75	77  
