170	0	1  
170	0	15  
170	0	2  
170	0	4  
170	0	5  
170	0	92  
170	11	58  
170	14	98  
170	19	32  
170	19	55  
170	19	58  
170	19	64  
170	19	65  
170	19	66  
170	21	22  
170	21	45  
170	22	45  
170	23	24  
170	23	81  
170	2	4  
170	2	5  
170	25	26  
170	26	75  
170	2	92  
170	2	96  
170	3	71  
170	38	99  
170	40	71  
170	44	96  
170	45	88  
170	4	92  
170	58	66  
170	5	92  
170	61	75  
170	63	98  
170	67	75  
170	7	30  
170	7	32  
170	74	75  
170	75	77  
170	86	90  
171	11	38  
171	21	22  
171	21	45  
171	22	45  
171	22	83  
171	23	35  
171	25	26  
171	30	75  
171	45	88  
171	56	84  
171	7	17  
171	7	33  
171	7	36  
171	7	37  
171	7	45  
172	0	1  
172	0	15  
172	0	2  
172	0	27  
172	0	5  
172	0	50  
172	0	51  
172	0	92  
172	10	22  
172	10	96  
172	11	23  
172	11	24  
172	15	18  
172	16	18  
172	17	34  
172	19	64  
172	21	45  
172	22	45  
172	23	24  
172	23	35  
172	25	26  
172	26	83  
172	2	92  
172	32	87  
172	39	92  
172	4	92  
172	5	92  
172	7	29  
172	7	32  
172	8	9  
172	9	20  
172	9	69  
173	0	1  
173	0	15  
173	0	16  
173	0	2  
173	0	39  
173	0	4  
173	0	5  
173	0	69  
173	0	92  
173	11	19  
173	11	38  
173	11	58  
173	11	65  
173	11	66  
173	11	75  
173	11	81  
173	16	18  
173	17	36  
173	17	37  
173	21	45  
173	22	45  
173	22	83  
173	23	24  
173	25	26  
173	2	92  
173	38	99  
173	39	92  
173	4	92  
173	5	39  
173	5	92  
173	7	17  
173	7	29  
173	7	30  
173	7	32  
173	7	37  
173	7	45  
173	7	82  
173	7	87  
174	0	1  
174	0	15  
174	0	2  
174	0	4  
174	0	5  
174	0	92  
174	17	34  
174	21	45  
174	2	15  
174	22	45  
174	22	83  
174	25	26  
174	26	41  
174	2	96  
174	31	79  
174	32	87  
174	45	83  
174	7	29  
174	7	32  
174	7	37  
175	0	1  
175	0	15  
175	0	2  
175	0	4  
175	0	5  
175	0	9  
175	0	92  
175	11	58  
175	11	81  
175	12	17  
175	14	20  
175	1	5  
175	15	18  
175	17	29  
175	17	34  
175	17	42  
175	17	43  
175	1	92  
175	20	62  
175	21	22  
175	21	45  
175	2	19  
175	22	45  
175	22	53  
175	22	78  
175	22	83  
175	22	88  
175	23	24  
175	25	26  
175	26	41  
175	26	75  
175	2	92  
175	30	75  
175	3	18  
175	3	71  
175	39	92  
175	41	75  
175	45	88  
175	46	75  
175	4	92  
175	5	92  
175	61	75  
175	67	75  
175	7	17  
175	7	30  
175	7	32  
175	74	75  
175	75	77  
175	83	88  
176	0	2  
176	0	4  
176	0	5  
176	0	92  
176	15	16  
176	19	65  
176	19	69  
176	21	22  
176	21	45  
176	22	45  
176	22	83  
176	25	26  
176	2	92  
176	3	71  
176	45	83  
176	7	32  
177	0	1  
177	0	15  
177	0	2  
177	0	4  
177	0	5  
177	0	69  
177	0	9  
177	0	92  
177	11	23  
177	11	35  
177	11	38  
177	11	64  
177	11	81  
177	15	16  
177	17	33  
177	17	36  
177	19	65  
177	19	69  
177	21	45  
177	22	45  
177	22	83  
177	22	88  
177	23	24  
177	23	35  
177	23	81  
177	2	4  
177	2	5  
177	25	26  
177	26	31  
177	26	41  
177	26	61  
177	2	92  
177	32	87  
177	33	34  
177	33	36  
177	33	37  
177	33	82  
177	3	40  
177	34	36  
177	34	82  
177	3	71  
177	37	45  
177	40	71  
177	45	88  
177	64	87  
177	7	17  
177	7	26  
177	7	30  
177	7	32  
177	7	33  
177	7	45  
177	9	20  
177	9	69  
178	0	1  
178	0	15  
178	0	2  
178	0	4  
178	0	5  
178	0	69  
178	0	9  
178	0	92  
178	11	23  
178	12	29  
178	12	54  
178	14	54  
178	15	16  
178	15	18  
178	16	18  
178	17	29  
178	21	22  
178	21	29  
178	21	45  
178	22	29  
178	22	45  
178	22	83  
178	22	88  
178	23	38  
178	2	4  
178	2	5  
178	2	92  
178	29	34  
178	29	37  
178	29	42  
178	29	56  
178	29	57  
178	33	82  
178	36	68  
178	36	82  
178	3	71  
178	37	82  
178	38	99  
178	39	92  
178	4	10  
178	45	88  
178	4	92  
178	54	62  
178	54	63  
178	54	98  
178	56	84  
178	5	92  
178	7	29  
178	7	30  
178	7	32  
178	7	45  
179	0	1  
179	0	15  
179	0	2  
179	0	4  
179	0	5  
179	0	69  
179	0	92  
179	11	35  
179	11	38  
179	1	5  
179	15	16  
179	15	18  
179	16	18  
179	17	29  
179	17	43  
179	1	92  
179	21	45  
179	22	88  
179	2	4  
179	2	5  
179	25	26  
179	2	92  
179	32	87  
179	33	36  
179	33	37  
179	33	68  
179	33	82  
179	3	48  
179	34	82  
179	36	82  
179	3	71  
179	39	92  
179	4	10  
179	43	56  
179	4	92  
179	50	88  
179	53	88  
179	5	92  
179	61	75  
179	7	17  
179	72	88  
179	7	30  
179	7	33  
179	78	88  
179	83	88  
179	88	100  
179	88	101  
179	88	102  
179	88	103  
179	88	104  
179	88	105  
179	88	106  
179	88	107  
179	88	108  
179	88	109  
179	88	93  
179	88	97  
170	0	1  
170	0	15  
170	0	2  
170	0	4  
170	0	5  
170	0	92  
170	11	58  
170	14	98  
170	19	32  
170	19	55  
170	19	58  
170	19	64  
170	19	65  
170	19	66  
170	21	22  
170	21	45  
170	22	45  
170	23	24  
170	23	81  
170	2	4  
170	2	5  
170	25	26  
170	26	75  
170	2	92  
170	2	96  
170	3	71  
170	38	99  
170	40	71  
170	44	96  
170	45	88  
170	4	92  
170	58	66  
170	5	92  
170	61	75  
170	63	98  
170	67	75  
170	7	30  
170	7	32  
170	74	75  
170	75	77  
170	86	90  
171	11	38  
171	21	22  
171	21	45  
171	22	45  
171	22	83  
171	23	35  
171	25	26  
171	30	75  
171	45	88  
171	56	84  
171	7	17  
171	7	33  
171	7	36  
171	7	37  
171	7	45  
172	0	1  
172	0	15  
172	0	2  
172	0	27  
172	0	5  
172	0	50  
172	0	51  
172	0	92  
172	10	22  
172	10	96  
172	11	23  
172	11	24  
172	15	18  
172	16	18  
172	17	34  
172	19	64  
172	21	45  
172	22	45  
172	23	24  
172	23	35  
172	25	26  
172	26	83  
172	2	92  
172	32	87  
172	39	92  
172	4	92  
172	5	92  
172	7	29  
172	7	32  
172	8	9  
172	9	20  
172	9	69  
173	0	1  
173	0	15  
173	0	16  
173	0	2  
173	0	39  
173	0	4  
173	0	5  
173	0	69  
173	0	92  
173	11	19  
173	11	38  
173	11	58  
173	11	65  
173	11	66  
173	11	75  
173	11	81  
173	16	18  
173	17	36  
173	17	37  
173	21	45  
173	22	45  
173	22	83  
173	23	24  
173	25	26  
173	2	92  
173	38	99  
173	39	92  
173	4	92  
173	5	39  
173	5	92  
173	7	17  
173	7	29  
173	7	30  
173	7	32  
173	7	37  
173	7	45  
173	7	82  
173	7	87  
174	0	1  
174	0	15  
174	0	2  
174	0	4  
174	0	5  
174	0	92  
174	17	34  
174	21	45  
174	2	15  
174	22	45  
174	22	83  
174	25	26  
174	26	41  
174	2	96  
174	31	79  
174	32	87  
174	45	83  
174	7	29  
174	7	32  
174	7	37  
175	0	1  
175	0	15  
175	0	2  
175	0	4  
175	0	5  
175	0	9  
175	0	92  
175	11	58  
175	11	81  
175	12	17  
175	14	20  
175	1	5  
175	15	18  
175	17	29  
175	17	34  
175	17	42  
175	17	43  
175	1	92  
175	20	62  
175	21	22  
175	21	45  
175	2	19  
175	22	45  
175	22	53  
175	22	78  
175	22	83  
175	22	88  
175	23	24  
175	25	26  
175	26	41  
175	26	75  
175	2	92  
175	30	75  
175	3	18  
175	3	71  
175	39	92  
175	41	75  
175	45	88  
175	46	75  
175	4	92  
175	5	92  
175	61	75  
175	67	75  
175	7	17  
175	7	30  
175	7	32  
175	74	75  
175	75	77  
175	83	88  
176	0	2  
176	0	4  
176	0	5  
176	0	92  
176	15	16  
176	19	65  
176	19	69  
176	21	22  
176	21	45  
176	22	45  
176	22	83  
176	25	26  
176	2	92  
176	3	71  
176	45	83  
176	7	32  
177	0	1  
177	0	15  
177	0	2  
177	0	4  
177	0	5  
177	0	69  
177	0	9  
177	0	92  
177	11	23  
177	11	35  
177	11	38  
177	11	64  
177	11	81  
177	15	16  
177	17	33  
177	17	36  
177	19	65  
177	19	69  
177	21	45  
177	22	45  
177	22	83  
177	22	88  
177	23	24  
177	23	35  
177	23	81  
177	2	4  
177	2	5  
177	25	26  
177	26	31  
177	26	41  
177	26	61  
177	2	92  
177	32	87  
177	33	34  
177	33	36  
177	33	37  
177	33	82  
177	3	40  
177	34	36  
177	34	82  
177	3	71  
177	37	45  
177	40	71  
177	45	88  
177	64	87  
177	7	17  
177	7	26  
177	7	30  
177	7	32  
177	7	33  
177	7	45  
177	9	20  
177	9	69  
178	0	1  
178	0	15  
178	0	2  
178	0	4  
178	0	5  
178	0	69  
178	0	9  
178	0	92  
178	11	23  
178	12	29  
178	12	54  
178	14	54  
178	15	16  
178	15	18  
178	16	18  
178	17	29  
178	21	22  
178	21	29  
178	21	45  
178	22	29  
178	22	45  
178	22	83  
178	22	88  
178	23	38  
178	2	4  
178	2	5  
178	2	92  
178	29	34  
178	29	37  
178	29	42  
178	29	56  
178	29	57  
178	33	82  
170	0	1  
170	0	15  
170	0	2  
170	0	4  
170	0	5  
170	0	92  
170	11	58  
170	14	98  
170	19	32  
170	19	55  
170	19	58  
170	19	64  
170	19	65  
170	19	66  
170	21	22  
170	21	45  
170	22	45  
170	23	24  
170	23	81  
170	2	4  
170	2	5  
170	25	26  
170	26	75  
170	2	92  
170	2	96  
170	3	71  
170	38	99  
170	40	71  
170	44	96  
170	45	88  
170	4	92  
170	58	66  
170	5	92  
170	61	75  
170	63	98  
170	67	75  
170	7	30  
170	7	32  
170	74	75  
170	75	77  
170	86	90  
171	11	38  
171	21	22  
171	21	45  
171	22	45  
171	22	83  
171	23	35  
171	25	26  
171	30	75  
171	45	88  
171	56	84  
171	7	17  
171	7	33  
171	7	36  
171	7	37  
171	7	45  
172	0	1  
172	0	15  
172	0	2  
172	0	27  
172	0	5  
172	0	50  
172	0	51  
172	0	92  
172	10	22  
172	10	96  
172	11	23  
172	11	24  
172	15	18  
172	16	18  
172	17	34  
172	19	64  
172	21	45  
172	22	45  
172	23	24  
172	23	35  
172	25	26  
172	26	83  
172	2	92  
172	32	87  
172	39	92  
172	4	92  
172	5	92  
172	7	29  
172	7	32  
172	8	9  
172	9	20  
172	9	69  
173	0	1  
173	0	15  
173	0	16  
173	0	2  
173	0	39  
173	0	4  
173	0	5  
173	0	69  
173	0	92  
173	11	19  
173	11	38  
173	11	58  
173	11	65  
173	11	66  
173	11	75  
173	11	81  
173	16	18  
173	17	36  
173	17	37  
173	21	45  
173	22	45  
173	22	83  
173	23	24  
173	25	26  
173	2	92  
173	38	99  
173	39	92  
173	4	92  
173	5	39  
173	5	92  
173	7	17  
173	7	29  
173	7	30  
173	7	32  
173	7	37  
173	7	45  
173	7	82  
173	7	87  
174	0	1  
174	0	15  
174	0	2  
174	0	4  
174	0	5  
174	0	92  
174	17	34  
174	21	45  
174	2	15  
174	22	45  
174	22	83  
174	25	26  
174	26	41  
174	2	96  
174	31	79  
174	32	87  
174	45	83  
174	7	29  
174	7	32  
174	7	37  
175	0	1  
175	0	15  
175	0	2  
175	0	4  
175	0	5  
175	0	9  
175	0	92  
175	11	58  
175	11	81  
175	12	17  
175	14	20  
175	1	5  
175	15	18  
175	17	29  
175	17	34  
175	17	42  
175	17	43  
175	1	92  
175	20	62  
175	21	22  
175	21	45  
175	2	19  
175	22	45  
175	22	53  
175	22	78  
175	22	83  
175	22	88  
175	23	24  
175	25	26  
175	26	41  
175	26	75  
175	2	92  
175	30	75  
175	3	18  
175	3	71  
175	39	92  
175	41	75  
175	45	88  
175	46	75  
175	4	92  
175	5	92  
175	61	75  
175	67	75  
175	7	17  
175	7	30  
175	7	32  
175	74	75  
175	75	77  
175	83	88  
176	0	2  
176	0	4  
176	0	5  
176	0	92  
176	15	16  
176	19	65  
176	19	69  
176	21	22  
176	21	45  
176	22	45  
176	22	83  
176	25	26  
176	2	92  
176	3	71  
176	45	83  
176	7	32  
177	0	1  
177	0	15  
177	0	2  
177	0	4  
177	0	5  
177	0	69  
177	0	9  
177	0	92  
177	11	23  
177	11	35  
177	11	38  
177	11	64  
177	11	81  
177	15	16  
177	17	33  
177	17	36  
177	19	65  
177	19	69  
177	21	45  
177	22	45  
177	22	83  
177	22	88  
177	23	24  
177	23	35  
177	23	81  
177	2	4  
177	2	5  
177	25	26  
177	26	31  
177	26	41  
177	26	61  
177	2	92  
177	32	87  
177	33	34  
177	33	36  
177	33	37  
177	33	82  
177	3	40  
177	34	36  
177	34	82  
177	3	71  
177	37	45  
177	40	71  
177	45	88  
177	64	87  
177	7	17  
177	7	26  
177	7	30  
177	7	32  
177	7	33  
177	7	45  
177	9	20  
177	9	69  
178	0	1  
178	0	15  
178	0	2  
178	0	4  
178	0	5  
178	0	69  
178	0	9  
178	0	92  
178	11	23  
178	12	29  
178	12	54  
178	14	54  
178	15	16  
178	15	18  
178	16	18  
178	17	29  
178	21	22  
178	21	29  
178	21	45  
178	22	29  
178	22	45  
178	22	83  
178	22	88  
178	23	38  
178	2	4  
178	2	5  
178	2	92  
178	29	34  
178	29	37  
178	29	42  
178	29	56  
178	29	57  
178	33	82  
178	36	68  
178	36	82  
178	3	71  
178	37	82  
178	38	99  
178	39	92  
178	4	10  
178	45	88  
178	4	92  
178	54	62  
178	54	63  
178	54	98  
178	56	84  
178	5	92  
178	7	29  
178	7	30  
178	7	32  
178	7	45  
179	0	1  
179	0	15  
179	0	2  
179	0	4  
179	0	5  
179	0	69  
179	0	92  
179	11	35  
179	11	38  
179	1	5  
179	15	16  
179	15	18  
179	16	18  
179	17	29  
179	17	43  
179	1	92  
179	21	45  
179	22	88  
179	2	4  
179	2	5  
179	25	26  
179	2	92  
179	32	87  
179	33	36  
179	33	37  
179	33	68  
179	33	82  
179	3	48  
179	34	82  
179	36	82  
179	3	71  
179	39	92  
179	4	10  
179	43	56  
179	4	92  
179	50	88  
179	53	88  
179	5	92  
179	61	75  
179	7	17  
179	72	88  
179	7	30  
179	7	33  
179	78	88  
179	83	88  
179	88	100  
179	88	101  
179	88	102  
179	88	103  
179	88	104  
179	88	105  
179	88	106  
179	88	107  
179	88	108  
179	88	109  
179	88	93  
179	88	97  
