80	0	10  
80	0	15  
80	1	2  
80	23	24  
80	25	26  
80	3	42  
80	8	10  
80	9	20  
81	0	10  
81	0	15  
81	0	2  
81	1	2  
81	17	36  
81	17	37  
81	25	26  
81	43	44  
81	46	47  
81	7	17  
81	7	45  
81	8	10  
82	0	1  
82	0	10  
82	0	15  
82	0	2  
82	0	4  
82	0	5  
82	11	23  
82	1	2  
82	17	29  
82	17	37  
82	23	24  
82	23	35  
82	23	49  
82	2	4  
82	2	5  
82	25	26  
82	3	48  
82	7	17  
83	0	10  
83	0	15  
83	0	2  
83	0	50  
83	1	2  
83	23	24  
83	2	5  
83	7	17  
84	0	1  
84	0	10  
84	0	15  
84	0	2  
84	0	4  
84	0	5  
84	0	50  
84	0	51  
84	11	23  
84	1	2  
84	23	24  
84	2	4  
84	2	5  
84	7	37  
85	0	10  
85	0	15  
85	1	2  
85	23	24  
86	0	1  
86	0	10  
86	0	15  
86	0	16  
86	0	2  
86	0	4  
86	0	5  
86	11	23  
86	1	2  
86	17	29  
86	20	31  
86	21	22  
86	2	4  
86	2	5  
86	25	26  
86	7	17  
86	8	10  
87	0	1  
87	0	10  
87	0	15  
87	0	2  
87	0	4  
87	0	5  
87	0	50  
87	0	51  
87	1	2  
87	14	52  
87	14	53  
87	17	36  
87	17	37  
87	23	35  
87	2	5  
87	3	28  
87	7	17  
87	7	45  
88	0	10  
88	0	15  
88	11	23  
88	1	2  
88	17	36  
88	17	37  
88	21	22  
88	23	24  
88	23	35  
88	23	38  
88	2	4  
88	2	5  
88	25	26  
88	7	17  
88	7	33  
89	0	1  
89	0	10  
89	0	15  
89	0	2  
89	0	9  
89	1	2  
89	17	29  
89	17	36  
89	17	37  
89	20	54  
89	2	5  
89	25	26  
89	7	17  
89	7	25  
89	8	20  
80	0	10  
80	0	15  
80	1	2  
80	23	24  
80	25	26  
80	3	42  
80	8	10  
80	9	20  
81	0	10  
81	0	15  
81	0	2  
81	1	2  
81	17	36  
81	17	37  
81	25	26  
81	43	44  
81	46	47  
81	7	17  
81	7	45  
81	8	10  
82	0	1  
82	0	10  
82	0	15  
82	0	2  
82	0	4  
82	0	5  
82	11	23  
82	1	2  
82	17	29  
82	17	37  
82	23	24  
82	23	35  
82	23	49  
82	2	4  
82	2	5  
82	25	26  
82	3	48  
82	7	17  
83	0	10  
83	0	15  
83	0	2  
83	0	50  
83	1	2  
83	23	24  
83	2	5  
83	7	17  
84	0	1  
84	0	10  
84	0	15  
84	0	2  
84	0	4  
84	0	5  
84	0	50  
84	0	51  
84	11	23  
84	1	2  
84	23	24  
84	2	4  
84	2	5  
84	7	37  
85	0	10  
85	0	15  
85	1	2  
85	23	24  
86	0	1  
86	0	10  
86	0	15  
86	0	16  
86	0	2  
86	0	4  
86	0	5  
86	11	23  
86	1	2  
86	17	29  
86	20	31  
86	21	22  
86	2	4  
86	2	5  
86	25	26  
86	7	17  
86	8	10  
87	0	1  
87	0	10  
87	0	15  
87	0	2  
87	0	4  
87	0	5  
87	0	50  
87	0	51  
87	1	2  
87	14	52  
87	14	53  
87	17	36  
87	17	37  
87	23	35  
87	2	5  
87	3	28  
87	7	17  
87	7	45  
88	0	10  
88	0	15  
88	11	23  
88	1	2  
88	17	36  
88	17	37  
88	21	22  
88	23	24  
88	23	35  
88	23	38  
88	2	4  
88	2	5  
88	25	26  
88	7	17  
88	7	33  
89	0	1  
89	0	10  
89	0	15  
89	0	2  
89	0	9  
89	1	2  
89	17	29  
89	17	36  
89	17	37  
89	20	54  
89	2	5  
89	25	26  
89	7	17  
89	7	25  
89	8	20  
80	0	10  
80	0	15  
80	1	2  
80	23	24  
80	25	26  
80	3	42  
80	8	10  
80	9	20  
81	0	10  
81	0	15  
81	0	2  
81	1	2  
81	17	36  
81	17	37  
81	25	26  
81	43	44  
81	46	47  
81	7	17  
81	7	45  
81	8	10  
82	0	1  
82	0	10  
82	0	15  
82	0	2  
82	0	4  
82	0	5  
82	11	23  
82	1	2  
82	17	29  
82	17	37  
82	23	24  
82	23	35  
82	23	49  
82	2	4  
82	2	5  
82	25	26  
82	3	48  
82	7	17  
83	0	10  
83	0	15  
83	0	2  
83	0	50  
83	1	2  
83	23	24  
83	2	5  
83	7	17  
84	0	1  
84	0	10  
84	0	15  
84	0	2  
84	0	4  
84	0	5  
84	0	50  
84	0	51  
84	11	23  
84	1	2  
84	23	24  
84	2	4  
84	2	5  
84	7	37  
85	0	10  
85	0	15  
85	1	2  
85	23	24  
86	0	1  
86	0	10  
86	0	15  
86	0	16  
86	0	2  
86	0	4  
86	0	5  
86	11	23  
86	1	2  
86	17	29  
86	20	31  
86	21	22  
86	2	4  
86	2	5  
86	25	26  
86	7	17  
86	8	10  
87	0	1  
87	0	10  
87	0	15  
87	0	2  
87	0	4  
87	0	5  
87	0	50  
87	0	51  
87	1	2  
87	14	52  
87	14	53  
87	17	36  
87	17	37  
87	23	35  
87	2	5  
87	3	28  
87	7	17  
87	7	45  
88	0	10  
88	0	15  
88	11	23  
88	1	2  
88	17	36  
88	17	37  
88	21	22  
88	23	24  
88	23	35  
88	23	38  
88	2	4  
88	2	5  
88	25	26  
88	7	17  
88	7	33  
89	0	1  
89	0	10  
89	0	15  
89	0	2  
89	0	9  
89	1	2  
89	17	29  
89	17	36  
89	17	37  
89	20	54  
89	2	5  
89	25	26  
89	7	17  
89	7	25  
89	8	20  
