120	0	1  
120	0	10  
120	0	15  
120	0	2  
120	17	37  
120	2	4  
120	2	5  
120	25	26  
120	2	72  
120	4	5  
121	0	1  
121	0	10  
121	0	15  
121	0	2  
121	0	4  
121	0	5  
121	0	9  
121	17	29  
121	21	29  
121	23	24  
121	23	35  
121	2	4  
121	2	5  
121	36	45  
121	37	45  
121	4	15  
121	4	5  
121	7	45  
121	9	20  
121	9	58  
122	0	1  
122	0	10  
122	0	15  
122	0	2  
122	0	4  
122	17	37  
122	17	56  
122	18	59  
122	2	4  
122	2	5  
122	3	48  
122	3	7  
122	4	5  
122	7	17  
122	7	29  
123	0	1  
123	0	10  
123	0	15  
123	0	2  
123	0	4  
123	15	18  
123	16	18  
123	18	59  
123	20	56  
123	23	24  
123	2	4  
123	2	5  
123	25	26  
123	26	47  
123	3	7  
123	4	5  
123	46	47  
123	47	55  
123	47	67  
123	47	74  
123	47	75  
123	64	73  
123	7	36  
123	7	37  
123	7	57  
123	9	69  
124	0	1  
124	0	10  
124	0	15  
124	0	4  
124	15	18  
124	17	29  
124	17	36  
124	17	37  
124	17	56  
124	2	4  
124	2	5  
124	4	10  
124	4	5  
124	7	17  
124	7	29  
124	7	36  
124	7	37  
125	0	1  
125	0	10  
125	0	15  
125	0	2  
125	0	4  
125	14	19  
125	17	36  
125	17	37  
125	19	62  
125	19	76  
125	2	4  
125	25	26  
125	4	5  
126	0	1  
126	0	10  
126	0	15  
126	0	2  
126	0	4  
126	0	5  
126	12	29  
126	15	18  
126	16	18  
126	17	29  
126	21	29  
126	22	29  
126	23	24  
126	2	4  
126	2	5  
126	29	34  
126	29	37  
126	29	42  
126	29	56  
126	29	57  
126	4	5  
126	7	29  
126	7	45  
126	9	58  
127	0	1  
127	0	10  
127	0	15  
127	0	9  
127	17	29  
127	17	36  
127	17	37  
127	17	42  
127	23	24  
127	23	35  
127	2	4  
127	2	5  
127	7	17  
127	7	29  
128	0	1  
128	0	10  
128	0	15  
128	0	2  
128	0	4  
128	0	5  
128	0	9  
128	15	18  
128	2	4  
128	2	5  
128	25	26  
128	4	5  
128	7	17  
128	7	36  
128	9	58  
129	0	1  
129	0	10  
129	0	15  
129	0	2  
129	0	4  
129	0	5  
129	0	9  
129	15	18  
129	18	59  
129	2	4  
129	2	5  
129	3	71  
129	4	10  
129	4	15  
129	4	5  
129	47	55  
120	0	1  
120	0	10  
120	0	15  
120	0	2  
120	17	37  
120	2	4  
120	2	5  
120	25	26  
120	2	72  
120	4	5  
121	0	1  
121	0	10  
121	0	15  
121	0	2  
121	0	4  
121	0	5  
121	0	9  
121	17	29  
121	21	29  
121	23	24  
121	23	35  
121	2	4  
121	2	5  
121	36	45  
121	37	45  
121	4	15  
121	4	5  
121	7	45  
121	9	20  
121	9	58  
122	0	1  
122	0	10  
122	0	15  
122	0	2  
122	0	4  
122	17	37  
122	17	56  
122	18	59  
122	2	4  
122	2	5  
122	3	48  
122	3	7  
122	4	5  
122	7	17  
122	7	29  
123	0	1  
123	0	10  
123	0	15  
123	0	2  
123	0	4  
123	15	18  
123	16	18  
123	18	59  
123	20	56  
123	23	24  
123	2	4  
123	2	5  
123	25	26  
123	26	47  
123	3	7  
123	4	5  
123	46	47  
123	47	55  
123	47	67  
123	47	74  
123	47	75  
123	64	73  
123	7	36  
123	7	37  
123	7	57  
123	9	69  
124	0	1  
124	0	10  
124	0	15  
124	0	4  
124	15	18  
124	17	29  
124	17	36  
124	17	37  
124	17	56  
124	2	4  
124	2	5  
124	4	10  
124	4	5  
124	7	17  
124	7	29  
124	7	36  
124	7	37  
125	0	1  
125	0	10  
125	0	15  
125	0	2  
125	0	4  
125	14	19  
125	17	36  
125	17	37  
125	19	62  
125	19	76  
125	2	4  
125	25	26  
125	4	5  
126	0	1  
126	0	10  
126	0	15  
126	0	2  
126	0	4  
126	0	5  
126	12	29  
126	15	18  
126	16	18  
126	17	29  
126	21	29  
126	22	29  
126	23	24  
126	2	4  
126	2	5  
126	29	34  
126	29	37  
126	29	42  
126	29	56  
126	29	57  
126	4	5  
126	7	29  
126	7	45  
126	9	58  
127	0	1  
127	0	10  
127	0	15  
127	0	9  
127	17	29  
127	17	36  
127	17	37  
127	17	42  
127	23	24  
127	23	35  
127	2	4  
127	2	5  
127	7	17  
127	7	29  
128	0	1  
128	0	10  
128	0	15  
128	0	2  
128	0	4  
128	0	5  
128	0	9  
128	15	18  
128	2	4  
128	2	5  
128	25	26  
128	4	5  
128	7	17  
128	7	36  
128	9	58  
129	0	1  
129	0	10  
129	0	15  
129	0	2  
129	0	4  
129	0	5  
129	0	9  
129	15	18  
129	18	59  
129	2	4  
129	2	5  
129	3	71  
129	4	10  
129	4	15  
129	4	5  
129	47	55  
120	0	1  
120	0	10  
120	0	15  
120	0	2  
120	17	37  
120	2	4  
120	2	5  
120	25	26  
120	2	72  
120	4	5  
121	0	1  
121	0	10  
121	0	15  
121	0	2  
121	0	4  
121	0	5  
121	0	9  
121	17	29  
121	21	29  
121	23	24  
121	23	35  
121	2	4  
121	2	5  
121	36	45  
121	37	45  
121	4	15  
121	4	5  
121	7	45  
121	9	20  
121	9	58  
122	0	1  
122	0	10  
122	0	15  
122	0	2  
122	0	4  
122	17	37  
122	17	56  
122	18	59  
122	2	4  
122	2	5  
122	3	48  
122	3	7  
122	4	5  
122	7	17  
122	7	29  
123	0	1  
123	0	10  
123	0	15  
123	0	2  
123	0	4  
123	15	18  
123	16	18  
123	18	59  
123	20	56  
123	23	24  
123	2	4  
123	2	5  
123	25	26  
123	26	47  
123	3	7  
123	4	5  
123	46	47  
123	47	55  
123	47	67  
123	47	74  
123	47	75  
123	64	73  
123	7	36  
123	7	37  
123	7	57  
123	9	69  
124	0	1  
124	0	10  
124	0	15  
124	0	4  
124	15	18  
124	17	29  
124	17	36  
124	17	37  
124	17	56  
124	2	4  
124	2	5  
124	4	10  
124	4	5  
124	7	17  
124	7	29  
124	7	36  
124	7	37  
125	0	1  
125	0	10  
125	0	15  
125	0	2  
125	0	4  
125	14	19  
125	17	36  
125	17	37  
125	19	62  
125	19	76  
125	2	4  
125	25	26  
125	4	5  
126	0	1  
126	0	10  
126	0	15  
126	0	2  
126	0	4  
126	0	5  
126	12	29  
126	15	18  
126	16	18  
126	17	29  
126	21	29  
126	22	29  
126	23	24  
126	2	4  
126	2	5  
126	29	34  
126	29	37  
126	29	42  
126	29	56  
126	29	57  
126	4	5  
126	7	29  
126	7	45  
126	9	58  
127	0	1  
127	0	10  
127	0	15  
127	0	9  
127	17	29  
127	17	36  
127	17	37  
127	17	42  
127	23	24  
127	23	35  
127	2	4  
127	2	5  
127	7	17  
127	7	29  
128	0	1  
128	0	10  
128	0	15  
128	0	2  
128	0	4  
128	0	5  
128	0	9  
128	15	18  
128	2	4  
128	2	5  
128	25	26  
128	4	5  
128	7	17  
128	7	36  
128	9	58  
129	0	1  
129	0	10  
129	0	15  
129	0	2  
129	0	4  
129	0	5  
129	0	9  
129	15	18  
129	18	59  
129	2	4  
129	2	5  
129	3	71  
129	4	10  
129	4	15  
129	4	5  
129	47	55  
