150	0	1  
150	0	10  
150	0	15  
150	0	2  
150	0	4  
150	0	5  
150	0	69  
150	0	9  
150	11	81  
150	17	36  
150	17	37  
150	19	69  
150	20	62  
150	2	4  
150	25	26  
150	3	44  
150	36	37  
150	3	71  
150	37	82  
150	47	55  
150	7	17  
150	7	36  
150	7	37  
150	7	82  
150	9	69  
151	0	1  
151	0	10  
151	0	15  
151	0	2  
151	0	4  
151	0	5  
151	0	69  
151	0	9  
151	15	18  
151	16	18  
151	19	54  
151	21	45  
151	2	5  
151	25	26  
151	29	82  
151	33	34  
151	34	36  
151	34	37  
151	34	82  
151	7	37  
151	8	19  
152	0	1  
152	0	10  
152	0	15  
152	0	4  
152	0	5  
152	0	69  
152	0	9  
152	11	75  
152	11	81  
152	15	18  
152	17	29  
152	19	54  
152	20	31  
152	20	39  
152	20	79  
152	20	91  
152	21	45  
152	23	24  
152	2	5  
152	25	26  
152	26	41  
152	36	57  
152	36	82  
152	52	54  
152	54	69  
152	7	17  
152	7	29  
152	7	33  
152	7	36  
152	7	37  
152	7	82  
152	9	54  
153	0	92  
153	11	19  
153	11	28  
153	11	65  
153	15	18  
153	17	29  
153	17	33  
153	17	37  
153	25	26  
153	26	41  
153	2	92  
153	4	92  
153	5	92  
153	7	17  
153	75	77  
154	0	1  
154	0	10  
154	0	15  
154	0	2  
154	0	4  
154	0	5  
154	0	92  
154	11	19  
154	11	58  
154	11	65  
154	11	75  
154	11	81  
154	12	73  
154	16	71  
154	17	29  
154	17	42  
154	18	61  
154	18	71  
154	19	69  
154	21	22  
154	21	45  
154	22	45  
154	22	50  
154	22	83  
154	22	93  
154	2	5  
154	25	26  
154	26	41  
154	26	61  
154	2	92  
154	3	18  
154	33	36  
154	33	37  
154	33	82  
154	36	82  
154	46	75  
154	70	85  
154	7	29  
154	7	37  
154	7	82  
154	9	19  
154	9	69  
155	0	1  
155	0	10  
155	0	15  
155	0	2  
155	15	18  
155	18	71  
155	20	31  
155	20	39  
155	20	79  
155	20	91  
155	2	4  
155	25	26  
155	2	92  
155	3	18  
155	36	68  
155	4	5  
155	68	82  
155	7	68  
156	0	1  
156	0	10  
156	0	15  
156	0	2  
156	0	4  
156	0	5  
156	0	92  
156	11	19  
156	11	23  
156	11	24  
156	11	28  
156	11	35  
156	11	38  
156	11	58  
156	11	65  
156	11	66  
156	11	75  
156	11	81  
156	15	18  
156	18	71  
156	18	81  
156	19	32  
156	19	58  
156	19	65  
156	19	66  
156	22	45  
156	22	78  
156	22	88  
156	23	24  
156	23	35  
156	23	59  
156	2	4  
156	2	5  
156	25	26  
156	26	61  
156	2	92  
156	2	96  
156	3	16  
156	33	36  
156	33	37  
156	33	82  
156	3	7  
156	3	71  
156	39	59  
156	45	88  
156	61	77  
156	7	17  
156	7	29  
156	78	83  
156	8	11  
156	85	94  
156	86	94  
156	9	20  
156	94	95  
156	9	69  
157	0	1  
157	0	15  
157	11	23  
157	13	21  
157	21	63  
157	23	24  
157	23	35  
157	23	80  
157	2	5  
157	25	26  
157	26	41  
157	26	61  
157	2	92  
157	36	82  
157	7	17  
158	0	1  
158	0	15  
158	0	2  
158	0	4  
158	0	5  
158	0	92  
158	11	18  
158	11	19  
158	17	36  
158	17	37  
158	19	69  
158	21	22  
158	21	45  
158	22	45  
158	22	50  
158	22	83  
158	23	24  
158	23	35  
158	23	59  
158	2	4  
158	25	26  
158	2	92  
158	2	96  
158	3	28  
158	32	87  
158	34	56  
158	36	82  
158	4	10  
158	48	96  
158	7	17  
158	7	30  
158	7	32  
158	7	36  
158	7	37  
158	7	82  
158	7	87  
158	86	94  
158	86	95  
159	0	1  
159	0	15  
159	0	2  
159	0	4  
159	0	5  
159	0	92  
159	11	19  
159	11	23  
159	11	28  
159	11	58  
159	11	65  
159	11	66  
159	11	80  
159	11	81  
159	12	29  
159	15	16  
159	17	29  
159	17	36  
159	17	37  
159	21	22  
159	21	45  
159	22	45  
159	22	50  
159	22	83  
159	22	88  
159	23	24  
159	23	35  
159	23	38  
159	23	59  
159	23	80  
159	2	4  
159	25	26  
159	25	58  
159	25	80  
159	26	80  
159	29	33  
159	29	34  
159	29	36  
159	29	37  
159	29	42  
159	29	43  
159	29	56  
159	29	57  
159	29	68  
159	29	82  
159	3	7  
159	3	71  
159	45	83  
159	58	80  
159	61	80  
159	67	80  
159	7	17  
159	7	29  
159	7	30  
159	7	33  
159	7	37  
159	7	43  
159	7	45  
159	74	80  
159	7	57  
159	75	80  
159	77	80  
159	7	82  
159	80	81  
159	8	62  
150	0	1  
150	0	10  
150	0	15  
150	0	2  
150	0	4  
150	0	5  
150	0	69  
150	0	9  
150	11	81  
150	17	36  
150	17	37  
150	19	69  
150	20	62  
150	2	4  
150	25	26  
150	3	44  
150	36	37  
150	3	71  
150	37	82  
150	47	55  
150	7	17  
150	7	36  
150	7	37  
150	7	82  
150	9	69  
151	0	1  
151	0	10  
151	0	15  
151	0	2  
151	0	4  
151	0	5  
151	0	69  
151	0	9  
151	15	18  
151	16	18  
151	19	54  
151	21	45  
151	2	5  
151	25	26  
151	29	82  
151	33	34  
151	34	36  
151	34	37  
151	34	82  
151	7	37  
151	8	19  
152	0	1  
152	0	10  
152	0	15  
152	0	4  
152	0	5  
152	0	69  
152	0	9  
152	11	75  
152	11	81  
152	15	18  
152	17	29  
152	19	54  
152	20	31  
152	20	39  
152	20	79  
152	20	91  
152	21	45  
152	23	24  
152	2	5  
152	25	26  
152	26	41  
152	36	57  
152	36	82  
152	52	54  
152	54	69  
152	7	17  
152	7	29  
152	7	33  
152	7	36  
152	7	37  
152	7	82  
152	9	54  
153	0	92  
153	11	19  
153	11	28  
153	11	65  
153	15	18  
153	17	29  
153	17	33  
153	17	37  
153	25	26  
153	26	41  
153	2	92  
153	4	92  
153	5	92  
153	7	17  
153	75	77  
154	0	1  
154	0	10  
154	0	15  
154	0	2  
154	0	4  
154	0	5  
154	0	92  
154	11	19  
154	11	58  
154	11	65  
154	11	75  
154	11	81  
154	12	73  
154	16	71  
154	17	29  
154	17	42  
154	18	61  
154	18	71  
154	19	69  
154	21	22  
154	21	45  
154	22	45  
154	22	50  
154	22	83  
154	22	93  
154	2	5  
154	25	26  
154	26	41  
154	26	61  
154	2	92  
154	3	18  
154	33	36  
154	33	37  
154	33	82  
154	36	82  
154	46	75  
154	70	85  
154	7	29  
154	7	37  
154	7	82  
154	9	19  
154	9	69  
155	0	1  
155	0	10  
155	0	15  
155	0	2  
155	15	18  
155	18	71  
155	20	31  
155	20	39  
155	20	79  
155	20	91  
155	2	4  
155	25	26  
155	2	92  
155	3	18  
155	36	68  
155	4	5  
155	68	82  
155	7	68  
156	0	1  
156	0	10  
156	0	15  
156	0	2  
156	0	4  
156	0	5  
156	0	92  
156	11	19  
156	11	23  
156	11	24  
156	11	28  
156	11	35  
156	11	38  
156	11	58  
156	11	65  
156	11	66  
156	11	75  
156	11	81  
156	15	18  
156	18	71  
156	18	81  
156	19	32  
156	19	58  
156	19	65  
156	19	66  
156	22	45  
156	22	78  
156	22	88  
156	23	24  
156	23	35  
156	23	59  
156	2	4  
156	2	5  
156	25	26  
156	26	61  
156	2	92  
156	2	96  
156	3	16  
156	33	36  
156	33	37  
156	33	82  
156	3	7  
156	3	71  
156	39	59  
156	45	88  
156	61	77  
156	7	17  
156	7	29  
156	78	83  
156	8	11  
156	85	94  
156	86	94  
156	9	20  
156	94	95  
156	9	69  
157	0	1  
157	0	15  
157	11	23  
157	13	21  
157	21	63  
157	23	24  
157	23	35  
157	23	80  
157	2	5  
157	25	26  
157	26	41  
157	26	61  
157	2	92  
157	36	82  
157	7	17  
158	0	1  
158	0	15  
158	0	2  
158	0	4  
158	0	5  
158	0	92  
158	11	18  
158	11	19  
158	17	36  
158	17	37  
158	19	69  
158	21	22  
158	21	45  
158	22	45  
158	22	50  
158	22	83  
158	23	24  
158	23	35  
158	23	59  
158	2	4  
158	25	26  
158	2	92  
158	2	96  
158	3	28  
158	32	87  
158	34	56  
158	36	82  
158	4	10  
158	48	96  
158	7	17  
158	7	30  
158	7	32  
158	7	36  
158	7	37  
158	7	82  
158	7	87  
158	86	94  
158	86	95  
159	0	1  
159	0	15  
159	0	2  
159	0	4  
159	0	5  
159	0	92  
159	11	19  
159	11	23  
159	11	28  
159	11	58  
159	11	65  
159	11	66  
159	11	80  
159	11	81  
159	12	29  
159	15	16  
159	17	29  
159	17	36  
159	17	37  
159	21	22  
159	21	45  
159	22	45  
159	22	50  
159	22	83  
159	22	88  
159	23	24  
159	23	35  
159	23	38  
159	23	59  
159	23	80  
159	2	4  
159	25	26  
159	25	58  
159	25	80  
159	26	80  
159	29	33  
159	29	34  
159	29	36  
159	29	37  
159	29	42  
159	29	43  
159	29	56  
159	29	57  
159	29	68  
159	29	82  
159	3	7  
159	3	71  
159	45	83  
159	58	80  
159	61	80  
159	67	80  
159	7	17  
159	7	29  
159	7	30  
159	7	33  
159	7	37  
159	7	43  
159	7	45  
159	74	80  
159	7	57  
159	75	80  
159	77	80  
159	7	82  
159	80	81  
159	8	62  
150	0	1  
150	0	10  
150	0	15  
150	0	2  
150	0	4  
150	0	5  
150	0	69  
150	0	9  
150	11	81  
150	17	36  
150	17	37  
150	19	69  
150	20	62  
150	2	4  
150	25	26  
150	3	44  
150	36	37  
150	3	71  
150	37	82  
150	47	55  
150	7	17  
150	7	36  
150	7	37  
150	7	82  
150	9	69  
151	0	1  
151	0	10  
151	0	15  
151	0	2  
151	0	4  
151	0	5  
151	0	69  
151	0	9  
151	15	18  
151	16	18  
151	19	54  
151	21	45  
151	2	5  
151	25	26  
151	29	82  
151	33	34  
151	34	36  
151	34	37  
151	34	82  
151	7	37  
151	8	19  
152	0	1  
152	0	10  
152	0	15  
152	0	4  
152	0	5  
152	0	69  
152	0	9  
152	11	75  
152	11	81  
152	15	18  
152	17	29  
152	19	54  
152	20	31  
152	20	39  
152	20	79  
152	20	91  
152	21	45  
152	23	24  
152	2	5  
152	25	26  
152	26	41  
152	36	57  
152	36	82  
152	52	54  
152	54	69  
152	7	17  
152	7	29  
152	7	33  
152	7	36  
152	7	37  
152	7	82  
152	9	54  
153	0	92  
153	11	19  
153	11	28  
153	11	65  
153	15	18  
153	17	29  
153	17	33  
153	17	37  
153	25	26  
153	26	41  
153	2	92  
153	4	92  
153	5	92  
153	7	17  
153	75	77  
154	0	1  
154	0	10  
154	0	15  
154	0	2  
154	0	4  
154	0	5  
154	0	92  
154	11	19  
154	11	58  
154	11	65  
154	11	75  
154	11	81  
154	12	73  
154	16	71  
154	17	29  
154	17	42  
154	18	61  
154	18	71  
154	19	69  
154	21	22  
154	21	45  
154	22	45  
154	22	50  
154	22	83  
154	22	93  
154	2	5  
154	25	26  
154	26	41  
154	26	61  
154	2	92  
154	3	18  
154	33	36  
154	33	37  
154	33	82  
154	36	82  
154	46	75  
154	70	85  
154	7	29  
154	7	37  
154	7	82  
154	9	19  
154	9	69  
155	0	1  
155	0	10  
155	0	15  
155	0	2  
155	15	18  
155	18	71  
155	20	31  
155	20	39  
155	20	79  
155	20	91  
155	2	4  
155	25	26  
155	2	92  
155	3	18  
155	36	68  
155	4	5  
155	68	82  
155	7	68  
156	0	1  
156	0	10  
156	0	15  
156	0	2  
156	0	4  
156	0	5  
156	0	92  
156	11	19  
156	11	23  
156	11	24  
156	11	28  
156	11	35  
156	11	38  
156	11	58  
156	11	65  
156	11	66  
156	11	75  
156	11	81  
156	15	18  
156	18	71  
156	18	81  
156	19	32  
156	19	58  
156	19	65  
156	19	66  
156	22	45  
156	22	78  
156	22	88  
156	23	24  
156	23	35  
156	23	59  
156	2	4  
156	2	5  
156	25	26  
156	26	61  
156	2	92  
156	2	96  
156	3	16  
156	33	36  
156	33	37  
156	33	82  
156	3	7  
156	3	71  
156	39	59  
156	45	88  
156	61	77  
156	7	17  
156	7	29  
156	78	83  
156	8	11  
156	85	94  
156	86	94  
156	9	20  
156	94	95  
156	9	69  
157	0	1  
157	0	15  
157	11	23  
157	13	21  
157	21	63  
157	23	24  
157	23	35  
157	23	80  
157	2	5  
157	25	26  
157	26	41  
157	26	61  
157	2	92  
157	36	82  
157	7	17  
158	0	1  
158	0	15  
158	0	2  
158	0	4  
158	0	5  
158	0	92  
158	11	18  
158	11	19  
158	17	36  
158	17	37  
158	19	69  
158	21	22  
158	21	45  
158	22	45  
158	22	50  
158	22	83  
158	23	24  
158	23	35  
158	23	59  
158	2	4  
158	25	26  
158	2	92  
158	2	96  
158	3	28  
158	32	87  
158	34	56  
158	36	82  
158	4	10  
158	48	96  
158	7	17  
158	7	30  
158	7	32  
158	7	36  
158	7	37  
158	7	82  
158	7	87  
158	86	94  
158	86	95  
159	0	1  
159	0	15  
159	0	2  
159	0	4  
159	0	5  
159	0	92  
159	11	19  
159	11	23  
159	11	28  
159	11	58  
159	11	65  
159	11	66  
159	11	80  
159	11	81  
159	12	29  
159	15	16  
159	17	29  
159	17	36  
159	17	37  
159	21	22  
159	21	45  
159	22	45  
159	22	50  
159	22	83  
159	22	88  
159	23	24  
159	23	35  
159	23	38  
159	23	59  
159	23	80  
159	2	4  
159	25	26  
159	25	58  
159	25	80  
159	26	80  
159	29	33  
159	29	34  
159	29	36  
159	29	37  
159	29	42  
159	29	43  
159	29	56  
159	29	57  
159	29	68  
159	29	82  
159	3	7  
159	3	71  
159	45	83  
159	58	80  
159	61	80  
159	67	80  
159	7	17  
159	7	29  
159	7	30  
159	7	33  
159	7	37  
159	7	43  
159	7	45  
159	74	80  
159	7	57  
159	75	80  
159	77	80  
159	7	82  
159	80	81  
159	8	62  
