22	0	1  
22	0	2  
22	0	4  
22	0	5  
22	2	5  
24	1	2  
24	8	9  
25	0	4  
25	1	2  
25	2	5  
26	0	1  
26	0	10  
26	1	2  
26	2	5  
27	1	2  
27	2	4  
28	1	2  
28	2	11  
28	3	7  
22	0	1  
22	0	2  
22	0	4  
22	0	5  
22	2	5  
24	1	2  
24	8	9  
25	0	4  
25	1	2  
25	2	5  
26	0	1  
26	0	10  
26	1	2  
26	2	5  
27	1	2  
27	2	4  
28	1	2  
28	2	11  
28	3	7  
22	0	1  
22	0	2  
22	0	4  
22	0	5  
22	2	5  
24	1	2  
24	8	9  
25	0	4  
25	1	2  
25	2	5  
26	0	1  
26	0	10  
26	1	2  
26	2	5  
27	1	2  
27	2	4  
28	1	2  
28	2	11  
28	3	7  
