250	0	1  
250	0	2  
250	0	5  
250	0	92  
250	100	108  
250	100	109  
250	107	108  
250	108	122  
250	10	96  
250	112	120  
250	11	23  
250	11	35  
250	116	125  
250	1	2  
250	131	132  
250	13	45  
250	14	114  
250	14	133  
250	1	5  
250	15	16  
250	16	121  
250	18	40  
250	18	92  
250	1	92  
250	19	87  
250	21	45  
250	23	35  
250	23	48  
250	2	4  
250	2	5  
250	27	132  
250	2	92  
250	29	57  
250	3	18  
250	32	123  
250	32	87  
250	33	68  
250	33	82  
250	3	40  
250	34	82  
250	3	6  
250	3	71  
250	3	72  
250	37	82  
250	39	92  
250	40	71  
250	4	10  
250	4	5  
250	47	132  
250	4	92  
250	5	39  
250	55	69  
250	57	68  
250	5	92  
250	59	80  
250	62	76  
250	64	87  
250	65	87  
250	66	87  
250	6	76  
250	76	132  
250	8	62  
250	8	76  
250	93	100  
250	9	54  
250	9	76  
251	0	1  
251	0	2  
251	0	92  
251	100	105  
251	100	107  
251	10	96  
251	112	120  
251	11	81  
251	1	2  
251	120	132  
251	12	136  
251	131	132  
251	134	135  
251	1	5  
251	15	16  
251	15	18  
251	16	18  
251	1	92  
251	19	32  
251	19	54  
251	19	65  
251	19	87  
251	20	132  
251	2	39  
251	2	4  
251	2	5  
251	2	92  
251	30	47  
251	32	87  
251	34	68  
251	34	82  
251	35	81  
251	3	6  
251	36	82  
251	39	59  
251	39	92  
251	47	132  
251	48	81  
251	4	92  
251	57	68  
251	5	92  
251	62	76  
251	64	87  
251	65	87  
251	66	87  
251	69	76  
251	73	134  
251	81	119  
251	83	101  
251	8	69  
251	8	76  
251	9	112  
251	95	134  
251	9	69  
251	97	108  
252	0	1  
252	0	10  
252	0	136  
252	0	2  
252	0	5  
252	0	92  
252	100	105  
252	100	107  
252	100	109  
252	108	122  
252	114	136  
252	1	2  
252	12	56  
252	131	132  
252	132	133  
252	134	135  
252	1	5  
252	15	16  
252	15	18  
252	15	96  
252	16	18  
252	18	96  
252	1	92  
252	19	64  
252	19	87  
252	21	45  
252	23	24  
252	23	48  
252	2	39  
252	2	4  
252	2	5  
252	28	116  
252	2	92  
252	29	57  
252	30	61  
252	32	64  
252	32	87  
252	33	34  
252	33	36  
252	33	57  
252	34	36  
252	34	57  
252	34	68  
252	34	82  
252	36	82  
252	39	92  
252	4	10  
252	4	5  
252	47	76  
252	4	92  
252	51	76  
252	52	69  
252	53	137  
252	5	39  
252	55	76  
252	57	68  
252	57	84  
252	5	92  
252	59	80  
252	60	137  
252	64	66  
252	64	87  
252	65	87  
252	66	87  
252	69	114  
252	76	132  
252	80	120  
252	8	54  
252	8	76  
252	9	112  
252	9	136  
252	9	69  
252	96	97  
253	11	31  
253	1	4  
253	15	16  
253	15	39  
253	16	125  
253	18	39  
253	19	87  
253	21	45  
253	23	31  
253	32	87  
253	33	82  
253	34	82  
253	37	56  
253	37	82  
253	4	5  
253	4	92  
253	55	76  
253	64	66  
253	64	87  
253	65	87  
253	66	87  
253	8	76  
253	9	54  
254	110	132  
254	131	132  
254	14	98  
254	15	16  
254	16	18  
254	16	72  
254	17	98  
254	18	72  
254	19	114  
254	19	54  
254	19	55  
254	21	45  
254	27	132  
254	27	50  
254	29	57  
254	31	124  
254	31	138  
254	31	87  
254	34	37  
254	34	82  
254	4	10  
254	50	132  
254	51	55  
254	51	78  
254	57	68  
254	63	98  
254	8	19  
254	86	137  
254	9	54  
254	97	108  
254	98	139  
255	100	105  
255	100	107  
255	10	140  
255	124	138  
255	15	16  
255	16	18  
255	21	45  
255	25	124  
255	60	137  
255	7	137  
255	7	60  
255	7	70  
255	7	86  
256	100	105  
256	100	107  
256	10	140  
256	17	45  
256	18	96  
256	21	45  
256	25	124  
256	27	131  
256	29	57  
256	3	117  
256	3	18  
256	33	82  
256	34	82  
256	3	71  
256	37	45  
256	37	82  
256	51	78  
256	53	137  
256	60	137  
256	7	110  
256	7	134  
256	7	135  
256	7	137  
256	7	27  
256	7	47  
256	75	126  
256	7	60  
256	7	70  
256	7	86  
256	7	95  
256	86	137  
256	91	124  
256	94	137  
256	97	100  
256	97	105  
257	0	1  
257	100	105  
257	100	109  
257	113	126  
257	1	2  
257	12	33  
257	12	34  
257	12	37  
257	12	82  
257	134	135  
257	1	5  
257	17	45  
257	18	39  
257	2	123  
257	21	45  
257	23	24  
257	23	48  
257	26	126  
257	27	132  
257	29	45  
257	29	57  
257	3	18  
257	33	68  
257	33	82  
257	3	39  
257	34	68  
257	34	82  
257	37	45  
257	37	68  
257	37	82  
257	41	126  
257	45	126  
257	46	126  
257	52	132  
257	60	137  
257	6	45  
257	7	137  
257	73	134  
257	7	45  
257	7	60  
257	7	70  
257	7	86  
257	8	133  
257	9	20  
257	93	109  
257	95	134  
257	97	107  
257	97	137  
258	11	19  
258	1	2  
258	19	116  
258	19	120  
258	19	126  
258	19	28  
258	21	45  
258	25	124  
258	25	26  
258	26	126  
258	29	57  
258	33	34  
258	34	82  
258	3	6  
258	41	126  
258	43	56  
258	56	132  
258	57	68  
258	6	39  
258	67	126  
258	8	9  
258	9	10  
258	9	139  
258	9	21  
258	9	69  
259	100	105  
259	100	109  
259	101	109  
259	103	109  
259	107	109  
259	10	96  
259	11	126  
259	112	120  
259	1	2  
259	120	121  
259	120	129  
259	13	21  
259	132	141  
259	1	39  
259	139	140  
259	18	39  
259	18	96  
259	21	45  
259	3	18  
259	33	68  
259	3	6  
259	3	71  
259	39	120  
259	39	72  
259	49	120  
259	50	109  
259	59	120  
259	60	137  
259	7	110  
259	7	134  
259	7	135  
259	7	27  
259	72	75  
259	7	47  
259	7	95  
259	80	120  
259	83	109  
259	86	94  
259	90	137  
259	9	132  
259	93	109  
259	94	137  
250	0	1  
250	0	2  
250	0	5  
250	0	92  
250	100	108  
250	100	109  
250	107	108  
250	108	122  
250	10	96  
250	112	120  
250	11	23  
250	11	35  
250	116	125  
250	1	2  
250	131	132  
250	13	45  
250	14	114  
250	14	133  
250	1	5  
250	15	16  
250	16	121  
250	18	40  
250	18	92  
250	1	92  
250	19	87  
250	21	45  
250	23	35  
250	23	48  
250	2	4  
250	2	5  
250	27	132  
250	2	92  
250	29	57  
250	3	18  
250	32	123  
250	32	87  
250	33	68  
250	33	82  
250	3	40  
250	34	82  
250	3	6  
250	3	71  
250	3	72  
250	37	82  
250	39	92  
250	40	71  
250	4	10  
250	4	5  
250	47	132  
250	4	92  
250	5	39  
250	55	69  
250	57	68  
250	5	92  
250	59	80  
250	62	76  
250	64	87  
250	65	87  
250	66	87  
250	6	76  
250	76	132  
250	8	62  
250	8	76  
250	93	100  
250	9	54  
250	9	76  
251	0	1  
251	0	2  
251	0	92  
251	100	105  
251	100	107  
251	10	96  
251	112	120  
251	11	81  
251	1	2  
251	120	132  
251	12	136  
251	131	132  
251	134	135  
251	1	5  
251	15	16  
251	15	18  
251	16	18  
251	1	92  
251	19	32  
251	19	54  
251	19	65  
251	19	87  
251	20	132  
251	2	39  
251	2	4  
251	2	5  
251	2	92  
251	30	47  
251	32	87  
251	34	68  
251	34	82  
251	35	81  
251	3	6  
251	36	82  
251	39	59  
251	39	92  
251	47	132  
251	48	81  
251	4	92  
251	57	68  
251	5	92  
251	62	76  
251	64	87  
251	65	87  
251	66	87  
251	69	76  
251	73	134  
251	81	119  
251	83	101  
251	8	69  
251	8	76  
251	9	112  
251	95	134  
251	9	69  
251	97	108  
252	0	1  
252	0	10  
252	0	136  
252	0	2  
252	0	5  
252	0	92  
252	100	105  
252	100	107  
252	100	109  
252	108	122  
252	114	136  
252	1	2  
252	12	56  
252	131	132  
252	132	133  
252	134	135  
252	1	5  
252	15	16  
252	15	18  
252	15	96  
252	16	18  
252	18	96  
252	1	92  
252	19	64  
252	19	87  
252	21	45  
252	23	24  
252	23	48  
252	2	39  
252	2	4  
252	2	5  
252	28	116  
252	2	92  
252	29	57  
252	30	61  
252	32	64  
252	32	87  
252	33	34  
252	33	36  
252	33	57  
252	34	36  
252	34	57  
252	34	68  
252	34	82  
252	36	82  
252	39	92  
252	4	10  
252	4	5  
252	47	76  
252	4	92  
252	51	76  
252	52	69  
252	53	137  
252	5	39  
252	55	76  
252	57	68  
252	57	84  
252	5	92  
252	59	80  
252	60	137  
252	64	66  
252	64	87  
252	65	87  
252	66	87  
252	69	114  
252	76	132  
252	80	120  
252	8	54  
252	8	76  
252	9	112  
252	9	136  
252	9	69  
252	96	97  
253	11	31  
253	1	4  
253	15	16  
253	15	39  
253	16	125  
253	18	39  
253	19	87  
253	21	45  
253	23	31  
253	32	87  
253	33	82  
253	34	82  
253	37	56  
253	37	82  
253	4	5  
253	4	92  
253	55	76  
253	64	66  
253	64	87  
253	65	87  
253	66	87  
253	8	76  
253	9	54  
254	110	132  
254	131	132  
254	14	98  
254	15	16  
254	16	18  
254	16	72  
254	17	98  
254	18	72  
254	19	114  
254	19	54  
254	19	55  
254	21	45  
254	27	132  
254	27	50  
254	29	57  
254	31	124  
254	31	138  
254	31	87  
254	34	37  
254	34	82  
254	4	10  
254	50	132  
254	51	55  
254	51	78  
254	57	68  
254	63	98  
254	8	19  
254	86	137  
254	9	54  
254	97	108  
254	98	139  
255	100	105  
255	100	107  
255	10	140  
255	124	138  
255	15	16  
255	16	18  
255	21	45  
255	25	124  
255	60	137  
255	7	137  
255	7	60  
255	7	70  
255	7	86  
256	100	105  
256	100	107  
256	10	140  
256	17	45  
256	18	96  
256	21	45  
256	25	124  
256	27	131  
256	29	57  
256	3	117  
256	3	18  
256	33	82  
256	34	82  
256	3	71  
256	37	45  
256	37	82  
256	51	78  
256	53	137  
256	60	137  
256	7	110  
256	7	134  
256	7	135  
256	7	137  
256	7	27  
256	7	47  
256	75	126  
256	7	60  
256	7	70  
256	7	86  
256	7	95  
256	86	137  
256	91	124  
256	94	137  
256	97	100  
256	97	105  
257	0	1  
257	100	105  
257	100	109  
257	113	126  
257	1	2  
257	12	33  
257	12	34  
257	12	37  
257	12	82  
257	134	135  
257	1	5  
257	17	45  
257	18	39  
257	2	123  
257	21	45  
257	23	24  
257	23	48  
257	26	126  
257	27	132  
257	29	45  
257	29	57  
257	3	18  
257	33	68  
257	33	82  
257	3	39  
257	34	68  
257	34	82  
257	37	45  
257	37	68  
257	37	82  
257	41	126  
257	45	126  
257	46	126  
257	52	132  
257	60	137  
257	6	45  
257	7	137  
257	73	134  
257	7	45  
257	7	60  
257	7	70  
257	7	86  
257	8	133  
257	9	20  
257	93	109  
257	95	134  
257	97	107  
257	97	137  
258	11	19  
258	1	2  
258	19	116  
258	19	120  
258	19	126  
258	19	28  
258	21	45  
258	25	124  
258	25	26  
258	26	126  
258	29	57  
258	33	34  
258	34	82  
258	3	6  
258	41	126  
258	43	56  
258	56	132  
258	57	68  
258	6	39  
258	67	126  
258	8	9  
258	9	10  
258	9	139  
258	9	21  
258	9	69  
259	100	105  
259	100	109  
259	101	109  
259	103	109  
259	107	109  
259	10	96  
259	11	126  
259	112	120  
259	1	2  
259	120	121  
259	120	129  
259	13	21  
259	132	141  
259	1	39  
259	139	140  
259	18	39  
259	18	96  
259	21	45  
259	3	18  
259	33	68  
259	3	6  
259	3	71  
259	39	120  
259	39	72  
259	49	120  
259	50	109  
259	59	120  
259	60	137  
259	7	110  
259	7	134  
259	7	135  
259	7	27  
259	72	75  
259	7	47  
259	7	95  
259	80	120  
259	83	109  
259	86	94  
259	90	137  
259	9	132  
259	93	109  
259	94	137  
