330	100	109  
330	120	132  
330	124	138  
330	2	92  
330	29	57  
330	33	42  
330	34	115  
330	34	144  
330	34	42  
330	34	82  
330	37	42  
330	3	92  
330	42	145  
330	5	92  
330	75	120  
330	8	132  
330	9	132  
330	9	139  
330	92	109  
330	92	132  
330	92	93  
330	92	96  
330	93	109  
330	97	149  
331	0	5  
331	100	109  
331	10	139  
331	10	142  
331	107	118  
331	10	92  
331	11	116  
331	11	120  
331	11	131  
331	11	141  
331	11	20  
331	115	144  
331	115	145  
331	11	54  
331	11	55  
331	116	123  
331	116	131  
331	11	75  
331	120	131  
331	120	132  
331	120	138  
331	124	138  
331	126	131  
331	131	132  
331	132	141  
331	132	142  
331	136	139  
331	136	142  
331	139	142  
331	20	141  
331	20	54  
331	23	24  
331	25	116  
331	25	124  
331	25	26  
331	26	41  
331	26	75  
331	27	131  
331	27	132  
331	27	92  
331	2	92  
331	29	57  
331	31	124  
331	31	138  
331	31	72  
331	31	87  
331	32	119  
331	32	65  
331	33	115  
331	33	37  
331	33	42  
331	34	115  
331	34	144  
331	34	37  
331	34	57  
331	34	68  
331	34	82  
331	37	115  
331	37	68  
331	3	92  
331	41	120  
331	41	75  
331	42	115  
331	42	145  
331	46	75  
331	47	51  
331	47	55  
331	47	78  
331	50	75  
331	51	78  
331	52	131  
331	52	132  
331	52	92  
331	54	120  
331	54	131  
331	54	141  
331	55	130  
331	57	82  
331	5	92  
331	5	96  
331	60	131  
331	64	119  
331	64	66  
331	6	72  
331	67	75  
331	70	131  
331	75	116  
331	75	119  
331	75	120  
331	75	124  
331	75	126  
331	75	128  
331	75	131  
331	75	91  
331	82	115  
331	82	144  
331	87	124  
331	87	138  
331	8	9  
331	89	132  
331	90	131  
331	90	132  
331	90	142  
331	90	92  
331	9	120  
331	9	132  
331	9	139  
331	9	142  
331	92	109  
331	92	131  
331	92	132  
331	92	141  
331	92	93  
331	92	96  
331	93	100  
331	93	109  
331	97	100  
331	97	104  
331	97	107  
331	97	108  
331	97	111  
331	97	118  
331	97	149  
332	0	10  
332	100	109  
332	10	132  
332	10	136  
332	10	139  
332	10	142  
332	10	92  
332	1	10  
332	11	120  
332	11	130  
332	11	24  
332	11	38  
332	115	144  
332	11	55  
332	116	120  
332	11	75  
332	120	132  
332	120	138  
332	124	138  
332	131	132  
332	131	139  
332	132	137  
332	132	141  
332	132	142  
332	139	142  
332	20	141  
332	23	125  
332	23	24  
332	2	5  
332	26	31  
332	26	91  
332	27	132  
332	27	92  
332	29	142  
332	2	92  
332	29	57  
332	3	10  
332	31	124  
332	31	87  
332	33	82  
332	34	115  
332	34	144  
332	34	36  
332	34	37  
332	34	82  
332	36	115  
332	36	37  
332	36	82  
332	37	144  
332	37	82  
332	3	92  
332	47	132  
332	47	78  
332	47	94  
332	50	53  
332	51	132  
332	52	92  
332	54	120  
332	57	68  
332	5	92  
332	60	70  
332	6	9  
332	75	120  
332	79	138  
332	8	132  
332	8	142  
332	82	115  
332	82	144  
332	85	137  
332	85	90  
332	85	94  
332	87	124  
332	8	9  
332	90	132  
332	90	137  
332	90	142  
332	90	92  
332	9	10  
332	9	11  
332	9	116  
332	9	120  
332	9	126  
332	9	132  
332	9	136  
332	9	139  
332	9	141  
332	9	142  
332	9	20  
332	92	109  
332	92	131  
332	92	132  
332	92	141  
332	92	93  
332	92	96  
332	93	100  
332	9	51  
332	9	54  
332	97	149  
332	9	75  
333	0	10  
333	0	9  
333	100	109  
333	10	132  
333	10	136  
333	10	139  
333	10	54  
333	10	92  
333	1	10  
333	11	120  
333	112	120  
333	11	38  
333	115	144  
333	11	55  
333	116	120  
333	120	121  
333	120	126  
333	120	129  
333	124	138  
333	131	132  
333	131	136  
333	132	139  
333	132	141  
333	132	142  
333	139	142  
333	1	5  
333	1	9  
333	20	141  
333	20	31  
333	23	125  
333	23	24  
333	23	96  
333	2	5  
333	25	26  
333	27	132  
333	27	54  
333	27	92  
333	2	92  
333	29	57  
333	3	10  
333	31	124  
333	31	126  
333	31	138  
333	31	46  
333	31	67  
333	31	75  
333	33	115  
333	33	37  
333	34	115  
333	34	144  
333	34	36  
333	34	37  
333	34	57  
333	34	68  
333	34	82  
333	3	5  
333	36	42  
333	37	115  
333	37	56  
333	37	68  
333	37	82  
333	3	92  
333	3	96  
333	41	54  
333	42	56  
333	44	120  
333	44	139  
333	44	140  
333	46	126  
333	47	51  
333	50	54  
333	51	54  
333	52	92  
333	54	116  
333	54	120  
333	54	126  
333	54	131  
333	54	132  
333	54	136  
333	54	139  
333	54	142  
333	54	70  
333	54	75  
333	54	90  
333	56	84  
333	57	68  
333	5	92  
333	5	96  
333	64	119  
333	6	54  
333	68	82  
333	6	9  
333	69	132  
333	75	120  
333	79	138  
333	8	132  
333	82	115  
333	8	54  
333	8	9  
333	89	132  
333	90	132  
333	90	92  
333	9	10  
333	9	116  
333	9	120  
333	9	126  
333	9	131  
333	9	132  
333	9	136  
333	9	139  
333	9	142  
333	9	20  
333	92	109  
333	92	131  
333	92	132  
333	92	141  
333	9	27  
333	92	93  
333	92	96  
333	93	109  
333	9	39  
333	94	131  
333	9	50  
333	9	51  
333	9	54  
333	9	70  
333	9	75  
333	9	90  
334	0	2  
334	0	54  
334	100	109  
334	10	54  
334	11	120  
334	11	54  
334	116	120  
334	120	126  
334	120	131  
334	132	141  
334	1	54  
334	20	141  
334	23	96  
334	24	54  
334	2	5  
334	25	125  
334	25	54  
334	26	54  
334	27	131  
334	27	132  
334	27	141  
334	27	54  
334	29	57  
334	31	120  
334	31	124  
334	31	138  
334	31	46  
334	31	87  
334	32	64  
334	33	145  
334	33	34  
334	33	42  
334	33	56  
334	33	82  
334	33	84  
334	34	115  
334	34	144  
334	34	145  
334	34	37  
334	34	57  
334	34	82  
334	37	145  
334	37	56  
334	37	82  
334	37	84  
334	38	54  
334	39	54  
334	41	120  
334	41	54  
334	42	144  
334	42	145  
334	42	56  
334	42	84  
334	44	120  
334	46	47  
334	46	54  
334	47	51  
334	47	54  
334	50	54  
334	51	141  
334	51	54  
334	51	78  
334	53	54  
334	54	107  
334	54	108  
334	54	109  
334	54	111  
334	54	112  
334	54	116  
334	54	118  
334	54	119  
334	54	120  
334	54	121  
334	54	123  
334	54	126  
334	54	129  
334	54	130  
334	54	131  
334	54	132  
334	54	134  
334	54	136  
334	54	139  
334	54	149  
334	54	55  
334	54	60  
334	54	64  
334	54	65  
334	54	66  
334	54	67  
334	54	69  
334	54	70  
334	54	72  
334	54	75  
334	54	78  
334	54	85  
334	54	89  
334	54	90  
334	54	91  
334	54	93  
334	54	94  
334	56	84  
334	5	92  
334	60	131  
334	64	65  
334	64	66  
334	64	69  
334	6	54  
334	68	82  
334	6	9  
334	69	87  
334	70	131  
334	75	120  
334	82	115  
334	82	144  
334	8	54  
334	8	9  
334	89	131  
334	9	10  
334	9	116  
334	9	120  
334	9	126  
334	9	131  
334	9	132  
334	9	136  
334	9	139  
334	9	141  
334	9	142  
334	9	20  
334	9	27  
334	9	50  
334	9	51  
334	9	54  
334	96	125  
334	9	70  
334	97	107  
334	97	108  
334	97	111  
334	97	118  
334	97	149  
334	9	75  
334	9	90  
335	11	130  
335	11	24  
335	11	38  
335	11	55  
335	24	31  
335	25	31  
335	26	31  
335	29	56  
335	31	112  
335	31	116  
335	31	119  
335	31	120  
335	31	123  
335	31	126  
335	31	129  
335	31	130  
335	31	38  
335	31	39  
335	31	41  
335	31	46  
335	31	55  
335	31	67  
335	31	75  
335	33	34  
335	33	42  
335	34	115  
335	34	37  
335	34	68  
335	37	68  
335	42	144  
335	42	145  
335	42	84  
335	5	92  
335	68	82  
336	11	130  
336	11	24  
336	11	38  
336	115	145  
336	11	55  
336	120	130  
336	12	29  
336	17	29  
336	23	24  
336	2	5  
336	25	125  
336	27	132  
336	2	92  
336	29	56  
336	29	57  
336	29	84  
336	3	125  
336	33	144  
336	33	34  
336	33	37  
336	33	82  
336	33	84  
336	34	144  
336	34	145  
336	34	57  
336	34	82  
336	36	37  
336	37	144  
336	37	56  
336	37	82  
336	42	136  
336	46	126  
336	55	130  
336	56	84  
336	57	115  
336	57	144  
336	57	82  
336	73	95  
336	81	130  
336	82	115  
336	82	144  
337	11	55  
337	12	56  
337	24	55  
337	2	5  
337	2	92  
337	29	56  
337	29	57  
337	33	144  
337	33	37  
337	33	84  
337	36	37  
337	36	68  
337	56	57  
337	68	115  
338	115	144  
338	11	55  
338	144	145  
338	17	29  
338	17	37  
338	17	56  
338	23	24  
338	23	96  
338	24	55  
338	3	125  
338	33	37  
338	33	56  
338	33	84  
338	34	144  
338	34	36  
338	34	68  
338	36	115  
338	36	42  
338	36	68  
338	36	82  
338	37	144  
338	37	68  
338	42	144  
338	56	84  
338	64	119  
338	68	82  
338	82	144  
339	115	144  
339	23	96  
339	2	5  
339	2	92  
339	29	56  
339	29	57  
339	3	125  
339	33	37  
339	33	56  
339	33	57  
339	33	82  
339	33	84  
339	34	115  
339	34	57  
339	34	82  
339	37	57  
339	37	82  
339	37	84  
339	56	84  
339	57	115  
339	57	145  
339	57	68  
339	5	92  
339	82	115  
339	82	144  
