70	0	1  
70	0	10  
70	0	15  
70	0	2  
70	0	4  
70	0	5  
70	10	21  
70	10	22  
70	1	2  
70	21	22  
70	2	4  
70	2	5  
71	0	10  
71	0	15  
71	23	24  
72	0	10  
72	0	15  
72	0	2  
72	0	4  
72	10	27  
72	1	2  
72	17	29  
72	2	10  
72	23	24  
72	2	4  
72	25	26  
72	3	16  
72	3	28  
73	0	10  
73	0	15  
73	1	2  
73	17	29  
73	20	25  
73	20	30  
73	20	31  
73	20	32  
73	2	10  
73	3	16  
73	7	20  
74	0	10  
74	0	15  
74	1	10  
74	1	2  
74	17	29  
74	17	34  
74	2	10  
74	2	11  
74	2	5  
74	3	16  
74	7	33  
75	11	23  
75	1	2  
75	23	24  
75	2	5  
75	7	17  
76	11	23  
76	17	37  
76	23	24  
76	23	35  
76	25	26  
76	7	17  
76	7	36  
76	8	10  
77	0	1  
77	0	10  
77	0	15  
77	0	2  
77	0	4  
77	0	5  
77	11	23  
77	20	25  
77	20	39  
77	20	40  
77	20	41  
77	23	24  
77	23	35  
77	23	38  
77	7	33  
77	7	36  
77	8	20  
78	23	24  
79	0	1  
79	0	10  
79	0	15  
79	0	17  
79	11	23  
79	1	2  
79	1	4  
79	1	5  
79	17	29  
79	23	24  
79	2	4  
79	7	17  
79	7	33  
79	7	36  
79	7	37  
70	0	1  
70	0	10  
70	0	15  
70	0	2  
70	0	4  
70	0	5  
70	10	21  
70	10	22  
70	1	2  
70	21	22  
70	2	4  
70	2	5  
71	0	10  
71	0	15  
71	23	24  
72	0	10  
72	0	15  
72	0	2  
72	0	4  
72	10	27  
72	1	2  
72	17	29  
72	2	10  
72	23	24  
72	2	4  
72	25	26  
72	3	16  
72	3	28  
73	0	10  
73	0	15  
73	1	2  
73	17	29  
73	20	25  
73	20	30  
73	20	31  
73	20	32  
73	2	10  
73	3	16  
73	7	20  
74	0	10  
74	0	15  
74	1	10  
74	1	2  
74	17	29  
74	17	34  
74	2	10  
74	2	11  
74	2	5  
74	3	16  
74	7	33  
75	11	23  
75	1	2  
75	23	24  
75	2	5  
75	7	17  
76	11	23  
76	17	37  
76	23	24  
76	23	35  
76	25	26  
76	7	17  
76	7	36  
76	8	10  
77	0	1  
77	0	10  
77	0	15  
77	0	2  
77	0	4  
77	0	5  
77	11	23  
77	20	25  
77	20	39  
77	20	40  
77	20	41  
77	23	24  
77	23	35  
77	23	38  
77	7	33  
77	7	36  
77	8	20  
78	23	24  
79	0	1  
79	0	10  
79	0	15  
79	0	17  
79	11	23  
79	1	2  
79	1	4  
79	1	5  
79	17	29  
79	23	24  
79	2	4  
79	7	17  
79	7	33  
79	7	36  
79	7	37  
70	0	1  
70	0	10  
70	0	15  
70	0	2  
70	0	4  
70	0	5  
70	10	21  
70	10	22  
70	1	2  
70	21	22  
70	2	4  
70	2	5  
71	0	10  
71	0	15  
71	23	24  
72	0	10  
72	0	15  
72	0	2  
72	0	4  
72	10	27  
72	1	2  
72	17	29  
72	2	10  
72	23	24  
72	2	4  
72	25	26  
72	3	16  
72	3	28  
73	0	10  
73	0	15  
73	1	2  
73	17	29  
73	20	25  
73	20	30  
73	20	31  
73	20	32  
73	2	10  
73	3	16  
73	7	20  
74	0	10  
74	0	15  
74	1	10  
74	1	2  
74	17	29  
74	17	34  
74	2	10  
74	2	11  
74	2	5  
74	3	16  
74	7	33  
75	11	23  
75	1	2  
75	23	24  
75	2	5  
75	7	17  
76	11	23  
76	17	37  
76	23	24  
76	23	35  
76	25	26  
76	7	17  
76	7	36  
76	8	10  
77	0	1  
77	0	10  
77	0	15  
77	0	2  
77	0	4  
77	0	5  
77	11	23  
77	20	25  
77	20	39  
77	20	40  
77	20	41  
77	23	24  
77	23	35  
77	23	38  
77	7	33  
77	7	36  
77	8	20  
78	23	24  
79	0	1  
79	0	10  
79	0	15  
79	0	17  
79	11	23  
79	1	2  
79	1	4  
79	1	5  
79	17	29  
79	23	24  
79	2	4  
79	7	17  
79	7	33  
79	7	36  
79	7	37  
