310	0	1  
310	0	92  
310	100	105  
310	100	109  
310	10	136  
310	107	109  
310	10	96  
310	1	10  
310	11	130  
310	112	120  
310	1	136  
310	11	38  
310	11	39  
310	114	139  
310	115	145  
310	1	2  
310	12	54  
310	12	56  
310	126	129  
310	12	84  
310	1	39  
310	139	140  
310	13	98  
310	1	5  
310	17	29  
310	17	56  
310	18	121  
310	1	92  
310	19	32  
310	19	72  
310	19	87  
310	20	141  
310	20	44  
310	2	10  
310	21	142  
310	21	143  
310	2	132  
310	21	45  
310	23	24  
310	2	5  
310	25	123  
310	25	124  
310	25	125  
310	25	26  
310	26	124  
310	26	128  
310	26	31  
310	26	67  
310	26	75  
310	26	91  
310	2	9  
310	2	92  
310	29	33  
310	29	56  
310	29	57  
310	29	84  
310	31	113  
310	31	124  
310	31	126  
310	31	128  
310	31	41  
310	31	46  
310	31	61  
310	31	67  
310	31	75  
310	3	18  
310	31	91  
310	32	126  
310	32	87  
310	33	145  
310	33	34  
310	33	36  
310	33	37  
310	33	56  
310	33	82  
310	33	84  
310	34	115  
310	34	144  
310	34	145  
310	34	37  
310	34	42  
310	34	57  
310	34	82  
310	34	84  
310	3	6  
310	36	37  
310	36	56  
310	36	82  
310	36	84  
310	3	71  
310	37	145  
310	3	72  
310	37	56  
310	37	82  
310	37	84  
310	3	9  
310	39	92  
310	41	75  
310	42	145  
310	43	56  
310	45	142  
310	45	147  
310	46	47  
310	46	75  
310	52	73  
310	5	39  
310	54	147  
310	56	82  
310	56	84  
310	57	145  
310	57	68  
310	57	82  
310	5	92  
310	61	75  
310	64	66  
310	64	87  
310	65	66  
310	65	87  
310	66	69  
310	66	87  
310	6	71  
310	6	72  
310	6	75  
310	67	75  
310	6	9  
310	71	146  
310	75	113  
310	75	126  
310	75	128  
310	75	91  
310	82	145  
310	82	84  
310	83	109  
310	87	124  
310	90	137  
310	9	10  
310	9	136  
310	9	139  
310	9	142  
310	9	21  
310	92	121  
310	92	136  
310	93	100  
310	9	39  
310	9	54  
310	9	62  
310	9	63  
310	97	109  
311	0	136  
311	0	19  
311	0	32  
311	100	107  
311	100	109  
311	105	107  
311	115	145  
311	11	55  
311	117	123  
311	124	138  
311	12	43  
311	12	54  
311	12	56  
311	17	145  
311	17	43  
311	17	56  
311	18	96  
311	19	32  
311	19	64  
311	19	87  
311	20	44  
311	21	142  
311	21	143  
311	21	45  
311	25	124  
311	29	42  
311	29	43  
311	29	56  
311	29	57  
311	31	124  
311	31	75  
311	32	64  
311	32	87  
311	33	82  
311	34	115  
311	34	144  
311	34	145  
311	34	37  
311	34	82  
311	3	71  
311	37	82  
311	38	55  
311	3	96  
311	41	71  
311	43	56  
311	45	142  
311	46	126  
311	46	47  
311	47	55  
311	47	75  
311	48	55  
311	52	73  
311	54	114  
311	54	139  
311	54	143  
311	54	147  
311	54	62  
311	54	63  
311	54	98  
311	55	119  
311	55	130  
311	55	81  
311	57	145  
311	64	65  
311	64	66  
311	64	69  
311	64	87  
311	65	87  
311	66	87  
311	6	71  
311	71	146  
311	82	115  
311	82	144  
311	82	145  
311	85	94  
311	87	124  
311	90	137  
311	9	114  
311	93	100  
311	94	135  
311	94	95  
311	9	54  
311	98	139  
312	0	1  
312	0	136  
312	0	19  
312	0	32  
312	0	5  
312	0	92  
312	100	109  
312	10	136  
312	11	124  
312	113	126  
312	115	145  
312	119	124  
312	12	29  
312	124	127  
312	124	130  
312	124	138  
312	12	43  
312	142	147  
312	17	145  
312	17	29  
312	17	37  
312	17	43  
312	19	32  
312	19	72  
312	19	87  
312	21	142  
312	21	45  
312	23	124  
312	23	55  
312	24	124  
312	2	5  
312	26	31  
312	29	43  
312	29	56  
312	29	57  
312	29	84  
312	31	113  
312	31	126  
312	31	128  
312	31	41  
312	31	46  
312	31	61  
312	31	67  
312	31	75  
312	31	87  
312	31	91  
312	32	64  
312	32	66  
312	32	87  
312	33	57  
312	33	82  
312	34	145  
312	34	57  
312	34	82  
312	36	145  
312	36	82  
312	37	57  
312	42	145  
312	42	57  
312	45	142  
312	45	143  
312	48	124  
312	52	73  
312	55	124  
312	55	130  
312	56	57  
312	57	145  
312	57	68  
312	57	84  
312	62	147  
312	63	139  
312	6	39  
312	64	87  
312	65	87  
312	66	87  
312	71	146  
312	81	124  
312	82	115  
312	82	144  
312	82	145  
312	83	137  
312	8	69  
312	9	10  
312	9	120  
312	9	136  
312	9	142  
312	9	143  
312	93	109  
312	9	69  
313	0	136  
313	0	19  
313	0	32  
313	100	118  
313	11	130  
313	112	119  
313	113	126  
313	115	145  
313	11	55  
313	116	123  
313	11	81  
313	120	131  
313	12	143  
313	12	29  
313	124	138  
313	12	43  
313	126	128  
313	131	132  
313	139	143  
313	140	143  
313	142	143  
313	143	147  
313	19	39  
313	19	72  
313	19	87  
313	21	142  
313	21	45  
313	2	3  
313	25	124  
313	26	124  
313	26	126  
313	26	31  
313	29	43  
313	29	56  
313	29	57  
313	2	96  
313	31	113  
313	31	124  
313	31	126  
313	31	128  
313	31	41  
313	31	46  
313	31	61  
313	31	67  
313	31	75  
313	31	91  
313	32	39  
313	32	64  
313	32	87  
313	33	82  
313	34	115  
313	34	145  
313	34	56  
313	34	82  
313	37	115  
313	37	145  
313	3	72  
313	37	82  
313	3	96  
313	42	115  
313	42	145  
313	43	56  
313	43	63  
313	45	142  
313	45	82  
313	46	126  
313	51	78  
313	55	124  
313	56	144  
313	56	145  
313	56	84  
313	62	143  
313	62	147  
313	64	87  
313	65	87  
313	66	87  
313	6	72  
313	72	137  
313	72	146  
313	81	124  
313	8	143  
313	8	147  
313	82	115  
313	82	144  
313	82	145  
313	8	43  
313	87	124  
313	90	137  
313	91	124  
313	9	120  
313	9	142  
313	9	143  
313	9	20  
313	9	51  
313	97	100  
313	9	75  
313	98	143  
314	115	144  
314	115	145  
314	144	145  
314	19	32  
314	19	64  
314	19	65  
314	21	142  
314	23	24  
314	32	64  
314	33	34  
314	33	43  
314	34	115  
314	34	144  
314	34	37  
314	34	82  
314	3	6  
314	3	72  
314	52	73  
314	64	65  
314	64	66  
314	64	81  
314	6	71  
314	6	75  
314	6	9  
314	71	146  
314	82	115  
314	8	9  
314	9	11  
314	9	120  
314	9	126  
314	9	131  
314	9	132  
314	9	139  
314	9	147  
314	9	19  
314	9	20  
314	9	27  
314	9	50  
314	9	52  
314	9	62  
314	9	75  
315	0	92  
315	100	109  
315	10	141  
315	10	142  
315	10	92  
315	11	130  
315	112	113  
315	112	131  
315	115	145  
315	11	55  
315	11	81  
315	12	17  
315	124	138  
315	144	145  
315	17	145  
315	17	43  
315	17	56  
315	17	96  
315	1	92  
315	19	65  
315	20	141  
315	21	142  
315	21	45  
315	25	124  
315	25	61  
315	25	80  
315	26	80  
315	2	92  
315	29	33  
315	29	42  
315	29	43  
315	29	57  
315	29	82  
315	29	84  
315	31	124  
315	31	87  
315	32	64  
315	33	34  
315	33	36  
315	33	37  
315	33	42  
315	33	57  
315	34	115  
315	34	144  
315	34	145  
315	34	37  
315	34	43  
315	34	68  
315	34	82  
315	37	115  
315	37	144  
315	37	145  
315	37	42  
315	37	82  
315	3	92  
315	39	80  
315	40	71  
315	43	56  
315	45	142  
315	45	143  
315	46	113  
315	46	61  
315	47	131  
315	47	51  
315	47	78  
315	51	78  
315	5	92  
315	61	112  
315	61	113  
315	6	128  
315	61	80  
315	6	61  
315	6	71  
315	67	80  
315	68	115  
315	6	9  
315	71	146  
315	75	80  
315	80	120  
315	80	81  
315	82	115  
315	82	144  
315	82	145  
315	87	124  
315	90	137  
315	9	103  
315	9	11  
315	9	112  
315	9	120  
315	9	126  
315	9	131  
315	9	132  
315	9	136  
315	9	139  
315	9	19  
315	9	20  
315	9	27  
315	92	96  
315	93	103  
315	9	50  
315	9	51  
315	9	52  
315	9	62  
315	9	75  
315	9	83  
315	9	90  
315	99	142  
316	100	109  
316	10	132  
316	109	142  
316	32	64  
316	33	82  
316	34	37  
316	34	82  
316	37	115  
316	37	144  
316	37	82  
316	40	71  
316	45	142  
316	6	71  
316	71	146  
316	82	115  
316	82	144  
316	90	142  
316	9	112  
316	9	20  
316	93	109  
316	93	142  
317	0	1  
317	0	136  
317	0	19  
317	0	32  
317	10	136  
317	10	142  
317	104	111  
317	115	145  
317	11	55  
317	12	13  
317	124	138  
317	128	144  
317	12	84  
317	13	139  
317	13	143  
317	13	147  
317	132	142  
317	13	54  
317	13	62  
317	13	63  
317	13	98  
317	19	32  
317	21	142  
317	25	124  
317	25	138  
317	25	26  
317	27	141  
317	27	142  
317	27	94  
317	31	124  
317	3	144  
317	3	146  
317	31	87  
317	32	39  
317	33	34  
317	33	37  
317	33	42  
317	33	57  
317	34	115  
317	34	144  
317	34	36  
317	34	37  
317	34	43  
317	34	68  
317	36	42  
317	37	115  
317	3	72  
317	37	43  
317	37	45  
317	39	62  
317	41	61  
317	43	56  
317	43	57  
317	44	140  
317	45	142  
317	45	82  
317	55	130  
317	55	81  
317	56	84  
317	64	119  
317	6	45  
317	64	69  
317	6	71  
317	71	146  
317	72	146  
317	8	13  
317	82	144  
317	87	124  
317	8	9  
317	90	142  
317	9	10  
317	9	116  
317	9	136  
317	9	20  
317	9	44  
317	9	54  
317	99	142  
318	0	92  
318	10	132  
318	10	20  
318	10	96  
318	131	132  
318	142	143  
318	1	92  
318	21	142  
318	27	132  
318	27	142  
318	2	92  
318	31	124  
318	33	82  
318	34	115  
318	34	37  
318	34	82  
318	37	145  
318	3	72  
318	37	43  
318	37	82  
318	45	142  
318	5	92  
318	6	72  
318	72	75  
318	82	115  
318	82	144  
318	82	84  
318	87	124  
318	90	142  
318	9	112  
318	9	20  
318	93	100  
319	27	132  
319	9	44  
