14,6.259
6,9.99
8,12.26
10,9.27
12,7.528
2,4.091
4,7.23
0,1.598
7,11.48
13,6.814
11,8.461
3,4.252
5,7.481
9,10.292
1,1.614
15,5.929
17,5.055
19,4.32
21,3.865
20,4.096
18,4.634
16,5.278
22,3.617
53,1.165
24,3.268
26,3.021
28,2.731
30,2.477
32,2.264
34,2.088
36,1.971
41,1.652
43,1.546
45,1.454
47,1.376
49,1.287
55,1.102
39,1.74
51,1.227
42,1.634
44,1.521
40,1.719
38,1.829
48,1.355
27,2.783
23,3.494
33,2.17
50,1.284
46,1.405
25,3.133
31,2.405
37,1.897
35,2.034
29,2.556
4052,0.002
4062,0.002
4172,0.001
4190,0.001
4225,0.001
4346,0.002
4354,0.001
4363,0.001
4503,0.002
4587,0.003
4604,0.001
4614,0.001
4622,0.002
4682,0.002
4743,0.001
4777,0.003
4796,0.001
4892,0.002
4900,0.002
4916,0.002
4968,0.001
4976,0.002
5010,0.001
5157,0.001
5201,0.001
5203,0.001
5226,0.001
5468,0.002
5470,0.001
5495,0.002
5506,0.001
5521,0.002
5555,0.002
5566,0.001
5624,0.001
5632,0.001
5642,0.002
5702,0.002
5736,0.001
5814,0.001
5952,0.003
5989,0.001
5998,0.001
6006,0.002
6057,0.002
6074,0.001
6100,0.001
6126,0.002
6161,0.001
6168,0.001
6177,0.002
6179,0.002
6229,0.001
6402,0.004
6470,0.001
6523,0.001
7734,0.005
7745,0.003
7872,0.001
7933,0.002
7978,0.003
7986,0.004
7994,0.003
8489,0.001
8494,0.002
8548,0.001
8589,0.001
8591,0.002
8651,0.001
8729,0.002
8823,0.001
8946,0.002
5798,0.001
5935,0.001
6116,0.001
6377,0.002
7571,0.002
7683,0.003
5574,0.002
7743,0.001
4000,0.001
4182,0.002
4527,0.001
4537,0.002
4624,0.001
4658,0.001
4674,0.001
4779,0.001
4788,0.001
4898,0.004
5219,0.002
5392,0.001
5894,0.003
7527,0.002
7589,0.004
7615,0.002
7753,0.004
7821,0.002
7855,0.003
7709,0.001
7865,0.005
5823,0.001
5825,0.003
5866,0.002
8650,0.002
8857,0.001
8963,0.001
8970,0.001
9074,0.001
9082,0.001
9091,0.001
9376,0.001
9039,0.002
9084,0.001
9125,0.001
1987,0.005
1997,0.004
2004,0.004
2012,0.002
2128,0.001
3014,0.001
3835,0.001
3948,0.001
4183,0.004
5461,0.001
5641,0.003
5781,0.001
6238,0.002
6300,0.002
7684,0.004
8900,0.001
4728,0.001
2057,0.002
2478,0.001
2799,0.002
7797,0.004
7864,0.001
2686,0.001
4319,0.001
794,0.019
968,0.015
1028,0.015
1037,0.014
1443,0.006
2246,0.004
2308,0.001
2349,0.001
2479,0.003
2540,0.009
2617,0.001
2626,0.001
3336,0.002
3447,0.003
4010,0.001
5028,0.002
5384,0.002
5402,0.001
5710,0.002
6136,0.002
6222,0.001
6367,0.001
7682,0.004
8609,0.001
8712,0.002
8884,0.001
8909,0.001
8954,0.001
4120,0.001
8461,0.001
7397,0.003
7442,0.003
7553,0.002
7768,0.003
7771,0.004
7830,0.003
5591,0.001
7710,0.001
484,0.036
978,0.015
984,0.014
995,0.006
1461,0.002
1660,0.001
2237,0.004
2255,0.002
2738,0.001
2833,0.001
3034,0.001
3084,0.003
3101,0.001
3112,0.002
3343,0.001
3345,0.001
3397,0.002
3861,0.001
3922,0.002
3931,0.004
4043,0.002
4285,0.001
4287,0.001
4295,0.006
4302,0.002
4311,0.001
4356,0.001
4371,0.002
4424,0.002
4562,0.002
4597,0.002
4684,0.002
4786,0.003
5013,0.003
5021,0.001
5583,0.001
5817,0.003
5876,0.001
6316,0.002
7069,0.001
7613,0.002
673,0.011
726,0.024
1218,0.005
1322,0.01
1382,0.003
1418,0.004
1522,0.007
1624,0.003
1685,0.006
1834,0.002
1885,0.001
2628,0.003
2722,0.002
6724,0.001
7562,0.001
7621,0.001
7623,0.002
7639,0.002
7795,0.002
7812,0.004
7857,0.001
1572,0.013
2532,0.001
2593,0.003
2903,0.004
2922,0.001
2963,0.003
2971,0.002
2983,0.001
3051,0.002
3154,0.005
3162,0.001
3215,0.001
3224,0.001
3233,0.001
3265,0.004
3285,0.001
3326,0.002
3386,0.002
3440,0.001
3465,0.001
3475,0.001
3498,0.001
4794,0.002
5280,0.002
5393,0.001
5512,0.001
5684,0.002
5806,0.002
5868,0.002
6186,0.002
6489,0.001
6531,0.002
6549,0.001
7132,0.002
2134,0.005
3524,0.001
4416,0.002
5556,0.002
5573,0.002
6496,0.001
6532,0.001
5019,0.002
8419,0.001
2834,0.002
3033,0.002
3077,0.001
3138,0.001
3173,0.001
3207,0.001
3257,0.001
3259,0.001
3527,0.001
3594,0.003
3654,0.001
4477,0.002
6289,0.002
7977,0.004
6188,0.002
6193,0.001
6196,0.002
4847,0.003
7769,0.004
7632,0.007
7080,0.001
4925,0.001
3829,0.001
4069,0.001
5090,0.002
5396,0.001
5955,0.001
7044,0.001
7104,0.002
8462,0.001
8859,0.001
7267,0.001
3499,0.001
3890,0.001
3774,0.001
3819,0.004
5654,0.001
5929,0.001
7708,0.003
8434,0.003
7027,0.002
7068,0.001
7138,0.002
7459,0.001
7622,0.003
8158,0.003
8183,0.001
8641,0.002
7371,0.001
8737,0.001
4950,0.002
7804,0.002
8711,0.002
8832,0.001
8858,0.001
7493,0.002
8036,0.003
8780,0.001
8771,0.001
4967,0.003
8175,0.001
8478,0.001
9040,0.001
7189,0.002
7614,0.002
4961,0.002
4984,0.001
7875,0.002
7036,0.002
7226,0.003
7252,0.001
7286,0.002
7448,0.002
7457,0.001
7520,0.006
7528,0.002
7554,0.003
7612,0.003
7754,0.002
7794,0.001
7823,0.001
7866,0.002
7952,0.003
8065,0.001
8096,0.002
8105,0.001
8132,0.001
8736,0.001
8796,0.001
7760,0.004
4824,0.001
7501,0.001
7629,0.001
4683,0.002
7976,0.004
8496,0.001
8045,0.002
8315,0.001
8435,0.001
8039,0.003
7934,0.004
7917,0.001
6439,0.001
7010,0.001
7466,0.001
7503,0.002
8124,0.001
8426,0.002
8669,0.001
8615,0.001
8037,0.004
4140,0.001
7432,0.001
7557,0.001
7736,0.003
7770,0.001
7927,0.001
7943,0.004
8459,0.001
8580,0.001
7641,0.001
7702,0.001
7891,0.003
7097,0.002
7130,0.001
7526,0.004
7751,0.003
7985,0.002
8047,0.003
8304,0.001
8410,0.001
8919,0.001
9014,0.001
8357,0.001
7555,0.001
7690,0.001
9003,0.001
6536,0.001
6947,0.002
8013,0.001
2116,0.003
5012,0.001
5926,0.001
7518,0.001
7744,0.001
7761,0.001
7925,0.003
3888,0.001
7805,0.001
7892,0.001
7932,0.001
8851,0.001
8125,0.001
8436,0.001
8480,0.001
3535,0.001
5350,0.001
7889,0.001
8038,0.002
8046,0.002
4846,0.001
7223,0.001
7318,0.001
7433,0.003
7451,0.001
7491,0.001
7511,0.004
7572,0.003
7580,0.002
7588,0.001
7597,0.001
7624,0.001
7699,0.001
7701,0.002
7856,0.004
7884,0.002
8054,0.001
8667,0.001
8670,0.001
7876,0.001
7987,0.003
7996,0.001
8063,0.003
8772,0.001
7675,0.001
6983,0.001
4175,0.001
5695,0.001
2056,0.009
2127,0.002
2142,0.004
2230,0.001
2291,0.001
2507,0.001
2651,0.001
3292,0.001
3742,0.001
3862,0.001
4501,0.004
4829,0.003
4909,0.001
5520,0.001
5643,0.002
5893,0.002
5937,0.002
4563,0.001
4832,0.001
4927,0.001
5210,0.001
5385,0.001
5391,0.001
5400,0.001
5411,0.001
5571,0.001
5580,0.001
5625,0.001
5651,0.001
5037,0.001
4536,0.002
4545,0.002
4899,0.002
5011,0.002
5073,0.001
8495,0.002
7563,0.002
7008,0.001
7630,0.002
7674,0.004
7691,0.003
8400,0.001
5986,0.001
8654,0.001
8660,0.004
7441,0.001
7449,0.001
7648,0.001
7813,0.003
7199,0.002
7502,0.001
4703,0.001
6234,0.001
5581,0.002
7016,0.001
8600,0.001
6544,0.001
8524,0.001
8401,0.001
7863,0.002
8479,0.001
7517,0.001
8445,0.001
8497,0.001
8619,0.001
8653,0.001
6595,0.001
8583,0.001
8607,0.001
7926,0.003
4771,0.003
4890,0.001
3387,0.001
8356,0.002
5582,0.001
6223,0.002
3041,0.002
3171,0.003
8116,0.002
8582,0.001
8599,0.001
8608,0.001
8366,0.001
8581,0.002
8617,0.001
6341,0.001
6343,0.001
6352,0.001
6965,0.002
5590,0.001
5885,0.002
5943,0.001
6039,0.001
6041,0.002
6047,0.001
6050,0.001
6066,0.001
6068,0.001
6099,0.001
6101,0.002
6103,0.001
6160,0.002
6171,0.002
6298,0.001
6406,0.001
6408,0.001
6410,0.001
6413,0.001
6429,0.001
6472,0.001
6479,0.001
6481,0.002
6483,0.001
6485,0.001
6494,0.001
6498,0.001
6501,0.001
7019,0.001
7025,0.001
7693,0.002
6656,0.002
4406,0.001
4414,0.001
4588,0.001
4606,0.001
4676,0.001
5030,0.002
5082,0.001
5693,0.001
6309,0.002
7389,0.001
5927,0.001
7105,0.001
7129,0.001
7330,0.003
7735,0.002
423,0.088
2739,0.002
7762,0.003
5564,0.002
7882,0.002
7633,0.001
5945,0.002
8192,0.002
8659,0.002
2712,0.001
3568,0.001
3595,0.002
3689,0.002
3699,0.004
3758,0.003
3818,0.002
3887,0.001
3982,0.001
4017,0.002
4104,0.001
4129,0.001
4312,0.001
4475,0.001
4493,0.001
4535,0.001
4596,0.001
4656,0.001
4665,0.001
4770,0.001
4803,0.001
4952,0.001
5209,0.001
5211,0.001
6040,0.002
6198,0.001
6256,0.001
6319,0.001
7883,0.002
8167,0.001
4138,0.001
7440,0.002
6283,0.001
7535,0.001
7950,0.002
6664,0.001
7450,0.002
7582,0.001
8106,0.002
7822,0.002
7798,0.001
8368,0.001
4837,0.001
4924,0.001
7916,0.001
8185,0.001
8427,0.001
8365,0.001
8367,0.002
8425,0.001
8469,0.001
8606,0.001
8486,0.001
7873,0.001
7259,0.003
6042,0.001
6112,0.001
7561,0.003
6732,0.001
6976,0.001
7095,0.001
7345,0.001
7509,0.003
7944,0.001
5260,0.001
5981,0.002
6015,0.001
5020,0.002
3863,0.001
5936,0.001
4778,0.001
5254,0.001
1833,0.001
2654,0.001
3155,0.001
3466,0.001
3518,0.002
3836,0.002
3993,0.004
2566,0.006
3293,0.002
3585,0.001
4544,0.001
5860,0.002
2497,0.005
2619,0.001
3025,0.001
3086,0.001
3534,0.002
3561,0.002
4198,0.001
4233,0.001
4321,0.003
4483,0.001
4552,0.001
4589,0.001
4607,0.001
4615,0.002
4769,0.001
4917,0.001
5331,0.001
5339,0.001
5410,0.001
5514,0.001
6058,0.001
6162,0.001
4485,0.004
1815,0.002
2248,0.001
2438,0.001
3593,0.001
3871,0.005
1141,0.011
1262,0.012
2178,0.002
2973,0.001
3040,0.001
3093,0.002
3145,0.002
3164,0.001
3282,0.001
3455,0.001
3596,0.003
3639,0.001
3656,0.001
3896,0.001
5494,0.002
5944,0.001
7285,0.002
7347,0.001
7468,0.001
7510,0.001
7700,0.002
7831,0.001
6620,0.001
3681,0.001
7268,0.002
8184,0.002
6363,0.001
8585,0.001
7552,0.002
7158,0.001
7287,0.002
7521,0.001
8418,0.001
6985,0.001
7631,0.001
7640,0.001
8064,0.001
8616,0.001
5746,0.001
5151,0.001
7260,0.001
7328,0.002
7968,0.001
7942,0.002
8626,0.001
7995,0.002
4969,0.001
6355,0.001
4648,0.001
6109,0.001
6541,0.001
6583,0.001
6587,0.001
4959,0.001
8523,0.001
5435,0.001
6831,0.001
6930,0.001
6973,0.001
7458,0.002
6558,0.001
7988,0.001
6201,0.001
7026,0.002
5987,0.001
6291,0.001
6294,0.001
7570,0.001
5954,0.001
6120,0.001
5261,0.001
5799,0.001
5816,0.001
5946,0.001
6003,0.001
6129,0.001
7733,0.001
8314,0.001
8374,0.001
5374,0.001
6056,0.001
8194,0.001
8238,0.001
8339,0.001
8358,0.001
8661,0.001
8546,0.002
4253,0.001
6958,0.001
7407,0.002
7676,0.001
2359,0.003
6559,0.001
5762,0.001
6863,0.001
6887,0.001
6896,0.001
6165,0.001
7399,0.001
7993,0.002
4709,0.001
4717,0.002
5448,0.001
6163,0.001
7649,0.002
5685,0.002
5877,0.002
6353,0.001
5451,0.001
5529,0.002
4716,0.001
5409,0.001
5883,0.001
6744,0.001
5891,0.001
7078,0.001
7094,0.001
7192,0.002
7202,0.001
7337,0.001
7344,0.001
7373,0.001
7431,0.001
7467,0.001
7494,0.001
7605,0.001
7638,0.001
7832,0.001
7890,0.001
7935,0.001
8049,0.001
8176,0.001
8218,0.001
8236,0.001
7123,0.001
7261,0.001
7277,0.001
7587,0.001
7824,0.001
7874,0.001
7881,0.001
7941,0.001
7984,0.001
8114,0.001
8245,0.001
6828,0.002
7190,0.002
7829,0.001
4673,0.001
8540,0.001
6776,0.001
6197,0.001
6421,0.001
7915,0.001
7500,0.001
5953,0.001
5677,0.001
4113,0.001
4139,0.001
4185,0.001
4191,0.001
4199,0.002
4244,0.002
4441,0.001
4634,0.001
4666,0.001
4841,0.001
4845,0.001
4908,0.001
4918,0.001
5022,0.001
5039,0.001
5074,0.001
5097,0.001
5141,0.001
5144,0.001
5212,0.001
5375,0.001
5383,0.001
5462,0.001
5627,0.001
5669,0.001
5678,0.001
5687,0.001
5712,0.001
5739,0.001
5748,0.001
5797,0.001
5808,0.002
5815,0.001
5832,0.001
5858,0.001
5886,0.001
5892,0.001
5995,0.001
5997,0.001
5999,0.001
6005,0.001
6014,0.001
6049,0.001
6134,0.001
6170,0.001
6194,0.001
6232,0.001
6257,0.001
6292,0.001
6307,0.002
6342,0.001
6344,0.001
6350,0.001
6376,0.001
6378,0.001
6405,0.001
6411,0.001
6471,0.001
6473,0.001
6488,0.001
6540,0.001
6575,0.001
6646,0.001
6655,0.001
6673,0.001
6713,0.001
6773,0.001
6791,0.001
6795,0.001
6800,0.001
6802,0.001
6804,0.001
6820,0.001
6826,0.001
6833,0.001
6835,0.001
6837,0.001
6839,0.001
6842,0.001
6898,0.001
6905,0.001
6909,0.001
6912,0.001
6920,0.001
6955,0.001
7007,0.001
7009,0.001
7015,0.001
7018,0.001
7380,0.001
7390,0.002
7492,0.001
7918,0.001
8074,0.001
7224,0.001
2877,0.003
4433,0.002
4735,0.001
6663,0.001
4613,0.001
4725,0.001
4727,0.001
4121,0.001
4193,0.001
4380,0.001
4382,0.001
4555,0.001
4675,0.001
4708,0.001
4710,0.001
4719,0.001
4744,0.001
4804,0.001
4838,0.001
5738,0.001
4294,0.002
4008,0.001
4200,0.005
4657,0.001
5038,0.001
5272,0.001
5288,0.001
5531,0.001
5701,0.001
5763,0.001
5988,0.001
6117,0.001
6609,0.001
2956,0.001
3388,0.001
4044,0.001
5884,0.001
6048,0.001
2929,0.003
2775,0.001
4122,0.003
4226,0.001
4286,0.001
2895,0.001
674,0.018
288,0.092
290,0.088
298,0.104
310,0.073
319,0.05
324,0.059
326,0.072
328,0.059
332,0.064
337,0.06
341,0.067
349,0.073
353,0.06
357,0.078
359,0.074
362,0.083
371,0.055
384,0.05
392,0.053
394,0.047
396,0.063
398,0.048
401,0.047
405,0.036
411,0.052
414,0.044
421,0.02
427,0.035
431,0.037
435,0.042
437,0.041
440,0.037
444,0.043
453,0.044
457,0.043
462,0.043
465,0.048
531,0.035
539,0.048
542,0.01
548,0.042
552,0.029
561,0.031
565,0.042
569,0.025
597,0.022
604,0.044
606,0.024
609,0.029
613,0.026
617,0.024
623,0.017
627,0.016
630,0.021
636,0.019
639,0.023
554,0.031
567,0.025
592,0.023
600,0.021
496,0.036
526,0.023
285,0.075
293,0.091
314,0.085
355,0.051
381,0.047
389,0.034
449,0.042
544,0.034
557,0.036
529,0.035
433,0.05
634,0.024
647,0.025
649,0.017
669,0.017
614,0.026
644,0.031
141,0.283
143,0.279
147,0.244
151,0.238
157,0.216
181,0.216
198,0.178
224,0.118
234,0.134
251,0.104
273,0.107
318,0.081
327,0.079
350,0.05
402,0.05
412,0.041
185,0.179
189,0.162
307,0.074
454,0.03
535,0.041
204,0.139
194,0.147
271,0.099
463,0.041
56,1.098
64,0.885
68,0.813
70,0.763
73,0.726
87,0.576
100,0.475
137,0.288
155,0.239
159,0.239
167,0.223
202,0.152
207,0.142
211,0.17
215,0.145
220,0.135
238,0.13
241,0.13
245,0.114
301,0.052
303,0.042
388,0.059
419,0.053
578,0.032
315,0.051
493,0.028
506,0.029
528,0.03
407,0.053
556,0.036
558,0.029
60,0.973
126,0.334
177,0.179
228,0.151
233,0.121
249,0.091
254,0.102
274,0.077
306,0.07
312,0.076
367,0.051
134,0.303
504,0.025
78,0.68
108,0.416
111,0.408
129,0.321
163,0.234
192,0.165
479,0.042
489,0.024
500,0.033
217,0.151
230,0.109
247,0.109
259,0.113
261,0.106
268,0.108
277,0.087
409,0.046
450,0.032
276,0.095
280,0.091
323,0.068
340,0.057
406,0.041
458,0.036
466,0.036
514,0.029
570,0.016
232,0.121
441,0.037
464,0.04
480,0.037
505,0.04
527,0.04
473,0.031
508,0.038
516,0.038
568,0.029
497,0.025
336,0.072
363,0.066
390,0.058
543,0.03
165,0.214
255,0.119
263,0.091
393,0.043
509,0.025
142,0.263
358,0.053
329,0.065
492,0.038
503,0.045
522,0.024
532,0.029
498,0.037
534,0.02
536,0.034
550,0.021
582,0.026
621,0.018
626,0.034
583,0.017
540,0.029
513,0.031
579,0.017
467,0.031
483,0.058
502,0.035
530,0.043
575,0.015
577,0.023
593,0.027
596,0.026
602,0.006
622,0.024
631,0.015
573,0.032
267,0.101
344,0.074
397,0.046
422,0.045
424,0.042
420,0.036
275,0.091
322,0.073
333,0.056
608,0.014
459,0.045
474,0.029
545,0.04
611,0.018
643,0.014
588,0.022
432,0.042
571,0.024
574,0.017
638,0.012
518,0.038
586,0.021
584,0.028
487,0.038
475,0.028
146,0.275
281,0.085
438,0.037
517,0.021
563,0.021
566,0.022
598,0.016
515,0.03
408,0.052
541,0.018
559,0.014
169,0.187
195,0.16
219,0.13
379,0.051
385,0.061
395,0.046
325,0.078
352,0.062
368,0.059
382,0.075
386,0.053
403,0.034
415,0.025
410,0.054
320,0.06
605,0.031
610,0.026
612,0.027
555,0.019
418,0.05
445,0.035
342,0.072
335,0.065
590,0.027
607,0.013
616,0.025
547,0.008
599,0.03
601,0.017
523,0.036
553,0.025
587,0.022
519,0.023
354,0.071
478,0.036
595,0.019
209,0.177
488,0.036
216,0.127
451,0.049
242,0.111
356,0.053
284,0.068
305,0.073
562,0.027
580,0.02
446,0.053
150,0.264
272,0.074
286,0.09
302,0.121
316,0.075
372,0.045
375,0.064
615,0.019
448,0.037
549,0.018
130,0.299
152,0.27
191,0.18
237,0.113
246,0.127
416,0.054
65,0.89
74,0.711
172,0.205
212,0.115
133,0.304
77,0.672
81,0.632
206,0.154
537,0.024
476,0.052
262,0.1
511,0.037
430,0.044
443,0.036
495,0.041
485,0.021
439,0.04
428,0.038
442,0.026
426,0.056
436,0.04
581,0.027
591,0.018
520,0.027
490,0.024
501,0.04
560,0.022
510,0.02
576,0.041
512,0.014
295,0.07
311,0.071
313,0.068
330,0.064
343,0.065
345,0.064
373,0.048
429,0.047
447,0.03
469,0.042
524,0.022
334,0.064
250,0.112
299,0.076
471,0.03
229,0.117
1575,0.009
695,0.011
697,0.026
724,0.018
728,0.01
747,0.015
769,0.02
776,0.022
779,0.021
788,0.018
796,0.011
814,0.007
825,0.013
828,0.018
835,0.022
838,0.011
846,0.02
850,0.002
859,0.016
866,0.019
870,0.007
900,0.016
910,0.009
915,0.013
917,0.012
919,0.005
921,0.006
925,0.01
929,0.012
937,0.012
940,0.019
946,0.015
948,0.01
959,0.019
969,0.011
988,0.005
998,0.01
1000,0.002
1018,0.013
1021,0.01
1026,0.007
1058,0.008
1067,0.013
1078,0.01
1087,0.012
1259,0.006
1289,0.012
1319,0.012
1331,0.011
1413,0.008
1415,0.004
1424,0.004
1431,0.009
1440,0.011
1454,0.006
1465,0.004
1485,0.005
1491,0.007
1505,0.003
966,0.021
986,0.004
1008,0.01
1060,0.008
1062,0.009
1261,0.009
1282,0.01
1312,0.005
1404,0.007
1410,0.005
1422,0.002
1433,0.007
1188,0.007
1253,0.016
1263,0.008
665,0.028
774,0.013
798,0.016
816,0.01
890,0.009
897,0.011
908,0.01
927,0.006
950,0.013
1051,0.01
1080,0.019
1279,0.011
1299,0.007
1302,0.012
1284,0.01
1310,0.004
1340,0.006
1031,0.012
1472,0.002
1481,0.007
1493,0.001
1512,0.005
1514,0.004
1434,0.004
1504,0.007
1520,0.004
331,0.074
507,0.027
633,0.02
637,0.02
678,0.016
684,0.024
686,0.023
707,0.028
743,0.017
875,0.016
962,0.01
1020,0.007
1029,0.008
1039,0.004
1049,0.006
1300,0.004
787,0.019
413,0.048
768,0.019
1036,0.008
1321,0.009
718,0.009
1032,0.006
1250,0.008
477,0.029
688,0.023
132,0.317
160,0.214
171,0.209
383,0.046
391,0.054
486,0.01
704,0.018
818,0.014
880,0.016
907,0.015
979,0.009
1070,0.014
1243,0.014
1264,0.006
1269,0.013
1291,0.005
1442,0.009
1482,0.003
1501,0.004
1152,0.013
1231,0.01
1233,0.011
1240,0.007
1294,0.01
1309,0.011
931,0.012
1303,0.005
82,0.627
173,0.188
374,0.062
455,0.048
585,0.011
635,0.02
709,0.019
714,0.024
716,0.016
735,0.012
756,0.008
766,0.012
848,0.014
1311,0.01
119,0.36
252,0.103
304,0.085
321,0.08
452,0.032
494,0.037
1082,0.007
1090,0.013
1118,0.009
1122,0.011
1168,0.01
1278,0.005
1280,0.01
1324,0.005
1329,0.009
364,0.03
472,0.048
482,0.018
648,0.013
677,0.012
685,0.02
799,0.007
898,0.012
977,0.013
1016,0.01
1180,0.003
1228,0.008
1258,0.007
618,0.029
645,0.011
655,0.018
869,0.01
956,0.014
1272,0.011
546,0.017
958,0.007
1057,0.015
1007,0.007
807,0.012
1290,0.005
1173,0.003
1105,0.01
1187,0.005
1206,0.003
1292,0.009
1161,0.006
819,0.012
901,0.009
911,0.005
930,0.012
1022,0.006
1480,0.007
1211,0.011
1455,0.004
805,0.016
533,0.024
628,0.021
785,0.031
1011,0.012
1030,0.005
1463,0.002
939,0.012
1223,0.007
1143,0.002
1170,0.008
1172,0.007
1220,0.009
1247,0.006
1304,0.008
1361,0.007
1363,0.001
1450,0.004
1452,0.006
1470,0.002
1068,0.01
1444,0.004
425,0.023
719,0.025
827,0.013
1198,0.01
1268,0.008
830,0.01
836,0.011
1038,0.009
1270,0.008
1091,0.011
1128,0.005
1148,0.017
1167,0.007
1238,0.009
1241,0.007
1274,0.008
1323,0.004
1342,0.002
1344,0.007
1348,0.004
1350,0.005
1354,0.009
1392,0.003
1400,0.007
1445,0.001
1474,0.005
1338,0.001
625,0.019
632,0.016
909,0.013
1040,0.004
789,0.012
970,0.02
753,0.008
1384,0.004
1402,0.004
1339,0.005
1420,0.005
1423,0.008
1352,0.003
1360,0.005
1072,0.014
1088,0.012
1099,0.01
1107,0.009
1163,0.005
1182,0.006
1203,0.005
1249,0.004
1273,0.008
1283,0.003
1298,0.005
1374,0.002
1430,0.006
1435,0.003
1475,0.001
1364,0.006
1495,0.002
749,0.016
1242,0.001
1271,0.008
1285,0.004
1490,0.004
1510,0.009
1409,0.003
1371,0.007
1193,0.004
1369,0.004
1157,0.007
1169,0.006
815,0.019
817,0.01
845,0.018
847,0.027
858,0.014
985,0.007
1373,0.01
1328,0.001
1330,0.004
1399,0.005
1171,0.007
1314,0.002
1318,0.003
1341,0.004
1201,0.008
1209,0.007
1251,0.004
1305,0.004
1307,0.004
1335,0.001
1343,0.007
1389,0.002
417,0.056
775,0.027
888,0.01
904,0.004
981,0.01
837,0.008
860,0.015
867,0.01
879,0.017
893,0.018
926,0.006
928,0.009
941,0.008
949,0.007
800,0.015
699,0.022
755,0.02
759,0.008
1293,0.003
1425,0.004
1432,0.003
1239,0.007
1001,0.012
1200,0.009
1210,0.01
1222,0.008
1281,0.007
1150,0.005
1048,0.01
1183,0.002
1405,0.006
1296,0.009
955,0.015
703,0.022
783,0.006
1260,0.009
1416,0.006
1127,0.007
1406,0.003
1429,0.001
1436,0.003
1438,0.006
1178,0.009
1252,0.011
1181,0.006
795,0.01
1089,0.013
1117,0.007
1009,0.007
1421,0.002
1052,0.009
1394,0.004
1393,0.006
1061,0.013
1056,0.005
1069,0.005
1160,0.007
1320,0.003
980,0.011
989,0.018
991,0.012
1006,0.008
1019,0.005
1071,0.009
734,0.01
758,0.014
764,0.014
976,0.017
1109,0.009
1190,0.005
1313,0.005
69,0.828
713,0.011
1092,0.008
990,0.017
1359,0.002
1042,0.004
646,0.022
653,0.019
658,0.009
668,0.008
672,0.019
706,0.014
717,0.024
727,0.016
745,0.019
784,0.004
797,0.02
868,0.014
1010,0.004
1255,0.003
1204,0.005
1139,0.014
1396,0.003
1403,0.003
1213,0.01
804,0.011
1414,0.004
1050,0.01
987,0.014
1005,0.008
1221,0.006
996,0.01
1208,0.009
1232,0.008
667,0.012
213,0.149
154,0.258
180,0.194
676,0.021
689,0.014
705,0.031
729,0.003
744,0.01
746,0.003
877,0.006
887,0.012
961,0.016
1017,0.002
1027,0.01
1046,0.007
1191,0.001
184,0.171
404,0.043
1120,0.004
1230,0.005
1112,0.008
896,0.006
920,0.004
1192,0.007
1149,0.009
1426,0.009
1035,0.002
1059,0.005
1097,0.007
1079,0.009
905,0.004
1136,0.002
1133,0.011
1081,0.012
1132,0.013
1002,0.007
999,0.004
1041,0.004
1288,0.001
1248,0.003
992,0.012
1358,0.003
1351,0.002
1412,0.005
708,0.019
1159,0.006
1217,0.003
1295,0.007
1147,0.003
936,0.022
997,0.015
778,0.019
1224,0.006
1256,0.004
1267,0.004
1301,0.003
857,0.009
916,0.011
1138,0.005
1142,0.001
683,0.024
1390,0.004
1033,0.005
1194,0.005
945,0.006
690,0.009
737,0.012
739,0.02
806,0.016
820,0.007
839,0.016
849,0.014
856,0.008
876,0.015
895,0.011
912,0.004
944,0.015
951,0.009
982,0.016
1095,0.002
1111,0.007
1113,0.013
1130,0.007
1140,0.008
1151,0.008
1153,0.007
1207,0.006
1100,0.007
564,0.029
687,0.014
57,1.055
61,0.977
63,0.913
67,0.869
71,0.776
83,0.622
85,0.611
89,0.569
91,0.556
93,0.536
95,0.497
97,0.468
99,0.454
101,0.444
110,0.418
80,0.65
59,1.02
76,0.698
98,0.51
102,0.482
104,0.444
52,1.227
54,1.143
58,1.024
72,0.745
96,0.499
84,0.601
86,0.585
88,0.552
90,0.535
79,0.66
75,0.707
92,0.51
94,0.522
62,0.916
66,0.85
117,0.365
106,0.408
112,0.374
121,0.346
105,0.447
103,0.449
107,0.439
109,0.398
113,0.414
115,0.379
122,0.365
124,0.347
128,0.328
136,0.317
138,0.29
140,0.288
145,0.263
175,0.21
179,0.176
187,0.175
190,0.171
200,0.153
205,0.154
196,0.178
214,0.136
161,0.228
199,0.154
201,0.144
123,0.32
139,0.283
170,0.211
174,0.205
176,0.199
131,0.315
164,0.21
153,0.222
144,0.264
183,0.198
135,0.288
158,0.251
120,0.352
156,0.238
114,0.376
116,0.37
168,0.224
182,0.168
186,0.175
193,0.158
197,0.14
178,0.196
148,0.273
188,0.177
118,0.354
149,0.238
203,0.164
162,0.218
166,0.196
127,0.32
125,0.329
223,0.133
225,0.138
221,0.136
226,0.143
227,0.121
231,0.132
222,0.118
210,0.129
208,0.147
218,0.131
589,0.015
260,0.104
279,0.069
287,0.087
289,0.069
291,0.081
309,0.083
317,0.075
347,0.05
351,0.062
370,0.049
377,0.061
400,0.051
491,0.041
551,0.018
387,0.049
525,0.032
434,0.03
460,0.03
283,0.099
256,0.088
278,0.114
360,0.043
468,0.042
269,0.106
264,0.104
366,0.045
236,0.121
266,0.099
257,0.106
461,0.024
294,0.079
338,0.061
348,0.056
270,0.07
481,0.012
282,0.091
378,0.04
521,0.028
253,0.099
308,0.08
339,0.055
265,0.099
369,0.057
470,0.027
499,0.026
538,0.016
300,0.065
361,0.046
376,0.058
235,0.106
248,0.121
244,0.136
297,0.078
239,0.112
258,0.089
243,0.068
292,0.066
346,0.051
296,0.086
240,0.116
365,0.054
380,0.041
572,0.031
651,0.026
656,0.023
660,0.023
664,0.031
671,0.026
694,0.014
680,0.016
721,0.025
701,0.016
661,0.027
692,0.017
666,0.02
594,0.017
650,0.018
675,0.015
652,0.021
619,0.025
670,0.02
679,0.012
629,0.024
693,0.014
642,0.017
641,0.02
640,0.02
663,0.004
659,0.033
662,0.005
624,0.025
456,0.03
657,0.012
620,0.023
603,0.014
1890,0.005
871,0.01
873,0.009
922,0.008
924,0.016
933,0.012
935,0.01
947,0.008
957,0.006
1044,0.006
1101,0.005
1115,0.009
1124,0.012
1137,0.006
1184,0.005
1195,0.01
1197,0.004
1199,0.006
1214,0.002
1235,0.004
1245,0.004
1511,0.006
1546,0.01
1585,0.015
1587,0.013
1597,0.007
1696,0.006
1698,0.005
1709,0.003
1717,0.002
1745,0.003
1758,0.002
1782,0.005
1791,0.003
1806,0.003
1694,0.005
1706,0.004
1730,0.007
1719,0.004
1721,0.002
1516,0.005
1536,0.006
1548,0.008
954,0.01
1077,0.007
1559,0.006
1540,0.01
1573,0.008
1135,0.005
1767,0.003
1771,0.005
1777,0.003
1813,0.003
1826,0.001
1817,0.004
399,0.032
821,0.013
1225,0.009
1560,0.003
1500,0.009
826,0.013
863,0.004
1076,0.009
1175,0.007
1517,0.007
1525,0.005
1549,0.009
1776,0.002
1778,0.001
1780,0.002
1789,0.004
1801,0.001
823,0.009
1383,0.002
1479,0.003
1488,0.009
1499,0.007
1513,0.005
1523,0.004
1553,0.005
1571,0.008
1004,0.016
1564,0.006
691,0.024
712,0.012
762,0.013
808,0.01
851,0.002
862,0.022
882,0.014
884,0.013
1227,0.006
1345,0.003
1527,0.005
1534,0.009
1561,0.01
751,0.024
812,0.013
1286,0.006
742,0.014
1043,0.004
1003,0.011
1683,0.002
736,0.012
1219,0.004
1308,0.004
1257,0.004
1237,0.005
1408,0.003
1583,0.007
1326,0.003
1551,0.002
1779,0.002
765,0.015
813,0.011
1093,0.001
1116,0.014
1576,0.004
1746,0.002
763,0.021
1185,0.005
1236,0.009
1756,0.008
1165,0.006
1686,0.002
1807,0.001
1464,0.008
1497,0.003
1635,0.008
1741,0.001
1744,0.002
1764,0.001
993,0.012
1733,0.005
1437,0.004
1407,0.001
1486,0.006
1489,0.002
1526,0.004
1529,0.009
1537,0.008
1550,0.005
1558,0.006
1588,0.004
1611,0.003
1613,0.004
1618,0.005
1625,0.007
1680,0.009
1682,0.003
1690,0.002
1734,0.001
1759,0.004
1769,0.003
1606,0.001
1609,0.007
750,0.014
964,0.001
994,0.004
1661,0.004
1607,0.009
1623,0.001
1632,0.009
1401,0.004
1468,0.006
1528,0.003
1539,0.006
1649,0.004
1722,0.006
1794,0.005
1598,0.006
943,0.006
1708,0.004
1542,0.01
1563,0.006
1684,0.001
1718,0.002
1802,0.003
1691,0.002
1645,0.002
1643,0.002
1659,0.001
1620,0.005
1783,0.006
1662,0.002
1377,0.004
1503,0.005
1608,0.004
1594,0.002
1679,0.003
1569,0.004
1577,0.007
1451,0.006
1477,0.006
1518,0.003
1524,0.005
1535,0.004
1566,0.001
1592,0.006
1602,0.005
1667,0.003
1226,0.01
1066,0.006
1110,0.009
1177,0.005
1055,0.008
1075,0.006
1103,0.004
1114,0.01
960,0.011
822,0.012
906,0.019
1716,0.003
1552,0.004
1711,0.001
1720,0.005
1379,0.005
1381,0.002
1502,0.005
1671,0.002
1692,0.002
1555,0.005
1595,0.006
844,0.003
1246,0.003
1742,0.003
1699,0.002
1704,0.001
1639,0.004
1695,0.001
1715,0.003
1723,0.002
1727,0.001
1244,0.004
1586,0.003
740,0.011
1306,0.001
1705,0.003
1378,0.002
1673,0.006
1728,0.003
1574,0.006
777,0.015
1419,0.002
1189,0.003
881,0.015
953,0.022
1234,0.008
1333,0.002
1428,0.003
1596,0.001
1622,0.004
1631,0.002
1731,0.001
1612,0.004
790,0.004
809,0.015
824,0.008
834,0.014
1332,0.002
1367,0.004
1646,0.003
1675,0.001
965,0.005
1478,0.004
1697,0.002
1547,0.006
1647,0.001
1562,0.002
1395,0.007
1567,0.002
1196,0.005
1202,0.002
1275,0.003
1492,0.002
682,0.017
802,0.017
942,0.013
1098,0.008
1102,0.002
748,0.009
1453,0.002
1636,0.002
1621,0.003
1316,0.003
1372,0.003
1498,0.003
1154,0.002
1353,0.003
1630,0.005
1638,0.004
1391,0.003
1162,0.002
1554,0.002
872,0.022
1487,0.001
1541,0.001
934,0.008
1176,0.003
1467,0.002
1469,0.003
1507,0.002
1521,0.001
1557,0.008
1439,0.004
1515,0.001
1538,0.001
1365,0.002
1670,0.006
1346,0.002
1134,0.008
967,0.012
1014,0.008
1086,0.004
1336,0.003
1355,0.001
1366,0.001
1368,0.001
1385,0.001
1388,0.004
1614,0.002
874,0.011
923,0.009
1065,0.007
1094,0.001
1449,0.004
702,0.012
1186,0.004
811,0.007
698,0.018
725,0.032
760,0.012
771,0.015
780,0.023
793,0.024
810,0.009
754,0.015
710,0.021
786,0.018
852,0.016
782,0.013
681,0.027
700,0.026
711,0.025
715,0.023
722,0.009
741,0.01
730,0.015
791,0.019
732,0.017
738,0.013
781,0.022
792,0.021
803,0.018
720,0.024
770,0.016
654,0.025
757,0.013
772,0.01
696,0.016
731,0.007
733,0.01
752,0.01
2363,0.002
1045,0.013
1125,0.005
1146,0.005
1155,0.004
1494,0.004
1544,0.004
1600,0.004
1617,0.002
1864,0.004
1889,0.003
1933,0.009
2076,0.006
2115,0.002
2122,0.004
2147,0.009
2162,0.003
2205,0.001
2229,0.003
2258,0.004
1483,0.002
1892,0.006
2108,0.003
2119,0.005
2133,0.001
2149,0.003
1920,0.01
1935,0.008
1131,0.006
1362,0.003
1509,0.003
1881,0.006
1903,0.007
1963,0.005
2214,0.003
2240,0.001
2242,0.003
2268,0.002
2270,0.001
2272,0.002
2283,0.001
2152,0.002
2256,0.002
2259,0.002
1531,0.004
1570,0.004
2107,0.003
1590,0.002
1876,0.002
1906,0.003
2225,0.001
1821,0.003
1846,0.002
1849,0.006
1904,0.001
1942,0.004
1397,0.004
1533,0.005
1957,0.004
801,0.007
1064,0.008
1073,0.008
1619,0.002
1909,0.004
1918,0.007
1922,0.003
1948,0.007
1968,0.007
1998,0.006
1466,0.004
1556,0.003
1605,0.003
1770,0.001
1843,0.003
1254,0.005
2104,0.001
1629,0.002
1579,0.004
1760,0.001
1658,0.003
1810,0.002
1908,0.003
1938,0.005
1347,0.004
2026,0.006
1971,0.001
2220,0.002
1816,0.003
1996,0.007
1773,0.003
1836,0.002
1937,0.003
2042,0.005
2045,0.004
2176,0.001
1842,0.002
1966,0.001
1905,0.006
2011,0.006
2192,0.001
2043,0.002
1726,0.002
1751,0.002
1857,0.005
1888,0.005
1955,0.009
1965,0.005
1985,0.007
2013,0.005
2015,0.006
2106,0.003
2113,0.002
2118,0.001
2199,0.001
2212,0.002
2008,0.003
1875,0.007
2078,0.001
1927,0.001
2009,0.006
2029,0.001
2040,0.001
1634,0.001
1805,0.002
1866,0.003
1880,0.006
1924,0.003
2123,0.005
2136,0.002
2153,0.001
2243,0.001
1179,0.003
1375,0.001
1907,0.006
2135,0.002
1981,0.008
2105,0.006
2253,0.001
2114,0.003
1862,0.004
1891,0.002
1983,0.006
2054,0.002
2236,0.001
2025,0.001
1921,0.003
2250,0.004
1736,0.004
1754,0.002
1879,0.005
2099,0.006
883,0.007
1950,0.003
1952,0.003
1970,0.005
1972,0.006
1814,0.006
1872,0.001
1877,0.006
1919,0.001
1958,0.003
1960,0.001
2166,0.002
2003,0.002
2084,0.002
2165,0.002
1357,0.002
1376,0.002
2145,0.001
2121,0.006
1874,0.002
1978,0.008
1799,0.002
2031,0.001
2089,0.001
2163,0.005
1775,0.001
1944,0.001
2151,0.002
2049,0.001
1858,0.001
2131,0.001
2144,0.001
2154,0.001
2156,0.002
2159,0.005
1648,0.002
1798,0.001
1768,0.001
1633,0.001
1676,0.006
2132,0.001
1603,0.003
2160,0.002
971,0.006
1774,0.001
2091,0.007
1484,0.003
1589,0.003
1591,0.001
1923,0.002
1851,0.005
1785,0.001
1847,0.001
1878,0.002
2146,0.002
1543,0.001
2024,0.003
2028,0.001
2039,0.002
2041,0.005
2164,0.001
2161,0.002
1883,0.004
2016,0.002
2094,0.003
1934,0.002
2150,0.002
1926,0.002
1508,0.001
1797,0.006
1959,0.001
1317,0.001
1743,0.001
952,0.007
1601,0.002
1034,0.002
1287,0.005
1334,0.001
1411,0.002
831,0.004
1947,0.001
1984,0.004
1986,0.001
2148,0.001
1637,0.001
1650,0.003
1707,0.002
1735,0.001
1700,0.001
1848,0.001
1956,0.001
1994,0.002
2033,0.006
2038,0.002
1738,0.001
1740,0.002
1850,0.001
1852,0.001
1917,0.003
1911,0.001
1936,0.001
1496,0.001
1995,0.003
1781,0.001
1812,0.001
1827,0.002
1901,0.002
1928,0.001
2023,0.002
1819,0.002
1894,0.003
1896,0.001
1910,0.001
1025,0.002
1893,0.001
1755,0.001
1792,0.002
2027,0.001
1047,0.003
1427,0.001
1473,0.001
1604,0.001
1663,0.002
1678,0.001
1724,0.001
1753,0.002
1665,0.001
1012,0.007
1811,0.002
938,0.007
829,0.005
854,0.016
889,0.009
914,0.01
1104,0.008
864,0.019
1229,0.01
1074,0.022
1083,0.006
1096,0.013
1106,0.008
1297,0.001
899,0.007
840,0.009
1063,0.006
1053,0.008
902,0.014
932,0.008
1126,0.008
832,0.013
1108,0.009
1123,0.002
1212,0.004
841,0.016
918,0.004
1174,0.005
1277,0.001
975,0.01
1119,0.002
1121,0.003
1144,0.002
761,0.008
855,0.014
1205,0.001
865,0.012
1013,0.005
1054,0.006
1166,0.002
861,0.016
974,0.009
885,0.007
853,0.011
892,0.005
1164,0.001
1158,0.002
983,0.006
1156,0.001
767,0.013
843,0.004
2112,0.001
2177,0.001
2181,0.003
2203,0.001
2251,0.002
2281,0.003
2293,0.003
2307,0.003
2311,0.003
2332,0.002
2337,0.004
2341,0.007
2367,0.003
2371,0.002
2388,0.003
2397,0.005
2449,0.005
2475,0.001
2505,0.007
2544,0.004
2578,0.006
2600,0.002
2730,0.006
2734,0.001
2747,0.003
2756,0.001
2760,0.003
2765,0.002
2777,0.002
2812,0.002
2821,0.002
2825,0.003
2842,0.004
2851,0.002
2881,0.002
2989,0.003
2994,0.001
2998,0.002
3002,0.002
3028,0.003
3080,0.004
3088,0.001
3114,0.001
3201,0.004
3205,0.004
3235,0.002
3261,0.001
3274,0.001
3729,0.004
3867,0.007
3872,0.002
3910,0.001
3966,0.005
4153,0.001
4231,0.001
4274,0.002
4325,0.002
4364,0.003
4368,0.002
4411,0.001
4459,0.002
2816,0.001
2967,0.002
3188,0.003
3785,0.004
4265,0.001
4299,0.003
4304,0.003
3841,0.007
2263,0.002
2324,0.002
2458,0.003
2609,0.004
2786,0.001
3019,0.003
3062,0.002
3763,0.005
3794,0.005
3807,0.003
3876,0.003
3927,0.004
3854,0.004
3932,0.004
4022,0.003
2876,0.001
2911,0.001
3037,0.002
4428,0.001
4450,0.002
4481,0.001
4541,0.001
4567,0.001
4519,0.003
1793,0.002
1913,0.001
2060,0.001
2820,0.005
2890,0.001
3064,0.002
3149,0.002
3902,0.005
3156,0.001
3928,0.003
3184,0.003
3898,0.002
1386,0.001
3097,0.001
3099,0.001
1460,0.002
2302,0.002
3049,0.003
3183,0.001
4446,0.001
4454,0.001
3461,0.002
3643,0.002
3693,0.001
3698,0.005
3702,0.001
3776,0.006
3780,0.004
3884,0.006
2795,0.002
3067,0.002
1788,0.003
1930,0.001
2021,0.003
2129,0.001
2155,0.001
2173,0.001
2185,0.003
2190,0.002
2207,0.001
2298,0.005
2384,0.001
2393,0.002
2453,0.003
2510,0.002
2514,0.004
2674,0.001
2695,0.003
2782,0.002
2790,0.004
2908,0.003
3806,0.005
842,0.008
963,0.008
3248,0.001
3358,0.001
3672,0.003
3810,0.001
3845,0.005
3897,0.004
3906,0.008
3936,0.008
3988,0.009
3992,0.004
3997,0.003
1568,0.001
1581,0.002
1615,0.003
1628,0.001
1642,0.001
1689,0.001
1732,0.001
1762,0.003
2752,0.001
2933,0.002
2941,0.003
3054,0.003
3244,0.002
3270,0.001
3975,0.003
2389,0.002
2898,0.002
2509,0.003
4209,0.001
1749,0.003
1840,0.004
1844,0.002
2238,0.002
3090,0.001
3144,0.002
3096,0.001
3366,0.001
2423,0.003
3521,0.002
3664,0.001
3816,0.002
3487,0.002
3781,0.003
2462,0.003
1914,0.002
2034,0.002
2977,0.002
3068,0.003
4053,0.004
4429,0.002
3633,0.001
3638,0.004
1884,0.002
2964,0.002
3094,0.001
3996,0.003
3431,0.002
3512,0.002
3547,0.003
3724,0.005
3746,0.004
3779,0.001
3880,0.005
4091,0.001
4320,0.002
3685,0.001
3933,0.001
3811,0.004
4023,0.005
4355,0.002
4412,0.001
2484,0.002
4334,0.002
4385,0.001
4087,0.002
2480,0.007
2492,0.002
3937,0.004
3453,0.001
3503,0.002
3715,0.001
3728,0.001
3815,0.006
3824,0.005
3911,0.003
3958,0.005
3971,0.005
4027,0.002
4031,0.005
4036,0.002
4066,0.002
4178,0.002
4204,0.003
4278,0.002
4338,0.002
4398,0.001
3750,0.004
2912,0.004
2946,0.004
2488,0.004
4208,0.001
4088,0.001
4156,0.002
4217,0.003
3855,0.001
4019,0.003
3219,0.001
3279,0.003
3491,0.002
3504,0.003
3569,0.001
3733,0.003
3751,0.001
3970,0.003
4247,0.003
4273,0.002
4308,0.004
4018,0.006
2613,0.002
3720,0.004
3759,0.004
3782,0.001
3875,0.004
3963,0.003
4230,0.001
4472,0.001
4507,0.001
4532,0.001
3820,0.002
3945,0.004
3967,0.004
4109,0.001
4212,0.002
3777,0.001
3473,0.002
4229,0.001
4006,0.001
1931,0.002
3962,0.005
4425,0.001
3513,0.003
3944,0.002
2506,0.005
2512,0.001
3611,0.001
3629,0.005
3694,0.003
3716,0.003
3745,0.001
3754,0.004
3798,0.001
3849,0.002
3940,0.002
4169,0.002
4331,0.001
3837,0.005
2087,0.001
2847,0.004
1145,0.001
1325,0.001
2414,0.004
2419,0.007
2483,0.007
2666,0.001
2968,0.003
2463,0.002
2605,0.001
2691,0.001
2700,0.001
2704,0.005
2785,0.004
2787,0.001
2402,0.002
2518,0.002
2536,0.001
4243,0.001
3660,0.003
3668,0.003
3452,0.002
3599,0.002
3604,0.002
4179,0.001
4326,0.001
4329,0.003
3551,0.001
4080,0.001
4234,0.001
3483,0.001
3115,0.001
2351,0.001
3120,0.001
4239,0.001
3383,0.001
3708,0.001
3757,0.001
4222,0.001
4248,0.002
4264,0.001
4309,0.001
3297,0.002
4291,0.001
4303,0.002
3548,0.001
3262,0.001
1693,0.005
3267,0.001
3352,0.001
1999,0.001
3111,0.002
4290,0.003
4261,0.001
3170,0.001
3175,0.002
3249,0.001
3482,0.002
2942,0.004
3021,0.002
3023,0.001
3027,0.002
3085,0.003
3203,0.001
3214,0.002
3216,0.001
3238,0.001
3240,0.001
3242,0.001
3245,0.003
3509,0.001
3842,0.001
3846,0.001
2868,0.005
2294,0.002
2523,0.006
2535,0.002
2794,0.001
2846,0.002
3703,0.003
3850,0.001
2976,0.004
3552,0.001
3564,0.001
3941,0.003
3050,0.002
3206,0.001
2972,0.002
4057,0.001
4079,0.001
4083,0.002
1943,0.001
1961,0.006
2064,0.002
2086,0.001
2120,0.001
2267,0.002
2276,0.002
2354,0.003
2401,0.002
2604,0.005
2932,0.002
3032,0.001
3158,0.003
3141,0.001
3767,0.001
3417,0.001
3790,0.001
2418,0.002
4092,0.002
4118,0.002
3853,0.001
2931,0.001
3017,0.001
3264,0.001
3422,0.002
3543,0.002
3919,0.001
2635,0.002
2959,0.001
2990,0.003
3006,0.001
3063,0.002
3098,0.003
3055,0.002
1823,0.002
1974,0.001
2030,0.001
2069,0.002
2241,0.002
2303,0.001
2306,0.003
2328,0.002
2575,0.002
2665,0.001
2669,0.001
3140,0.001
3885,0.003
2937,0.002
1796,0.001
3642,0.002
3673,0.001
3915,0.002
2385,0.003
3634,0.001
3181,0.002
4292,0.001
3786,0.001
3895,0.001
3211,0.001
3760,0.001
3492,0.001
2873,0.002
4297,0.001
3426,0.001
3176,0.002
3179,0.001
3236,0.001
3291,0.001
3172,0.001
3239,0.001
2717,0.002
2872,0.003
3414,0.002
3460,0.001
3471,0.001
3401,0.001
3690,0.001
3100,0.001
3725,0.001
2993,0.001
3147,0.001
2975,0.001
2630,0.003
2899,0.001
3001,0.001
3755,0.002
4187,0.001
2445,0.004
4256,0.001
4317,0.001
2126,0.001
3479,0.001
3976,0.001
3443,0.001
3823,0.002
2813,0.001
3082,0.001
4096,0.001
2358,0.002
2721,0.002
3081,0.001
2938,0.001
2725,0.002
2764,0.002
3539,0.001
3612,0.002
3625,0.002
3655,0.001
3686,0.001
3802,0.001
3581,0.001
3789,0.001
3793,0.001
3879,0.001
3914,0.001
2051,0.001
2336,0.004
4307,0.001
3089,0.001
3210,0.001
3957,0.001
2838,0.001
2095,0.001
2368,0.001
2421,0.001
2476,0.001
2548,0.001
2570,0.002
2687,0.006
2778,0.001
2855,0.001
2907,0.001
2997,0.001
2999,0.001
3007,0.001
3024,0.003
3127,0.001
3153,0.002
3287,0.001
3332,0.001
3341,0.001
3356,0.001
3370,0.001
3395,0.001
3412,0.001
3416,0.001
3418,0.001
3420,0.001
3449,0.001
3454,0.001
3456,0.001
3477,0.001
3505,0.001
3507,0.001
3631,0.001
3726,0.001
2186,0.004
2216,0.002
2362,0.003
2394,0.001
2059,0.004
2277,0.001
2736,0.001
3695,0.001
2644,0.011
2850,0.001
3058,0.001
3150,0.001
3304,0.001
1387,0.001
3116,0.001
3278,0.001
1447,0.001
886,0.013
833,0.007
891,0.01
913,0.002
894,0.006
773,0.019
3151,0.001
1448,0.003
1457,0.004
1578,0.002
1822,0.002
1831,0.004
1837,0.002
1860,0.005
1897,0.002
1900,0.004
1992,0.003
2001,0.002
2053,0.005
2182,0.001
2581,0.002
2664,0.006
2768,0.001
2829,0.002
2849,0.002
2863,0.007
2883,0.002
2909,0.003
1932,0.003
2125,0.003
2811,0.004
2843,0.002
2869,0.003
2520,0.007
1739,0.002
1964,0.004
1975,0.005
2529,0.006
2618,0.011
2569,0.004
2621,0.007
2681,0.003
1941,0.003
2952,0.002
2987,0.001
3030,0.001
3044,0.001
2871,0.003
2079,0.002
2601,0.007
2966,0.002
2073,0.002
2103,0.002
2065,0.005
973,0.004
1800,0.001
1854,0.004
2560,0.005
2969,0.001
2984,0.001
2428,0.003
2465,0.005
2517,0.007
2539,0.001
2589,0.006
1863,0.003
1471,0.001
2356,0.001
2537,0.008
2174,0.003
2180,0.002
2448,0.002
2557,0.002
2563,0.005
2598,0.005
2624,0.006
2661,0.004
1085,0.001
2036,0.004
2650,0.006
2546,0.004
2096,0.004
2172,0.001
2014,0.001
2062,0.003
2347,0.003
2413,0.001
2585,0.003
2486,0.001
2323,0.001
1641,0.002
1803,0.002
1861,0.001
2102,0.003
2702,0.003
2961,0.001
2425,0.004
1370,0.001
2287,0.002
2345,0.001
2519,0.001
2583,0.003
2586,0.005
2727,0.001
2622,0.001
1656,0.001
2678,0.005
2889,0.002
2926,0.001
2923,0.001
2396,0.005
1653,0.002
2077,0.002
2335,0.002
2408,0.003
2477,0.005
2482,0.001
2485,0.001
2543,0.007
2549,0.007
2584,0.002
2607,0.005
2638,0.005
2647,0.008
2658,0.006
2698,0.002
2701,0.002
2710,0.001
2808,0.004
2818,0.001
2880,0.001
2892,0.001
2949,0.002
2500,0.005
1657,0.001
2771,0.001
2805,0.001
2679,0.005
2215,0.001
2327,0.002
2379,0.001
2831,0.004
2991,0.001
2521,0.001
2981,0.001
3004,0.001
2742,0.001
2365,0.002
2376,0.002
2508,0.004
2802,0.002
2315,0.001
2296,0.001
2641,0.006
2625,0.001
2826,0.001
2603,0.001
2627,0.005
2684,0.001
2407,0.001
2503,0.007
2526,0.004
2580,0.001
2615,0.001
2680,0.001
2779,0.002
2044,0.002
2887,0.001
1655,0.003
1820,0.003
1610,0.001
1787,0.001
1835,0.001
1895,0.001
2861,0.002
2828,0.001
2301,0.001
2662,0.001
1856,0.001
2399,0.001
2884,0.002
2709,0.001
2886,0.004
2720,0.001
2080,0.001
2338,0.001
2466,0.001
2866,0.001
2732,0.001
2859,0.001
2875,0.001
2879,0.001
2074,0.001
2235,0.001
2137,0.005
2860,0.002
2788,0.002
2321,0.002
2017,0.001
2022,0.001
2143,0.001
2157,0.003
2339,0.001
2558,0.002
2561,0.002
2218,0.002
1912,0.004
2035,0.001
2468,0.002
2097,0.002
2117,0.003
2699,0.001
2719,0.001
2085,0.003
2511,0.001
2278,0.002
2800,0.001
2745,0.002
1979,0.001
1993,0.002
1215,0.001
2093,0.002
1532,0.002
2206,0.001
2422,0.002
2596,0.001
2832,0.001
1915,0.002
2864,0.001
2442,0.003
2284,0.001
2194,0.001
2200,0.001
2273,0.001
2052,0.001
2460,0.001
2464,0.001
2342,0.002
2440,0.002
2063,0.001
2608,0.001
1982,0.001
2791,0.001
2018,0.001
2837,0.001
1593,0.001
2848,0.002
1417,0.001
2318,0.001
2320,0.001
2556,0.001
1830,0.001
2295,0.001
2538,0.001
2582,0.001
2579,0.001
2660,0.002
2364,0.001
2398,0.001
2416,0.001
2420,0.001
2457,0.001
2545,0.001
2568,0.001
2610,0.001
2682,0.001
2366,0.001
2386,0.001
2481,0.001
2629,0.001
2822,0.001
2244,0.001
2703,0.001
1713,0.001
1748,0.001
1752,0.001
1898,0.001
2000,0.001
2139,0.001
2191,0.001
2217,0.001
2221,0.001
2227,0.001
2265,0.001
2280,0.001
2300,0.001
2304,0.001
2314,0.001
2690,0.001
1824,0.001
2415,0.001
2100,0.001
1129,0.002
878,0.006
1015,0.006
1023,0.004
972,0.001
1024,0.001
903,0.002
