12,9.568
10,11.978
8,14.443
6,10.462
4,6.596
1,1.747
3,4.014
5,7.279
7,10.519
9,13.854
11,10.746
13,8.581
14,7.884
0,1.115
18,5.8
16,6.764
15,7.383
17,6.242
20,5.166
19,5.604
2,1.588
21,4.899
43,1.961
35,2.565
27,3.503
23,4.288
22,4.638
25,3.835
24,4.238
26,3.764
33,2.596
31,2.855
29,3.155
28,3.373
30,3.138
32,2.909
34,2.593
40,2.107
37,2.282
36,2.405
38,2.287
39,2.149
41,2.056
42,1.889
45,1.844
44,1.783
49,1.587
47,1.644
46,1.697
48,1.691
51,1.474
50,1.597
53,1.423
55,1.304
7633,0.007
7521,0.006
4899,0.004
4052,0.005
2128,0.002
484,0.057
673,0.024
794,0.025
968,0.014
984,0.006
995,0.004
1028,0.014
1037,0.01
1218,0.003
1262,0.012
1322,0.007
1382,0.003
1442,0.003
1461,0.002
1572,0.013
1660,0.001
1815,0.009
1833,0.001
1885,0.001
1988,0.001
2004,0.003
2013,0.002
2057,0.001
2058,0.001
2117,0.004
2134,0.002
2566,0.003
2142,0.002
2178,0.004
2230,0.001
2237,0.002
2246,0.004
2255,0.001
2308,0.001
2349,0.001
2437,0.001
2478,0.006
2479,0.002
2497,0.002
2507,0.007
2532,0.001
2592,0.001
2594,0.002
2593,0.004
2775,0.002
2619,0.001
2626,0.001
2627,0.002
2651,0.001
2654,0.001
2686,0.001
2712,0.001
2722,0.003
2738,0.001
3086,0.002
2833,0.001
2834,0.004
2895,0.001
2903,0.003
2929,0.004
2963,0.001
2964,0.005
2972,0.002
2983,0.001
3015,0.001
3026,0.001
3033,0.002
3040,0.001
3051,0.005
3077,0.001
3093,0.002
3162,0.002
3094,0.002
3112,0.003
3145,0.003
3155,0.001
3474,0.004
3163,0.001
3171,0.001
3173,0.001
3207,0.001
3216,0.002
3224,0.001
3257,0.001
3259,0.001
3266,0.001
3285,0.001
3293,0.001
3326,0.002
3336,0.001
3344,0.001
3386,0.001
3388,0.001
3397,0.002
3440,0.001
3447,0.001
3465,0.001
3518,0.003
3475,0.001
3524,0.001
3561,0.003
3525,0.001
3534,0.002
3535,0.001
3596,0.003
3568,0.001
3585,0.001
3586,0.001
3594,0.001
3699,0.007
3654,0.001
3681,0.001
3689,0.001
3774,0.002
3700,0.001
3758,0.001
3861,0.002
3818,0.001
3819,0.002
3828,0.001
3829,0.001
3836,0.008
3923,0.002
3863,0.001
3871,0.001
3872,0.006
3888,0.001
3890,0.001
3896,0.001
3922,0.001
4043,0.002
3948,0.001
3982,0.001
3993,0.006
4000,0.001
4010,0.001
4017,0.001
4044,0.001
4296,0.003
4129,0.002
4062,0.001
4104,0.001
4113,0.001
4114,0.001
4121,0.001
4122,0.003
4172,0.002
4138,0.001
4174,0.001
4184,0.002
4175,0.001
4183,0.001
4287,0.002
4185,0.001
4191,0.001
4192,0.001
4194,0.001
4199,0.002
4200,0.002
4225,0.001
4226,0.001
4233,0.001
4244,0.002
4245,0.001
4285,0.001
4286,0.001
4294,0.002
4295,0.001
4502,0.003
4303,0.002
4354,0.002
4312,0.001
4319,0.001
4321,0.004
4346,0.001
4380,0.002
4356,0.001
4364,0.002
4441,0.002
4381,0.001
4406,0.001
4414,0.001
4424,0.001
4483,0.002
4475,0.001
4477,0.001
4493,0.002
4494,0.001
4501,0.003
4588,0.003
4527,0.002
4537,0.002
4536,0.001
4563,0.002
4544,0.001
4552,0.001
4555,0.001
4622,0.003
4596,0.002
4597,0.001
4598,0.002
4606,0.001
4607,0.001
4613,0.001
4614,0.001
4615,0.001
4684,0.003
4624,0.002
4623,0.001
4673,0.002
4634,0.001
4648,0.001
4649,0.001
4657,0.001
4658,0.001
4665,0.001
4666,0.001
4675,0.002
4676,0.001
4682,0.002
4683,0.001
4777,0.003
4703,0.002
4710,0.002
4708,0.001
4709,0.001
4718,0.002
4711,0.001
4717,0.001
4771,0.002
4719,0.001
4725,0.001
4727,0.001
4735,0.001
4743,0.001
4744,0.001
4769,0.001
4770,0.001
4778,0.003
4787,0.003
4779,0.001
4830,0.003
4795,0.002
4794,0.001
4796,0.001
4803,0.001
4804,0.001
4824,0.001
4848,0.003
4847,0.002
4832,0.001
4838,0.001
4839,0.001
4841,0.001
4890,0.001
4892,0.001
5643,0.004
4968,0.003
4900,0.002
4907,0.002
4917,0.002
4908,0.001
4916,0.001
4952,0.002
4918,0.001
4924,0.001
4925,0.001
4927,0.001
4950,0.001
4959,0.001
4961,0.001
4967,0.001
5012,0.003
4977,0.002
4969,0.001
4976,0.001
4985,0.001
5013,0.001
5019,0.003
5020,0.003
5385,0.003
5022,0.002
5021,0.001
5029,0.002
5037,0.002
5091,0.002
5038,0.001
5039,0.001
5073,0.001
5074,0.001
5082,0.001
5089,0.001
5090,0.001
5211,0.002
5097,0.001
5144,0.001
5157,0.001
5201,0.001
5203,0.001
5210,0.001
5226,0.002
5212,0.001
5254,0.001
5288,0.002
5260,0.001
5261,0.001
5272,0.001
5289,0.001
5339,0.001
5374,0.001
5375,0.001
5383,0.001
5582,0.003
5393,0.002
5396,0.001
5469,0.002
5400,0.001
5401,0.001
5409,0.001
5410,0.001
5411,0.001
5435,0.001
5448,0.001
5451,0.001
5461,0.001
5462,0.001
5468,0.001
5495,0.002
5470,0.001
5496,0.002
5522,0.002
5512,0.001
5520,0.001
5521,0.001
5530,0.002
5556,0.002
5555,0.001
5557,0.002
5566,0.002
5574,0.002
5571,0.001
5572,0.001
5580,0.002
5581,0.001
5642,0.002
5583,0.001
5589,0.001
5590,0.001
5624,0.001
5626,0.001
5632,0.001
5641,0.001
5895,0.004
5703,0.003
5685,0.002
5651,0.001
5652,0.001
5669,0.001
5677,0.001
5678,0.001
5684,0.001
5686,0.002
5688,0.001
5694,0.001
5695,0.001
5701,0.001
5702,0.001
5823,0.003
5711,0.002
5710,0.001
5798,0.002
5713,0.001
5738,0.001
5739,0.001
5746,0.001
5747,0.001
5762,0.001
5763,0.001
5781,0.001
5797,0.001
5806,0.002
5807,0.002
5814,0.002
5815,0.001
5816,0.001
5817,0.001
5832,0.003
5824,0.001
5858,0.001
5886,0.003
5866,0.002
5859,0.001
5867,0.001
5868,0.002
5883,0.002
5876,0.001
5877,0.001
5884,0.001
5893,0.002
5891,0.001
5892,0.001
5894,0.002
6403,0.004
5953,0.003
5943,0.002
5927,0.001
5928,0.001
5934,0.001
5935,0.001
5937,0.001
5945,0.002
5944,0.001
5946,0.002
5954,0.001
6007,0.003
5981,0.002
5955,0.001
5986,0.002
5999,0.002
5987,0.001
5988,0.001
5989,0.001
5995,0.001
5996,0.001
6003,0.001
6005,0.001
6041,0.003
6039,0.002
6014,0.001
6040,0.001
6102,0.003
6042,0.002
6050,0.002
6047,0.001
6048,0.001
6049,0.001
6058,0.002
6056,0.001
6057,0.001
6100,0.002
6066,0.001
6067,0.001
6074,0.001
6075,0.001
6101,0.001
6177,0.003
6127,0.002
6103,0.001
6112,0.001
6116,0.001
6117,0.001
6118,0.001
6126,0.001
6136,0.002
6134,0.001
6135,0.001
6161,0.002
6160,0.001
6162,0.002
6165,0.001
6168,0.001
6170,0.001
6171,0.001
6378,0.003
6178,0.002
6186,0.002
6193,0.002
6194,0.001
6197,0.002
6195,0.001
6229,0.002
6198,0.001
6201,0.001
6222,0.001
6223,0.001
6256,0.002
6232,0.001
6234,0.001
6238,0.001
6290,0.002
6257,0.001
6258,0.001
6289,0.001
6307,0.002
6292,0.001
6294,0.001
6295,0.001
6300,0.001
6309,0.002
6316,0.002
6343,0.002
6319,0.001
6341,0.001
6344,0.001
6350,0.001
6353,0.001
6354,0.001
6363,0.001
6367,0.001
6368,0.001
6405,0.001
7517,0.004
7036,0.003
6472,0.002
6406,0.001
6407,0.001
6409,0.001
6411,0.001
6413,0.001
6420,0.001
6421,0.001
6429,0.001
6439,0.001
6470,0.001
6471,0.001
6482,0.002
6473,0.001
6474,0.001
6480,0.001
6532,0.002
6483,0.001
6485,0.001
6489,0.001
6490,0.001
6496,0.001
6498,0.001
6501,0.001
6523,0.001
6531,0.001
6663,0.002
6536,0.001
6540,0.001
6541,0.001
6544,0.001
6549,0.001
6558,0.001
6559,0.001
6575,0.001
6583,0.001
6587,0.001
6609,0.001
6620,0.001
6646,0.001
6655,0.001
6829,0.002
6673,0.001
6713,0.001
6732,0.001
6744,0.001
6773,0.001
6776,0.001
6791,0.001
6792,0.001
6800,0.001
6802,0.001
6804,0.001
6826,0.001
6831,0.001
6955,0.002
6832,0.001
6834,0.001
6836,0.001
6838,0.001
6842,0.001
6863,0.001
6888,0.001
6896,0.001
6905,0.001
6909,0.001
6920,0.001
6973,0.002
6957,0.001
6959,0.001
7009,0.002
6975,0.001
6976,0.001
6984,0.001
6985,0.001
7008,0.001
7010,0.001
7015,0.001
7016,0.001
7018,0.001
7019,0.001
7025,0.001
7027,0.001
7192,0.003
7097,0.002
7043,0.001
7044,0.001
7068,0.001
7070,0.001
7080,0.001
7095,0.001
7104,0.002
7132,0.002
7105,0.001
7123,0.001
7129,0.001
7130,0.001
7138,0.002
7158,0.001
7189,0.001
7190,0.001
7252,0.003
7193,0.002
7200,0.002
7223,0.001
7224,0.001
7225,0.001
7260,0.003
7337,0.003
7269,0.002
7261,0.001
7267,0.001
7268,0.001
7286,0.002
7287,0.002
7277,0.001
7318,0.002
7329,0.002
7328,0.001
7399,0.003
7391,0.002
7344,0.001
7347,0.001
7371,0.001
7373,0.001
7374,0.001
7389,0.001
7390,0.001
7397,0.001
7434,0.003
7431,0.002
7406,0.001
7433,0.001
7448,0.003
7441,0.002
7442,0.001
7450,0.003
7449,0.001
7494,0.003
7451,0.002
7459,0.002
7457,0.001
7458,0.001
7468,0.002
7466,0.001
7491,0.001
7492,0.001
7510,0.003
7509,0.002
7501,0.001
7502,0.001
7503,0.001
7511,0.001
7518,0.001
7519,0.001
7563,0.005
7527,0.004
7526,0.001
7555,0.004
7535,0.003
7528,0.001
7553,0.003
7552,0.001
7554,0.001
7557,0.002
7562,0.001
7597,0.005
7572,0.003
7570,0.001
7571,0.001
7573,0.003
7582,0.002
7587,0.001
7588,0.001
7589,0.001
7623,0.004
7613,0.003
7612,0.001
7614,0.003
7621,0.002
7615,0.001
7622,0.001
7624,0.003
7631,0.002
7629,0.001
7630,0.001
7632,0.001
7685,0.006
7675,0.004
7640,0.003
7638,0.001
7641,0.001
7674,0.003
7647,0.001
7648,0.001
7683,0.004
7684,0.003
7770,0.006
7735,0.005
7709,0.004
7691,0.003
7701,0.003
7693,0.002
7692,0.001
7694,0.001
7699,0.001
7700,0.001
7702,0.002
7708,0.001
7710,0.001
7733,0.001
7734,0.001
7743,0.004
7736,0.002
7754,0.004
7751,0.003
7745,0.002
7760,0.003
7752,0.002
7761,0.004
7768,0.003
7762,0.001
7769,0.001
7935,0.006
7813,0.005
7794,0.004
7771,0.002
7798,0.004
7795,0.003
7796,0.001
7805,0.002
7804,0.001
7812,0.001
7857,0.005
7814,0.003
7822,0.003
7831,0.003
7824,0.002
7823,0.001
7829,0.001
7830,0.001
7856,0.002
7832,0.001
7855,0.001
7866,0.005
7864,0.002
7858,0.001
7865,0.002
7892,0.004
7883,0.003
7872,0.002
7874,0.002
7873,0.001
7876,0.002
7875,0.001
7884,0.002
7881,0.001
7889,0.002
7890,0.001
7927,0.004
7926,0.003
7916,0.001
7917,0.001
7918,0.001
7924,0.001
7925,0.001
7934,0.003
7932,0.001
8038,0.006
7977,0.005
7944,0.004
7941,0.002
7943,0.002
7953,0.003
7950,0.001
7952,0.001
7976,0.001
7988,0.005
7978,0.004
7986,0.003
7984,0.002
7995,0.004
7994,0.002
7993,0.001
7996,0.002
8037,0.002
8013,0.001
8036,0.001
8045,0.004
8039,0.002
8048,0.004
8046,0.002
8047,0.001
8661,0.004
8064,0.003
8054,0.001
8063,0.001
8167,0.003
8105,0.002
8065,0.001
8066,0.001
8096,0.001
8114,0.002
8124,0.002
8125,0.001
8132,0.001
8158,0.001
8368,0.003
8185,0.002
8175,0.001
8176,0.001
8183,0.001
8184,0.001
8192,0.002
8357,0.002
8193,0.001
8194,0.001
8218,0.001
8236,0.001
8238,0.001
8245,0.001
8304,0.001
8314,0.001
8315,0.001
8339,0.001
8340,0.001
8358,0.001
8359,0.001
8366,0.001
8367,0.001
8427,0.003
8410,0.002
8374,0.001
8400,0.001
8418,0.001
8419,0.001
8425,0.001
8426,0.001
8435,0.003
8434,0.001
8496,0.003
8462,0.002
8436,0.001
8445,0.001
8459,0.001
8460,0.001
8468,0.001
8469,0.001
8479,0.001
8480,0.001
8486,0.001
8489,0.001
8494,0.001
8651,0.003
8548,0.002
8497,0.001
8523,0.001
8540,0.001
8580,0.001
8582,0.002
8581,0.001
8583,0.002
8599,0.002
8584,0.001
8589,0.001
8590,0.001
8600,0.001
8618,0.002
8601,0.001
8607,0.001
8608,0.001
8609,0.001
8615,0.001
8616,0.001
8619,0.001
8650,0.002
8626,0.001
8659,0.002
8652,0.001
8654,0.001
8660,0.002
9040,0.003
8712,0.002
8667,0.001
8669,0.001
8670,0.001
8711,0.001
8729,0.002
8884,0.002
8736,0.001
8737,0.001
8738,0.001
8772,0.001
8780,0.001
8796,0.001
8823,0.001
8832,0.001
8833,0.001
8857,0.001
8858,0.001
8900,0.001
8947,0.002
8901,0.001
8910,0.001
8945,0.001
8954,0.001
8963,0.001
8970,0.001
9014,0.001
9075,0.001
9083,0.001
9091,0.001
9125,0.001
9376,0.001
52,1.483
54,1.452
567,0.038
554,0.044
549,0.049
537,0.04
532,0.038
359,0.067
333,0.069
294,0.113
245,0.166
152,0.285
137,0.372
57,1.335
68,1.048
64,1.065
74,0.848
70,1.076
81,0.815
130,0.389
87,0.692
100,0.527
111,0.483
133,0.357
143,0.254
142,0.365
150,0.307
147,0.367
146,0.278
151,0.291
165,0.257
156,0.248
157,0.313
160,0.271
158,0.233
163,0.277
186,0.188
167,0.247
169,0.296
172,0.222
182,0.191
177,0.253
189,0.144
199,0.186
190,0.219
195,0.192
192,0.215
193,0.204
198,0.169
225,0.15
208,0.161
204,0.203
202,0.182
206,0.176
209,0.16
212,0.21
211,0.128
217,0.156
215,0.182
220,0.124
219,0.167
221,0.202
228,0.133
229,0.172
237,0.156
230,0.13
231,0.116
233,0.138
241,0.159
238,0.117
242,0.156
251,0.13
247,0.151
246,0.127
248,0.144
250,0.106
259,0.114
255,0.118
254,0.114
273,0.102
264,0.084
261,0.145
260,0.114
263,0.15
262,0.102
269,0.124
268,0.113
267,0.092
271,0.113
272,0.088
276,0.097
274,0.109
275,0.108
286,0.086
280,0.094
277,0.106
284,0.107
281,0.09
285,0.076
289,0.102
287,0.104
288,0.102
290,0.077
293,0.065
299,0.081
295,0.082
300,0.107
325,0.075
303,0.145
301,0.081
302,0.063
311,0.074
307,0.073
305,0.087
306,0.093
310,0.096
320,0.062
312,0.089
315,0.104
314,0.073
316,0.062
317,0.083
318,0.091
322,0.091
323,0.07
324,0.076
330,0.078
328,0.09
327,0.088
329,0.064
334,0.074
331,0.078
354,0.067
351,0.075
340,0.077
337,0.08
335,0.072
336,0.071
342,0.093
341,0.057
345,0.09
343,0.064
350,0.06
349,0.075
353,0.073
355,0.089
358,0.086
356,0.064
357,0.05
403,0.072
398,0.04
367,0.061
362,0.042
363,0.1
385,0.049
373,0.049
368,0.055
371,0.069
372,0.061
383,0.077
376,0.087
379,0.042
381,0.039
380,0.071
382,0.063
394,0.062
389,0.055
386,0.085
387,0.051
388,0.06
391,0.054
390,0.051
393,0.048
392,0.063
396,0.048
397,0.094
402,0.036
399,0.056
445,0.058
424,0.106
406,0.032
407,0.052
410,0.052
408,0.063
409,0.056
415,0.045
412,0.06
411,0.063
413,0.037
420,0.062
416,0.037
419,0.046
422,0.025
421,0.038
423,0.044
432,0.05
429,0.054
425,0.051
428,0.041
427,0.059
431,0.054
438,0.055
436,0.032
433,0.022
434,0.059
437,0.053
442,0.051
441,0.052
440,0.035
444,0.044
458,0.049
454,0.052
450,0.049
447,0.065
446,0.031
449,0.04
448,0.034
451,0.035
452,0.053
457,0.034
463,0.052
459,0.037
462,0.033
493,0.04
467,0.055
464,0.037
465,0.045
466,0.045
475,0.03
469,0.037
471,0.024
473,0.05
474,0.042
483,0.026
478,0.045
476,0.037
480,0.045
479,0.033
488,0.037
485,0.045
486,0.019
489,0.053
490,0.02
491,0.026
519,0.04
501,0.043
494,0.044
498,0.022
496,0.059
502,0.047
499,0.067
515,0.045
506,0.049
503,0.045
505,0.022
510,0.021
507,0.032
509,0.041
508,0.03
514,0.024
511,0.023
512,0.043
516,0.031
518,0.033
528,0.039
524,0.047
523,0.031
520,0.027
522,0.028
527,0.028
529,0.048
530,0.026
531,0.046
536,0.033
533,0.044
535,0.034
540,0.049
541,0.027
538,0.032
545,0.042
543,0.027
542,0.022
544,0.026
547,0.021
548,0.01
550,0.027
553,0.018
551,0.017
552,0.023
558,0.05
555,0.028
557,0.031
556,0.027
562,0.038
559,0.032
560,0.015
561,0.023
566,0.04
563,0.028
564,0.019
570,0.032
569,0.033
568,0.023
576,0.024
571,0.024
575,0.013
574,0.04
573,0.033
615,0.042
579,0.032
580,0.022
577,0.039
606,0.032
602,0.027
598,0.022
583,0.023
581,0.024
586,0.021
584,0.026
588,0.025
590,0.018
593,0.03
591,0.031
592,0.022
596,0.017
595,0.03
597,0.042
601,0.027
600,0.027
605,0.047
603,0.006
610,0.026
607,0.029
608,0.005
609,0.02
613,0.035
611,0.039
614,0.025
618,0.022
616,0.012
617,0.031
635,0.026
626,0.032
622,0.019
621,0.034
630,0.025
631,0.025
634,0.016
637,0.021
636,0.024
640,0.017
639,0.017
647,0.026
643,0.013
648,0.027
649,0.016
674,0.018
1323,0.016
1293,0.016
1254,0.016
1068,0.017
1027,0.01
826,0.012
686,0.016
69,0.903
82,0.703
119,0.445
131,0.322
154,0.279
174,0.219
184,0.214
252,0.124
321,0.082
344,0.076
346,0.07
364,0.067
374,0.061
405,0.065
426,0.014
417,0.055
453,0.041
455,0.03
517,0.041
472,0.039
477,0.056
482,0.022
487,0.016
495,0.031
504,0.053
526,0.045
534,0.02
546,0.029
565,0.036
578,0.029
587,0.023
628,0.017
623,0.025
632,0.014
633,0.019
645,0.029
644,0.02
638,0.018
646,0.014
675,0.015
672,0.028
653,0.023
658,0.01
654,0.018
667,0.018
678,0.015
676,0.014
679,0.015
685,0.025
684,0.035
778,0.025
698,0.028
688,0.031
689,0.02
690,0.024
696,0.009
708,0.038
703,0.019
699,0.027
705,0.028
704,0.014
706,0.027
707,0.007
715,0.029
709,0.018
713,0.008
714,0.017
728,0.009
718,0.023
719,0.014
724,0.011
727,0.027
726,0.038
748,0.021
734,0.018
735,0.006
747,0.01
736,0.017
738,0.013
740,0.02
744,0.011
745,0.027
746,0.008
757,0.011
749,0.01
755,0.02
753,0.012
756,0.018
774,0.03
759,0.015
758,0.016
765,0.006
764,0.026
767,0.01
766,0.021
769,0.024
768,0.021
775,0.012
783,0.013
779,0.027
797,0.02
785,0.009
786,0.033
789,0.017
788,0.022
787,0.021
796,0.005
795,0.023
799,0.01
800,0.014
816,0.019
805,0.01
804,0.029
814,0.017
806,0.022
817,0.011
819,0.015
818,0.011
820,0.013
825,0.008
829,0.015
828,0.015
941,0.026
836,0.031
835,0.009
838,0.013
837,0.011
848,0.031
846,0.021
847,0.023
840,0.016
920,0.006
887,0.023
867,0.018
849,0.016
856,0.022
858,0.01
859,0.018
861,0.017
868,0.006
869,0.02
875,0.024
876,0.012
877,0.011
879,0.009
901,0.02
893,0.012
889,0.009
898,0.01
897,0.01
895,0.008
904,0.003
899,0.009
908,0.015
906,0.008
905,0.003
911,0.007
909,0.019
916,0.018
915,0.009
918,0.016
917,0.011
927,0.005
921,0.007
926,0.012
925,0.016
930,0.015
928,0.012
938,0.01
931,0.015
936,0.011
939,0.011
940,0.015
950,0.014
947,0.017
944,0.013
945,0.012
946,0.007
949,0.006
948,0.013
967,0.025
957,0.011
951,0.007
955,0.013
956,0.021
959,0.007
958,0.009
961,0.015
966,0.01
962,0.018
990,0.023
969,0.012
980,0.016
977,0.023
971,0.016
978,0.01
979,0.013
988,0.02
982,0.009
981,0.009
985,0.015
986,0.005
987,0.003
989,0.005
1009,0.014
1000,0.005
991,0.024
997,0.008
996,0.009
998,0.018
999,0.003
1002,0.008
1005,0.012
1007,0.011
1006,0.015
1008,0.007
1012,0.012
1010,0.003
1011,0.005
1017,0.012
1022,0.009
1020,0.006
1019,0.016
1021,0.005
1026,0.003
1032,0.015
1029,0.016
1030,0.006
1031,0.003
1038,0.016
1033,0.005
1035,0.002
1036,0.003
1052,0.007
1049,0.011
1039,0.005
1046,0.017
1040,0.006
1041,0.007
1042,0.004
1048,0.004
1047,0.008
1051,0.012
1050,0.007
1058,0.016
1053,0.008
1056,0.008
1057,0.009
1059,0.006
1062,0.017
1061,0.005
1060,0.006
1067,0.004
1247,0.012
1234,0.011
1169,0.016
1153,0.013
1071,0.017
1069,0.009
1149,0.021
1079,0.011
1078,0.006
1081,0.02
1082,0.018
1091,0.014
1083,0.004
1088,0.018
1089,0.013
1129,0.005
1119,0.007
1095,0.003
1092,0.008
1108,0.013
1097,0.019
1099,0.012
1100,0.004
1101,0.016
1107,0.005
1110,0.014
1113,0.009
1117,0.023
1118,0.005
1127,0.005
1120,0.005
1122,0.002
1128,0.002
1140,0.021
1133,0.025
1131,0.008
1137,0.003
1139,0.006
1142,0.003
1141,0.007
1147,0.004
1143,0.001
1150,0.011
1151,0.008
1163,0.006
1158,0.006
1154,0.008
1159,0.004
1161,0.009
1160,0.006
1167,0.005
1168,0.006
1189,0.008
1172,0.007
1171,0.006
1170,0.007
1182,0.006
1178,0.012
1173,0.005
1179,0.004
1181,0.005
1180,0.001
1183,0.003
1187,0.006
1188,0.007
1199,0.01
1192,0.006
1190,0.005
1191,0.001
1194,0.006
1193,0.007
1198,0.007
1210,0.01
1201,0.011
1200,0.007
1204,0.004
1202,0.007
1208,0.007
1206,0.004
1207,0.002
1209,0.01
1221,0.013
1211,0.013
1213,0.013
1212,0.003
1217,0.002
1222,0.01
1224,0.011
1232,0.012
1229,0.009
1231,0.008
1233,0.006
1241,0.009
1239,0.008
1238,0.008
1242,0.004
1251,0.013
1250,0.007
1249,0.003
1253,0.016
1252,0.005
1280,0.015
1260,0.013
1259,0.003
1256,0.003
1258,0.006
1263,0.011
1261,0.006
1269,0.012
1265,0.006
1264,0.006
1270,0.013
1272,0.012
1271,0.01
1275,0.011
1273,0.01
1274,0.004
1279,0.002
1290,0.013
1283,0.013
1282,0.009
1281,0.008
1284,0.005
1288,0.004
1285,0.009
1289,0.005
1291,0.004
1292,0.001
1303,0.015
1300,0.007
1295,0.014
1294,0.002
1296,0.007
1299,0.006
1297,0.007
1302,0.004
1301,0.004
1310,0.014
1305,0.011
1304,0.004
1311,0.005
1306,0.002
1308,0.004
1320,0.012
1312,0.009
1314,0.005
1313,0.004
1318,0.003
1321,0.003
1335,0.011
1327,0.009
1324,0.003
1330,0.011
1328,0.001
1331,0.005
1434,0.01
1355,0.009
1340,0.008
1341,0.004
1338,0.001
1342,0.007
1344,0.007
1343,0.002
1347,0.01
1351,0.003
1349,0.002
1352,0.003
1353,0.003
1354,0.003
1401,0.009
1362,0.007
1361,0.005
1358,0.004
1360,0.005
1372,0.006
1369,0.005
1364,0.006
1370,0.004
1395,0.007
1374,0.004
1385,0.004
1384,0.003
1393,0.006
1390,0.008
1388,0.003
1391,0.003
1392,0.004
1399,0.002
1400,0.001
1405,0.011
1402,0.004
1404,0.004
1431,0.008
1414,0.008
1411,0.005
1406,0.007
1409,0.004
1412,0.005
1413,0.006
1416,0.006
1415,0.003
1424,0.011
1421,0.005
1417,0.006
1419,0.002
1422,0.003
1426,0.005
1425,0.004
1432,0.007
1429,0.001
1433,0.004
1443,0.008
1436,0.006
1435,0.002
1441,0.008
1437,0.003
1439,0.009
1483,0.004
1450,0.007
1445,0.003
1453,0.008
1452,0.007
1455,0.006
1454,0.002
1465,0.008
1462,0.001
1470,0.004
1475,0.005
1471,0.003
1473,0.002
1482,0.007
1480,0.006
1481,0.001
1490,0.005
1485,0.005
1510,0.007
1492,0.003
1493,0.001
1495,0.005
1501,0.006
1504,0.001
1513,0.007
1520,0.003
1576,0.009
88,0.671
86,0.731
84,0.744
72,0.983
56,1.306
62,1.133
60,1.25
59,1.231
58,1.2
61,1.16
63,1.099
66,1.026
65,1.066
67,1.007
71,0.855
73,0.868
79,0.836
76,0.857
75,0.859
78,0.777
77,0.841
80,0.752
83,0.756
85,0.7
90,0.663
89,0.686
92,0.693
91,0.604
97,0.585
94,0.67
93,0.557
95,0.604
96,0.577
99,0.61
98,0.555
101,0.585
103,0.613
102,0.492
105,0.602
110,0.492
108,0.521
106,0.451
104,0.478
107,0.546
112,0.504
109,0.484
113,0.411
116,0.438
171,0.262
148,0.268
141,0.358
129,0.356
115,0.453
114,0.532
127,0.323
123,0.419
120,0.462
118,0.375
117,0.473
121,0.409
125,0.333
124,0.433
126,0.464
128,0.448
134,0.388
132,0.409
135,0.328
136,0.367
139,0.385
138,0.323
140,0.316
144,0.402
145,0.289
159,0.332
149,0.311
153,0.31
155,0.308
161,0.264
162,0.245
164,0.258
166,0.261
168,0.228
170,0.207
173,0.279
175,0.248
176,0.243
181,0.288
179,0.253
178,0.188
180,0.184
196,0.176
183,0.229
185,0.23
191,0.19
187,0.207
188,0.255
194,0.17
197,0.205
200,0.216
201,0.159
203,0.186
205,0.164
214,0.145
122,0.421
207,0.183
210,0.216
213,0.141
216,0.171
218,0.156
223,0.124
222,0.14
224,0.152
227,0.192
226,0.142
232,0.165
470,0.058
292,0.099
258,0.122
239,0.183
234,0.158
235,0.125
253,0.116
256,0.141
257,0.118
265,0.134
266,0.125
270,0.112
278,0.119
283,0.11
291,0.108
298,0.114
308,0.099
313,0.082
352,0.063
326,0.081
338,0.067
339,0.072
348,0.043
361,0.065
360,0.083
369,0.07
370,0.063
378,0.078
375,0.059
401,0.063
395,0.049
400,0.033
439,0.039
404,0.03
414,0.058
418,0.074
430,0.05
435,0.049
443,0.022
460,0.054
461,0.035
468,0.035
481,0.03
492,0.042
497,0.03
513,0.026
521,0.027
539,0.014
589,0.028
236,0.134
240,0.111
243,0.114
244,0.076
249,0.12
279,0.123
282,0.091
296,0.095
297,0.075
304,0.036
309,0.084
319,0.076
332,0.082
347,0.064
366,0.056
365,0.037
377,0.046
456,0.052
500,0.023
572,0.019
582,0.029
585,0.021
594,0.014
599,0.025
604,0.019
612,0.016
619,0.035
666,0.034
662,0.029
620,0.02
627,0.038
624,0.016
629,0.023
642,0.024
641,0.037
651,0.02
652,0.031
657,0.015
655,0.031
656,0.016
661,0.033
659,0.033
665,0.044
663,0.003
669,0.012
670,0.019
671,0.017
680,0.017
683,0.017
693,0.024
697,0.02
694,0.012
721,0.024
384,0.061
1588,0.014
1523,0.01
1505,0.009
993,0.022
824,0.016
677,0.026
668,0.014
700,0.023
682,0.024
691,0.014
702,0.025
712,0.033
717,0.021
729,0.002
730,0.013
737,0.015
751,0.02
742,0.009
752,0.023
809,0.014
754,0.005
762,0.012
763,0.014
777,0.017
807,0.017
790,0.008
801,0.025
808,0.007
811,0.013
813,0.006
812,0.013
821,0.009
815,0.015
822,0.017
823,0.009
827,0.015
834,0.012
839,0.007
844,0.004
845,0.005
851,0.01
857,0.006
922,0.005
870,0.014
862,0.025
872,0.013
874,0.013
873,0.018
883,0.027
884,0.007
885,0.017
894,0.016
907,0.024
910,0.009
934,0.011
923,0.01
933,0.009
924,0.007
929,0.006
943,0.008
935,0.02
942,0.012
954,0.025
953,0.01
960,0.02
964,0.001
965,0.001
983,0.021
1003,0.014
994,0.009
1004,0.009
1014,0.008
1018,0.003
1077,0.015
1043,0.007
1055,0.006
1066,0.01
1076,0.004
1074,0.015
1075,0.023
1086,0.006
1080,0.007
1093,0.004
1090,0.015
1094,0.001
1112,0.007
1102,0.003
1104,0.006
1103,0.003
1114,0.017
1116,0.009
1115,0.003
1130,0.013
1125,0.013
1135,0.005
1134,0.011
1136,0.007
1138,0.004
1148,0.001
1152,0.009
1164,0.004
1162,0.002
1176,0.008
1177,0.005
1174,0.004
1186,0.006
1184,0.004
1197,0.006
1195,0.007
1196,0.01
1214,0.003
1220,0.004
1219,0.005
1226,0.009
1227,0.012
1223,0.004
1236,0.005
1235,0.008
1245,0.005
1237,0.008
1243,0.011
1246,0.005
1257,0.004
1489,0.008
1427,0.008
1268,0.004
1403,0.006
1287,0.008
1286,0.001
1309,0.005
1307,0.001
1316,0.004
1368,0.003
1333,0.003
1319,0.003
1329,0.001
1336,0.002
1337,0.001
1345,0.004
1348,0.002
1366,0.002
1379,0.004
1377,0.002
1378,0.001
1394,0.004
1381,0.002
1396,0.007
1420,0.004
1408,0.004
1428,0.002
1440,0.004
1444,0.004
1451,0.006
1456,0.001
1478,0.004
1479,0.005
1469,0.003
1467,0.002
1486,0.007
1487,0.002
1488,0.002
1500,0.011
1491,0.007
1497,0.007
1498,0.003
1503,0.008
1502,0.003
1511,0.012
1512,0.009
1506,0.001
1518,0.009
1515,0.004
1514,0.004
1517,0.003
1516,0.004
1522,0.001
1586,0.013
1562,0.009
1535,0.009
1530,0.007
1526,0.007
1524,0.005
1527,0.002
1528,0.004
1529,0.006
1536,0.007
1537,0.009
1541,0.008
1539,0.004
1538,0.002
1547,0.008
1542,0.007
1546,0.004
1550,0.009
1548,0.01
1549,0.006
1553,0.006
1551,0.005
1552,0.003
1560,0.007
1554,0.006
1559,0.012
1555,0.001
1556,0.005
1558,0.002
1561,0.004
1564,0.008
1563,0.002
1566,0.004
1565,0.003
1568,0.003
1570,0.001
1574,0.009
1573,0.008
1584,0.007
1575,0.009
1577,0.006
1583,0.001
1587,0.007
1598,0.01
1596,0.003
1589,0.007
1594,0.004
1597,0.001
1626,0.008
1608,0.009
1602,0.008
1609,0.004
1606,0.004
1610,0.009
1614,0.005
1612,0.004
1613,0.003
1622,0.005
1621,0.004
1618,0.004
1623,0.005
1624,0.002
1625,0.001
1681,0.007
1636,0.006
1630,0.004
1632,0.002
1635,0.007
1647,0.003
1637,0.003
1639,0.001
1643,0.004
1645,0.002
1648,0.001
1659,0.003
1649,0.003
1666,0.003
1661,0.005
1662,0.001
1674,0.003
1670,0.004
1671,0.003
1672,0.001
1675,0.001
1680,0.002
1686,0.006
1683,0.004
1684,0.001
1685,0.001
1721,0.008
1695,0.004
1690,0.004
1691,0.002
1692,0.002
1693,0.005
1696,0.005
1719,0.005
1697,0.004
1708,0.005
1699,0.005
1698,0.002
1706,0.006
1704,0.002
1709,0.004
1717,0.003
1710,0.003
1715,0.001
1716,0.002
1718,0.001
1720,0.003
1731,0.007
1723,0.006
1722,0.001
1733,0.004
1724,0.002
1728,0.001
1729,0.002
1783,0.004
1741,0.005
1734,0.001
1746,0.003
1744,0.001
1745,0.003
1776,0.003
1758,0.004
1756,0.003
1759,0.004
1770,0.003
1764,0.001
1765,0.001
1768,0.004
1777,0.003
1778,0.003
1780,0.005
1782,0.002
1807,0.003
1789,0.003
1794,0.002
1791,0.002
1801,0.001
1802,0.003
1803,0.003
1813,0.002
1814,0.003
1816,0.002
1826,0.001
1891,0.008
722,0.028
711,0.03
660,0.02
650,0.024
664,0.006
687,0.019
695,0.02
710,0.014
716,0.019
720,0.031
723,0.005
725,0.015
731,0.016
782,0.027
733,0.015
732,0.01
741,0.023
761,0.014
743,0.011
760,0.01
770,0.022
772,0.019
771,0.016
776,0.028
773,0.006
781,0.023
780,0.019
784,0.005
792,0.016
793,0.031
798,0.021
803,0.012
802,0.011
810,0.016
852,0.003
525,0.016
625,0.016
681,0.018
692,0.021
701,0.023
1908,0.008
1878,0.007
739,0.006
791,0.01
831,0.009
860,0.019
863,0.023
896,0.011
881,0.026
912,0.002
913,0.003
952,0.01
1025,0.002
1045,0.007
1225,0.006
1064,0.006
1073,0.012
1087,0.003
1155,0.001
1175,0.008
1185,0.003
1255,0.007
1240,0.001
1267,0.001
1317,0.001
1332,0.001
1350,0.003
1357,0.002
1375,0.004
1365,0.001
1367,0.002
1373,0.003
1376,0.002
1410,0.001
1418,0.002
1466,0.004
1438,0.004
1449,0.001
1464,0.003
1468,0.004
1472,0.001
1474,0.001
1534,0.006
1484,0.003
1494,0.002
1496,0.001
1508,0.002
1509,0.001
1525,0.005
1532,0.006
1531,0.002
1543,0.005
1540,0.006
1545,0.004
1544,0.003
1557,0.003
1578,0.005
1585,0.005
1591,0.003
1600,0.001
1757,0.005
1619,0.004
1604,0.003
1603,0.002
1620,0.003
1633,0.003
1631,0.005
1629,0.004
1634,0.001
1646,0.002
1650,0.002
1658,0.002
1663,0.002
1665,0.001
1678,0.001
1679,0.005
1727,0.003
1725,0.001
1737,0.003
1739,0.002
1743,0.001
1751,0.002
1752,0.003
1755,0.002
1754,0.001
1784,0.005
1760,0.001
1774,0.003
1771,0.002
1769,0.001
1772,0.002
1775,0.002
1781,0.001
1799,0.003
1790,0.002
1785,0.001
1792,0.004
1797,0.006
1810,0.003
1805,0.001
1812,0.002
1811,0.001
1876,0.005
1863,0.006
1819,0.005
1827,0.004
1850,0.003
1842,0.002
1843,0.003
1847,0.002
1845,0.002
1848,0.001
1849,0.003
1852,0.006
1851,0.003
1858,0.002
1857,0.005
1862,0.001
1865,0.004
1872,0.003
1874,0.004
1875,0.001
1877,0.005
1904,0.007
1883,0.011
1880,0.005
1879,0.002
1881,0.001
1889,0.007
1890,0.002
1893,0.005
1892,0.002
1905,0.003
1894,0.002
1895,0.003
1901,0.002
1906,0.006
1907,0.001
1921,0.008
1919,0.006
1910,0.004
1909,0.002
1917,0.004
1918,0.001
1922,0.003
1934,0.008
1923,0.008
1925,0.003
1924,0.001
1935,0.006
1927,0.002
1928,0.001
1986,0.008
1969,0.007
1936,0.006
1949,0.006
1938,0.004
1944,0.004
1939,0.002
1947,0.001
1950,0.001
1956,0.005
1951,0.003
1955,0.001
1958,0.009
1957,0.001
1965,0.007
1966,0.003
1960,0.002
1962,0.001
1968,0.001
1978,0.012
1971,0.005
1970,0.001
1972,0.005
1984,0.006
1982,0.009
1981,0.003
1985,0.006
1997,0.008
1987,0.004
1994,0.003
1995,0.005
1996,0.001
2010,0.007
1998,0.004
2003,0.005
2008,0.002
2011,0.001
2148,0.007
2012,0.006
2016,0.007
2014,0.005
2027,0.005
2023,0.002
2024,0.003
2025,0.001
2026,0.003
2130,0.005
2108,0.004
2043,0.003
2041,0.003
2028,0.001
2029,0.001
2031,0.001
2033,0.001
2039,0.002
2040,0.001
2042,0.005
2044,0.005
2092,0.007
2089,0.002
2045,0.003
2054,0.006
2056,0.003
2076,0.002
2078,0.001
2084,0.001
2091,0.001
2093,0.004
2099,0.001
2104,0.002
2105,0.002
2106,0.006
2107,0.001
2113,0.005
2121,0.003
2114,0.002
2115,0.004
2116,0.002
2119,0.004
2122,0.006
2123,0.005
2136,0.003
2133,0.002
2132,0.001
2135,0.005
2146,0.002
2147,0.002
2144,0.001
2150,0.004
2149,0.001
2153,0.003
2151,0.005
2152,0.001
2164,0.006
2161,0.003
2154,0.001
2155,0.001
2158,0.005
2162,0.002
2163,0.003
2220,0.005
2165,0.002
2192,0.002
2166,0.003
2176,0.001
2214,0.002
2205,0.001
2212,0.001
2268,0.004
2236,0.002
2225,0.001
2226,0.001
2243,0.002
2240,0.001
2241,0.003
2250,0.002
2253,0.001
2256,0.002
2258,0.001
2259,0.003
2270,0.001
2272,0.003
2363,0.002
1065,0.012
890,0.016
841,0.015
830,0.004
832,0.005
842,0.015
850,0.006
855,0.017
853,0.02
866,0.02
864,0.01
865,0.015
871,0.007
880,0.011
882,0.012
888,0.002
892,0.011
900,0.01
902,0.005
914,0.005
919,0.003
932,0.006
970,0.02
976,0.009
972,0.002
974,0.008
992,0.004
1063,0.008
1034,0.001
1054,0.013
1072,0.009
1084,0.005
1098,0.007
1106,0.015
1105,0.003
1109,0.004
1111,0.008
1123,0.013
1124,0.001
1126,0.004
1132,0.006
1144,0.01
1230,0.011
1157,0.003
1166,0.006
1205,0.006
1203,0.003
1216,0.003
1228,0.003
1244,0.001
1277,0.003
1278,0.002
3937,0.011
3910,0.008
3816,0.007
3777,0.006
2453,0.005
963,0.013
1145,0.001
1248,0.001
1325,0.001
1326,0.001
1386,0.002
1387,0.001
1447,0.001
1507,0.001
1581,0.002
1607,0.002
1611,0.002
1615,0.001
1628,0.001
1676,0.003
1762,0.004
1732,0.001
1763,0.001
1796,0.002
1844,0.002
1913,0.002
1884,0.001
1900,0.002
1914,0.005
1930,0.001
1931,0.001
1943,0.001
1948,0.001
2021,0.002
1999,0.004
2059,0.007
2034,0.006
2051,0.001
2064,0.004
2086,0.002
2069,0.001
2087,0.001
2190,0.004
2100,0.004
2096,0.003
2129,0.001
2185,0.004
2160,0.004
2159,0.003
2173,0.001
2251,0.004
2203,0.002
2216,0.001
2238,0.003
2351,0.004
2294,0.003
2263,0.002
2276,0.002
2277,0.001
2281,0.001
2302,0.005
2298,0.001
2311,0.003
2303,0.001
2306,0.002
2324,0.001
2328,0.002
2336,0.003
2332,0.001
2341,0.002
2337,0.005
2389,0.004
2355,0.003
2354,0.001
2368,0.003
2359,0.003
2367,0.002
2388,0.003
2384,0.002
2371,0.001
2398,0.005
2394,0.002
2415,0.005
2402,0.001
2414,0.001
2420,0.008
2418,0.001
2419,0.002
2445,0.006
2422,0.001
2454,0.001
2977,0.005
2506,0.006
2462,0.004
2458,0.001
2484,0.003
2480,0.002
2463,0.003
2475,0.001
2476,0.001
2483,0.002
2492,0.002
2488,0.002
2505,0.002
2510,0.004
2509,0.006
2515,0.004
2512,0.001
2514,0.001
2544,0.011
2519,0.009
2535,0.007
2540,0.002
2734,0.004
2696,0.003
2545,0.003
2548,0.002
2578,0.002
2570,0.006
2575,0.001
2601,0.005
2579,0.006
2609,0.003
2605,0.001
2644,0.005
2610,0.004
2613,0.002
2628,0.006
2630,0.002
2635,0.001
2666,0.001
2669,0.001
2674,0.001
2691,0.001
2695,0.001
2705,0.003
2704,0.002
2721,0.002
2725,0.002
2730,0.001
2791,0.006
2752,0.003
2736,0.001
2747,0.001
2764,0.003
2765,0.002
2777,0.002
2782,0.002
2778,0.001
2785,0.004
2787,0.002
2843,0.005
2821,0.003
2794,0.002
2812,0.002
2795,0.001
2816,0.002
2813,0.001
2820,0.002
2825,0.002
2842,0.001
2869,0.005
2850,0.003
2847,0.001
2855,0.002
2851,0.001
2856,0.001
2911,0.004
2899,0.003
2876,0.002
2873,0.001
2881,0.002
2877,0.001
2890,0.002
2898,0.001
2907,0.001
2912,0.004
2945,0.004
2934,0.003
2930,0.001
2932,0.001
2933,0.001
2938,0.002
2942,0.002
2941,0.002
2947,0.004
2946,0.001
2959,0.001
2969,0.003
2968,0.002
2975,0.003
2976,0.001
3156,0.005
2990,0.004
2978,0.002
2993,0.001
2999,0.003
2994,0.001
2997,0.001
3020,0.003
3003,0.002
3002,0.001
3007,0.002
3006,0.001
3017,0.001
3018,0.001
3025,0.003
3021,0.002
3023,0.001
3027,0.002
3032,0.003
3028,0.001
3049,0.002
3034,0.001
3050,0.001
3081,0.004
3055,0.003
3054,0.001
3080,0.003
3058,0.002
3063,0.002
3059,0.001
3064,0.002
3067,0.002
3068,0.002
3088,0.004
3082,0.001
3084,0.001
3089,0.001
3099,0.004
3090,0.002
3096,0.001
3097,0.001
3111,0.001
3116,0.002
3114,0.001
3115,0.001
3120,0.001
3128,0.001
3141,0.001
3144,0.001
3146,0.002
3150,0.002
3148,0.001
3153,0.002
3514,0.005
3202,0.004
3159,0.003
3158,0.001
3172,0.003
3175,0.001
3185,0.003
3176,0.002
3177,0.002
3183,0.002
3180,0.001
3184,0.001
3189,0.003
3206,0.004
3203,0.001
3204,0.001
3505,0.004
3209,0.003
3238,0.003
3215,0.002
3210,0.001
3214,0.001
3235,0.001
3236,0.001
3246,0.003
3240,0.002
3239,0.001
3245,0.002
3241,0.001
3244,0.001
3267,0.003
3264,0.002
3248,0.001
3249,0.001
3250,0.001
3262,0.001
3265,0.001
3287,0.003
3270,0.001
3271,0.001
3278,0.001
3279,0.001
3483,0.003
3304,0.002
3291,0.001
3292,0.001
3297,0.001
3415,0.002
3327,0.001
3332,0.001
3341,0.001
3352,0.001
3353,0.001
3357,0.001
3366,0.001
3370,0.001
3383,0.001
3384,0.001
3395,0.001
3401,0.001
3413,0.001
3418,0.002
3426,0.002
3420,0.001
3431,0.001
3432,0.002
3448,0.002
3444,0.001
3453,0.002
3454,0.001
3471,0.002
3455,0.001
3457,0.001
3461,0.001
3478,0.001
3482,0.001
3491,0.002
3486,0.001
3492,0.002
3503,0.001
3504,0.001
3507,0.001
3509,0.001
3512,0.001
3517,0.001
3630,0.005
3548,0.003
3522,0.002
3551,0.002
3539,0.001
3543,0.001
3595,0.002
3552,0.001
3564,0.001
3569,0.001
3581,0.001
3599,0.002
3611,0.002
3600,0.001
3612,0.001
3625,0.002
3629,0.001
3639,0.004
3631,0.001
3634,0.001
3638,0.001
3655,0.003
3643,0.001
3664,0.003
3672,0.003
3695,0.003
3673,0.002
3694,0.002
3685,0.001
3686,0.001
3690,0.001
3693,0.001
3702,0.001
3725,0.005
3720,0.004
3708,0.003
3703,0.001
3715,0.001
3716,0.001
3724,0.002
3757,0.005
3733,0.004
3726,0.002
3728,0.001
3729,0.001
3750,0.004
3745,0.002
3746,0.001
3751,0.004
3755,0.002
3754,0.001
3767,0.005
3760,0.004
3759,0.003
3763,0.002
3778,0.003
3798,0.006
3781,0.005
3780,0.002
3779,0.001
3786,0.005
3782,0.004
3785,0.001
3793,0.002
3790,0.001
3807,0.006
3803,0.001
3814,0.005
3810,0.002
3815,0.001
3820,0.004
3817,0.002
3823,0.002
3824,0.001
3842,0.007
3841,0.004
3837,0.001
3868,0.007
3846,0.005
3849,0.001
3855,0.004
3853,0.003
3850,0.001
3866,0.002
3879,0.006
3876,0.002
3875,0.001
3884,0.006
3885,0.004
3895,0.004
3898,0.004
3897,0.001
3906,0.004
3901,0.003
3902,0.001
3933,0.006
3928,0.004
3914,0.003
3911,0.001
3919,0.002
3915,0.001
3927,0.001
3931,0.003
3932,0.001
3936,0.001
3989,0.009
3975,0.007
3970,0.006
3944,0.005
3940,0.002
3941,0.001
3957,0.005
3945,0.001
3962,0.005
3958,0.001
3963,0.004
3966,0.003
3967,0.002
3976,0.002
4019,0.007
3997,0.005
3996,0.001
4022,0.004
4006,0.001
4024,0.005
4023,0.003
4032,0.005
4031,0.002
4297,0.005
4057,0.004
4036,0.001
4053,0.001
4204,0.004
4179,0.003
4079,0.002
4066,0.001
4087,0.002
4080,0.001
4083,0.001
4088,0.002
4096,0.002
4091,0.001
4109,0.001
4118,0.001
4157,0.002
4153,0.001
4156,0.001
4178,0.002
4187,0.003
4182,0.001
4222,0.003
4213,0.002
4208,0.001
4209,0.001
4212,0.001
4217,0.001
4248,0.003
4231,0.002
4229,0.001
4234,0.001
4239,0.001
4243,0.001
4247,0.001
4291,0.003
4256,0.002
4274,0.002
4264,0.001
4273,0.001
4278,0.002
4290,0.001
4292,0.001
4299,0.001
4309,0.005
4300,0.003
4307,0.003
4304,0.001
4308,0.001
4320,0.001
4330,0.003
4325,0.002
4326,0.002
4329,0.001
4368,0.003
4331,0.002
4338,0.002
4334,0.001
4355,0.002
4446,0.003
4398,0.001
4411,0.001
4412,0.001
4416,0.001
4425,0.001
4428,0.001
4450,0.001
4532,0.003
4454,0.002
4472,0.002
4459,0.001
4481,0.001
4485,0.001
4507,0.001
4541,0.001
4562,0.001
833,0.017
843,0.012
854,0.012
878,0.012
891,0.006
937,0.022
903,0.013
975,0.012
1001,0.007
1013,0.009
2621,0.011
2538,0.009
2504,0.007
2077,0.006
1460,0.004
1215,0.001
1298,0.001
1359,0.001
1371,0.001
1397,0.001
1398,0.001
1448,0.002
1457,0.002
1477,0.001
1567,0.002
1569,0.001
1593,0.004
1592,0.001
1601,0.004
1638,0.001
1861,0.005
1673,0.004
1641,0.003
1656,0.003
1653,0.002
1654,0.002
1736,0.003
1713,0.001
1742,0.002
1748,0.001
1779,0.001
1834,0.004
1800,0.001
1820,0.003
1817,0.001
1821,0.003
1823,0.002
1824,0.001
1830,0.001
1831,0.001
1856,0.004
1840,0.002
1835,0.001
1837,0.001
1903,0.004
1898,0.002
1897,0.001
1915,0.001
1916,0.002
1920,0.002
1933,0.003
1932,0.001
1941,0.003
1952,0.002
1953,0.002
1963,0.004
1961,0.001
1979,0.002
1993,0.003
2005,0.002
2017,0.002
2018,0.001
2019,0.001
2022,0.001
2035,0.002
2038,0.004
2036,0.001
2052,0.004
2053,0.001
2066,0.005
2063,0.003
2062,0.002
2074,0.002
2103,0.005
2097,0.004
2080,0.002
2079,0.001
2085,0.001
2094,0.001
2102,0.003
2098,0.002
2138,0.005
2120,0.003
2125,0.001
2137,0.001
2397,0.005
2143,0.002
2140,0.001
2174,0.001
2314,0.003
2181,0.002
2180,0.001
2191,0.002
2186,0.001
2221,0.002
2194,0.001
2195,0.001
2206,0.001
2215,0.001
2217,0.001
2218,0.001
2257,0.002
2227,0.001
2229,0.001
2244,0.001
2279,0.002
2264,0.001
2266,0.001
2274,0.001
2284,0.002
2287,0.001
2295,0.002
2297,0.002
2299,0.002
2304,0.001
2322,0.003
2318,0.002
2320,0.001
2335,0.002
2323,0.001
2327,0.001
2342,0.003
2339,0.002
2344,0.002
2340,0.001
2356,0.003
2345,0.001
2366,0.003
2364,0.002
2379,0.002
2376,0.001
2386,0.001
2387,0.001
2396,0.001
2413,0.003
2400,0.002
2399,0.001
2407,0.002
2401,0.001
2408,0.001
2417,0.002
2466,0.005
2428,0.004
2421,0.001
2425,0.001
2440,0.002
2441,0.002
2448,0.001
2457,0.002
2460,0.001
2464,0.001
2465,0.001
2477,0.002
2468,0.001
2481,0.005
2485,0.004
2482,0.001
2500,0.004
2486,0.001
2503,0.004
2517,0.001
2521,0.007
2520,0.001
2526,0.005
2522,0.001
2529,0.002
2536,0.001
2543,0.004
2556,0.007
2549,0.004
2589,0.007
2561,0.005
2558,0.002
2557,0.001
2559,0.002
2564,0.005
2562,0.002
2568,0.005
2569,0.001
2571,0.001
2580,0.001
2584,0.004
2582,0.003
2581,0.001
2583,0.001
2585,0.003
2586,0.001
2603,0.007
2596,0.001
2608,0.005
2606,0.004
2604,0.001
2607,0.001
2614,0.001
2618,0.001
2647,0.01
2625,0.008
2622,0.003
2624,0.001
2641,0.005
2629,0.002
2638,0.002
2662,0.007
2650,0.006
2659,0.006
2658,0.003
2660,0.001
2661,0.001
2680,0.007
2678,0.006
2679,0.002
2864,0.007
2688,0.005
2682,0.004
2684,0.001
2687,0.001
2811,0.004
2703,0.003
2699,0.002
2690,0.001
2698,0.001
2702,0.002
2700,0.001
2788,0.003
2709,0.002
2732,0.002
2710,0.001
2719,0.001
2720,0.001
2727,0.001
2768,0.002
2739,0.001
2742,0.001
2771,0.001
2779,0.001
2805,0.002
2800,0.001
2801,0.001
2808,0.001
2818,0.004
2832,0.004
2822,0.002
2819,0.001
2829,0.002
2826,0.001
2828,0.001
2830,0.001
2861,0.003
2846,0.002
2837,0.001
2848,0.002
2849,0.001
2859,0.002
2860,0.001
2863,0.002
2887,0.005
2870,0.003
2865,0.001
2868,0.001
2872,0.003
2875,0.002
2883,0.002
2884,0.002
2879,0.001
2885,0.002
2892,0.002
2909,0.001
2952,0.002
2926,0.001
2949,0.001
2961,0.002
2967,0.002
2966,0.001
2981,0.001
2984,0.001
2987,0.001
3004,0.001
3041,0.001
3151,0.001
750,0.018
886,0.004
973,0.001
1016,0.008
1015,0.002
1023,0.004
1024,0.002
1044,0.001
1096,0.004
1121,0.002
