0,2.238
1,1.169
2,5.011
3,4.889
4,8.42
5,8.237
6,11.778
7,12.296
8,12.669
9,10.717
10,10.295
11,8.811
12,7.913
13,7.045
14,6.82
15,6.132
16,5.801
17,5.369
18,5.116
19,4.614
20,4.475
21,4.106
22,3.897
23,3.732
24,3.564
25,3.312
26,3.167
27,3.022
28,2.875
29,2.755
30,2.614
31,2.475
32,2.397
33,2.306
34,2.193
35,2.165
36,2.043
37,2.003
38,1.927
39,1.869
40,1.793
41,1.757
42,1.681
43,1.657
44,1.573
45,1.56
46,1.471
47,1.479
48,1.42
49,1.347
50,1.325
52,1.26
53,1.208
54,1.208
423,0.081
484,0.03
673,0.012
726,0.025
794,0.019
968,0.016
978,0.015
984,0.015
995,0.004
1027,0.01
1036,0.009
1141,0.013
1218,0.005
1262,0.012
1322,0.008
1382,0.003
1418,0.003
1442,0.011
1461,0.002
1522,0.01
1572,0.013
1624,0.003
1660,0.001
1685,0.007
1815,0.002
1833,0.001
1834,0.002
1885,0.001
1987,0.004
1997,0.003
2004,0.004
2012,0.004
2056,0.009
2057,0.002
2116,0.004
2127,0.002
2128,0.001
2134,0.005
2142,0.004
2178,0.002
2230,0.001
2237,0.004
2246,0.004
2248,0.001
2255,0.002
2291,0.001
2308,0.001
2349,0.001
2359,0.002
2437,0.001
2478,0.001
2479,0.003
2497,0.006
2507,0.001
2532,0.001
2540,0.008
2566,0.006
2592,0.001
2593,0.002
2617,0.001
2619,0.001
2626,0.002
2628,0.003
2651,0.001
2654,0.001
2686,0.001
2712,0.001
2722,0.002
2738,0.001
2739,0.002
2775,0.001
2799,0.002
2833,0.001
2834,0.002
2877,0.002
2895,0.001
2903,0.004
2922,0.001
2929,0.003
2956,0.001
2963,0.004
2971,0.002
2973,0.001
2983,0.001
3014,0.001
3025,0.001
3032,0.002
3034,0.001
3040,0.001
3041,0.002
3051,0.002
3077,0.001
3084,0.003
3086,0.001
3093,0.002
3101,0.001
3112,0.002
3138,0.001
3145,0.002
3154,0.005
3155,0.001
3162,0.001
3164,0.001
3171,0.003
3173,0.001
3207,0.001
3215,0.001
3223,0.001
3233,0.001
3257,0.001
3259,0.001
3265,0.004
3282,0.001
3285,0.001
3292,0.001
3293,0.002
3326,0.002
3336,0.002
3343,0.001
3344,0.001
3345,0.001
3386,0.002
3387,0.001
3388,0.001
3397,0.002
3440,0.001
3447,0.003
3455,0.001
3465,0.001
3466,0.001
3474,0.001
3498,0.001
3499,0.001
3518,0.001
3524,0.001
3527,0.001
3534,0.002
3535,0.001
3561,0.002
3568,0.001
3585,0.001
3593,0.001
3594,0.003
3595,0.002
3596,0.003
3639,0.001
3654,0.001
3656,0.001
3681,0.001
3689,0.002
3699,0.004
3742,0.001
3758,0.004
3774,0.001
3818,0.001
3819,0.005
3828,0.001
3835,0.001
3836,0.002
3861,0.001
3862,0.001
3863,0.001
3871,0.006
3887,0.001
3888,0.001
3890,0.001
3896,0.001
3922,0.002
3931,0.004
3948,0.001
3982,0.001
3993,0.003
4000,0.001
4008,0.001
4010,0.001
4017,0.002
4043,0.002
4044,0.001
4052,0.002
4062,0.002
4069,0.001
4104,0.001
4113,0.001
4120,0.001
4121,0.001
4122,0.003
4129,0.001
4138,0.001
4139,0.001
4140,0.001
4172,0.001
4174,0.001
4182,0.003
4183,0.003
4185,0.001
4190,0.001
4191,0.001
4193,0.001
4198,0.001
4199,0.002
4200,0.005
4225,0.001
4226,0.001
4233,0.001
4244,0.002
4253,0.001
4285,0.001
4286,0.001
4287,0.001
4294,0.002
4295,0.006
4302,0.002
4311,0.001
4312,0.001
4319,0.001
4321,0.002
4346,0.002
4354,0.001
4356,0.001
4363,0.001
4371,0.002
4380,0.001
4382,0.001
4406,0.001
4414,0.001
4416,0.002
4424,0.002
4433,0.002
4441,0.001
4475,0.001
4477,0.002
4483,0.001
4485,0.004
4493,0.001
4501,0.004
4503,0.002
4527,0.001
4535,0.001
4536,0.002
4537,0.002
4544,0.001
4545,0.002
4552,0.001
4555,0.001
4562,0.003
4587,0.003
4588,0.001
4589,0.001
4596,0.001
4597,0.002
4604,0.001
4606,0.001
4607,0.001
4613,0.001
4614,0.001
4615,0.002
4622,0.002
4624,0.001
4634,0.001
4648,0.001
4656,0.001
4657,0.001
4658,0.001
4665,0.001
4666,0.001
4673,0.001
4674,0.001
4675,0.001
4676,0.001
4682,0.002
4683,0.002
4684,0.002
4703,0.001
4708,0.001
4709,0.001
4710,0.001
4716,0.001
4717,0.002
4719,0.001
4725,0.001
4727,0.001
4728,0.001
4735,0.001
4743,0.001
4744,0.001
4769,0.001
4770,0.001
4771,0.003
4777,0.003
4778,0.001
4779,0.001
4786,0.003
4788,0.001
4794,0.002
4796,0.001
4803,0.001
4804,0.001
4824,0.001
4829,0.003
4831,0.001
4837,0.001
4838,0.001
4840,0.001
4845,0.001
4846,0.001
4847,0.003
4890,0.001
4892,0.002
4898,0.004
4899,0.002
4900,0.002
4907,0.001
4909,0.001
4916,0.002
4917,0.001
4918,0.001
4924,0.001
4925,0.001
4927,0.001
4950,0.002
4952,0.001
4959,0.001
4961,0.002
4967,0.003
4968,0.001
4969,0.001
4976,0.002
4984,0.001
5010,0.002
5011,0.002
5012,0.001
5013,0.003
5019,0.003
5020,0.001
5021,0.002
5028,0.002
5030,0.002
5037,0.001
5038,0.001
5039,0.001
5073,0.001
5074,0.001
5082,0.001
5089,0.001
5090,0.001
5091,0.001
5097,0.001
5141,0.001
5144,0.001
5151,0.001
5157,0.001
5201,0.001
5203,0.001
5209,0.001
5210,0.001
5211,0.001
5212,0.001
5219,0.002
5226,0.001
5254,0.001
5260,0.002
5272,0.001
5280,0.002
5288,0.001
5331,0.001
5339,0.001
5350,0.001
5374,0.001
5375,0.001
5383,0.001
5384,0.002
5385,0.001
5391,0.001
5392,0.001
5393,0.001
5396,0.001
5400,0.001
5402,0.001
5409,0.001
5410,0.001
5411,0.001
5435,0.001
5448,0.001
5451,0.001
5461,0.001
5462,0.001
5468,0.002
5470,0.001
5494,0.002
5495,0.002
5506,0.001
5512,0.001
5514,0.001
5520,0.001
5521,0.002
5529,0.002
5531,0.001
5555,0.002
5556,0.002
5564,0.002
5566,0.001
5571,0.001
5573,0.002
5574,0.002
5580,0.001
5581,0.002
5582,0.001
5583,0.001
5589,0.001
5591,0.001
5624,0.001
5625,0.001
5627,0.001
5632,0.001
5641,0.003
5642,0.002
5643,0.002
5651,0.001
5654,0.001
5669,0.001
5677,0.001
5678,0.001
5684,0.002
5685,0.002
5687,0.001
5693,0.001
5694,0.001
5695,0.001
5696,0.001
5701,0.002
5702,0.001
5703,0.001
5710,0.002
5712,0.001
5736,0.001
5738,0.001
5739,0.001
5746,0.001
5748,0.001
5762,0.001
5763,0.001
5781,0.001
5797,0.002
5799,0.002
5806,0.002
5808,0.002
5814,0.001
5815,0.001
5816,0.001
5817,0.003
5823,0.001
5825,0.003
5832,0.001
5858,0.001
5860,0.002
5866,0.002
5868,0.002
5876,0.001
5877,0.002
5883,0.001
5884,0.001
5885,0.002
5886,0.001
5891,0.001
5892,0.001
5893,0.002
5894,0.003
5926,0.001
5927,0.001
5929,0.001
5934,0.001
5935,0.001
5936,0.001
5937,0.002
5943,0.001
5944,0.001
5945,0.002
5946,0.001
5952,0.003
5953,0.001
5954,0.001
5955,0.001
5981,0.002
5986,0.001
5987,0.001
5988,0.001
5989,0.001
5995,0.001
5997,0.001
5998,0.001
5999,0.001
6003,0.001
6005,0.001
6006,0.002
6013,0.001
6015,0.002
6039,0.001
6040,0.002
6041,0.002
6042,0.001
6047,0.001
6048,0.001
6049,0.001
6050,0.001
6056,0.001
6057,0.002
6058,0.001
6066,0.001
6068,0.001
6074,0.001
6099,0.002
6101,0.003
6103,0.001
6109,0.001
6112,0.001
6116,0.001
6117,0.001
6120,0.001
6126,0.002
6129,0.001
6134,0.001
6135,0.001
6136,0.001
6160,0.002
6161,0.001
6162,0.001
6163,0.001
6165,0.001
6168,0.001
6170,0.002
6171,0.001
6177,0.002
6178,0.001
6179,0.001
6186,0.002
6188,0.002
6193,0.001
6194,0.001
6196,0.002
6197,0.001
6198,0.001
6201,0.001
6222,0.001
6223,0.002
6229,0.001
6232,0.001
6234,0.001
6238,0.002
6256,0.001
6257,0.001
6283,0.001
6289,0.002
6291,0.001
6292,0.001
6294,0.001
6298,0.001
6300,0.002
6307,0.002
6309,0.002
6316,0.002
6319,0.001
6341,0.001
6342,0.001
6343,0.001
6344,0.001
6350,0.001
6352,0.001
6353,0.001
6355,0.001
6363,0.001
6367,0.001
6376,0.001
6377,0.002
6378,0.001
6402,0.004
6405,0.001
6406,0.001
6408,0.001
6410,0.001
6411,0.001
6413,0.001
6420,0.001
6422,0.001
6429,0.001
6439,0.001
6470,0.001
6471,0.002
6472,0.001
6473,0.001
6479,0.001
6481,0.002
6483,0.001
6485,0.001
6488,0.001
6489,0.001
6494,0.001
6496,0.001
6498,0.001
6501,0.001
6523,0.001
6531,0.002
6532,0.001
6536,0.001
6540,0.001
6541,0.001
6544,0.001
6549,0.001
6558,0.001
6559,0.001
6575,0.001
6583,0.001
6587,0.001
6595,0.001
6609,0.001
6620,0.001
6646,0.001
6655,0.001
6656,0.002
6663,0.001
6664,0.001
6673,0.001
6713,0.001
6724,0.001
6732,0.001
6744,0.001
6773,0.001
6776,0.001
6791,0.001
6795,0.001
6800,0.001
6802,0.001
6804,0.001
6820,0.001
6826,0.001
6828,0.002
6831,0.001
6833,0.001
6835,0.001
6837,0.001
6839,0.001
6842,0.001
6863,0.001
6887,0.001
6895,0.001
6898,0.001
6905,0.001
6909,0.001
6912,0.001
6920,0.001
6930,0.001
6947,0.002
6955,0.001
6957,0.001
6959,0.001
6965,0.002
6973,0.001
6975,0.001
6983,0.001
6984,0.001
7007,0.001
7008,0.001
7009,0.001
7010,0.001
7015,0.001
7016,0.001
7018,0.001
7019,0.001
7025,0.001
7026,0.002
7027,0.002
7036,0.002
7043,0.001
7045,0.001
7068,0.001
7069,0.001
7078,0.001
7080,0.001
7094,0.001
7095,0.001
7097,0.002
7104,0.002
7105,0.001
7123,0.001
7129,0.001
7130,0.001
7132,0.002
7138,0.002
7158,0.001
7189,0.002
7190,0.002
7192,0.002
7199,0.002
7202,0.001
7223,0.001
7224,0.001
7226,0.003
7252,0.001
7259,0.003
7260,0.001
7261,0.001
7267,0.001
7268,0.002
7277,0.001
7285,0.002
7286,0.002
7287,0.002
7318,0.001
7328,0.002
7330,0.003
7337,0.001
7344,0.001
7345,0.001
7347,0.001
7371,0.001
7373,0.001
7374,0.001
7380,0.001
7389,0.001
7390,0.002
7397,0.003
7399,0.001
7406,0.001
7407,0.001
7431,0.001
7432,0.001
7433,0.003
7440,0.002
7441,0.001
7442,0.003
7448,0.002
7449,0.002
7450,0.002
7451,0.001
7457,0.001
7458,0.002
7459,0.001
7466,0.001
7467,0.001
7468,0.001
7491,0.001
7492,0.001
7493,0.002
7494,0.001
7500,0.001
7501,0.001
7502,0.001
7503,0.002
7509,0.003
7510,0.001
7511,0.004
7517,0.001
7518,0.001
7519,0.002
7520,0.004
7521,0.002
7526,0.004
7527,0.002
7528,0.002
7535,0.001
7552,0.003
7553,0.001
7554,0.004
7555,0.001
7557,0.001
7561,0.003
7562,0.003
7563,0.001
7570,0.001
7571,0.003
7572,0.002
7573,0.001
7580,0.002
7582,0.001
7587,0.001
7588,0.002
7589,0.003
7597,0.001
7605,0.001
7612,0.003
7613,0.002
7614,0.002
7615,0.002
7621,0.001
7622,0.003
7623,0.002
7624,0.001
7629,0.001
7630,0.002
7631,0.001
7632,0.007
7633,0.001
7638,0.001
7639,0.002
7640,0.001
7641,0.001
7647,0.001
7649,0.003
7674,0.004
7675,0.001
7676,0.001
7682,0.004
7683,0.003
7684,0.004
7690,0.003
7691,0.001
7692,0.001
7693,0.001
7694,0.001
7699,0.001
7700,0.002
7701,0.002
7702,0.001
7708,0.004
7710,0.001
7733,0.001
7734,0.005
7735,0.002
7736,0.003
7743,0.001
7744,0.001
7745,0.003
7751,0.003
7753,0.004
7754,0.002
7760,0.004
7761,0.001
7762,0.003
7768,0.003
7769,0.004
7770,0.002
7771,0.003
7794,0.003
7795,0.001
7796,0.001
7797,0.004
7798,0.002
7804,0.002
7805,0.001
7812,0.005
7813,0.002
7821,0.003
7822,0.001
7823,0.002
7829,0.001
7830,0.003
7831,0.001
7832,0.001
7855,0.004
7856,0.003
7857,0.001
7863,0.002
7864,0.002
7865,0.004
7866,0.003
7872,0.001
7873,0.001
7874,0.001
7875,0.002
7876,0.001
7881,0.001
7882,0.002
7883,0.002
7884,0.002
7889,0.002
7891,0.004
7915,0.001
7916,0.001
7917,0.001
7918,0.001
7924,0.001
7925,0.003
7926,0.003
7927,0.001
7932,0.002
7933,0.001
7934,0.005
7941,0.001
7942,0.002
7943,0.004
7944,0.001
7950,0.002
7952,0.003
7968,0.001
7976,0.005
7977,0.004
7978,0.002
7984,0.001
7985,0.002
7986,0.004
7987,0.003
7988,0.001
7993,0.003
7994,0.002
7995,0.002
7996,0.001
8013,0.001
8036,0.003
8037,0.004
8038,0.002
8039,0.003
8045,0.003
8046,0.001
8047,0.004
8049,0.001
8054,0.001
8063,0.003
8064,0.001
8065,0.001
8074,0.001
8096,0.002
8105,0.001
8106,0.002
8114,0.001
8116,0.002
8124,0.001
8125,0.001
8132,0.001
8158,0.003
8167,0.001
8175,0.001
8176,0.001
8183,0.001
8184,0.002
8185,0.001
8192,0.002
8194,0.001
8218,0.001
8236,0.001
8238,0.001
8245,0.001
8304,0.001
8314,0.001
8315,0.001
8339,0.001
8356,0.002
8357,0.001
8358,0.001
8365,0.001
8366,0.001
8367,0.002
8368,0.001
8374,0.001
8400,0.001
8401,0.001
8410,0.001
8418,0.001
8419,0.001
8425,0.002
8426,0.001
8427,0.001
8434,0.003
8435,0.001
8436,0.001
8445,0.001
8459,0.001
8461,0.002
8468,0.001
8478,0.001
8479,0.001
8480,0.001
8486,0.001
8489,0.001
8494,0.003
8495,0.002
8496,0.001
8497,0.001
8523,0.001
8524,0.001
8540,0.001
8546,0.002
8548,0.001
8580,0.001
8581,0.002
8582,0.001
8583,0.001
8585,0.001
8589,0.001
8591,0.002
8599,0.001
8600,0.001
8606,0.001
8607,0.001
8608,0.001
8609,0.001
8615,0.001
8616,0.001
8617,0.001
8618,0.001
8626,0.001
8641,0.002
8650,0.003
8652,0.001
8653,0.001
8654,0.001
8659,0.002
8660,0.004
8661,0.001
8667,0.001
8669,0.001
8670,0.001
8711,0.002
8712,0.002
8729,0.002
8736,0.001
8737,0.001
8771,0.001
8772,0.001
8780,0.001
8796,0.001
8823,0.001
8832,0.001
8851,0.001
8857,0.001
8858,0.001
8859,0.001
8884,0.001
8900,0.001
8909,0.001
8919,0.001
8945,0.001
8946,0.001
8947,0.001
8954,0.001
8963,0.001
8970,0.001
9003,0.001
9014,0.001
9039,0.003
9074,0.001
9082,0.001
9084,0.001
9091,0.001
9125,0.001
9376,0.001
51,1.315
56,1.157
60,1.049
64,0.954
65,0.884
68,0.867
70,0.831
73,0.755
77,0.734
78,0.687
81,0.664
87,0.623
100,0.476
108,0.429
111,0.381
126,0.359
129,0.325
133,0.328
134,0.315
137,0.299
141,0.292
142,0.269
143,0.317
146,0.286
147,0.264
150,0.265
151,0.28
152,0.243
154,0.247
155,0.249
157,0.235
159,0.267
163,0.257
165,0.235
166,0.223
169,0.21
172,0.221
177,0.178
181,0.227
185,0.177
189,0.162
191,0.19
192,0.176
194,0.153
195,0.172
198,0.185
202,0.168
204,0.152
206,0.16
207,0.153
208,0.152
209,0.18
211,0.17
215,0.131
216,0.146
217,0.144
219,0.132
220,0.143
221,0.133
224,0.133
228,0.157
229,0.117
230,0.128
233,0.13
234,0.124
237,0.119
238,0.141
241,0.143
242,0.11
245,0.118
246,0.139
247,0.122
248,0.126
249,0.093
250,0.116
251,0.101
254,0.113
255,0.119
259,0.124
261,0.119
262,0.097
263,0.107
267,0.105
268,0.106
270,0.083
271,0.099
272,0.079
273,0.118
274,0.077
275,0.094
276,0.099
277,0.097
280,0.1
281,0.088
284,0.074
285,0.078
286,0.091
288,0.088
290,0.096
293,0.096
295,0.075
298,0.096
299,0.089
301,0.063
302,0.119
303,0.042
305,0.076
306,0.071
307,0.079
310,0.076
311,0.08
312,0.065
313,0.075
314,0.079
315,0.062
316,0.071
317,0.085
319,0.056
322,0.075
323,0.077
324,0.057
325,0.078
326,0.081
327,0.074
328,0.06
329,0.066
330,0.076
332,0.073
333,0.056
335,0.063
336,0.076
337,0.062
340,0.055
341,0.078
342,0.071
344,0.072
348,0.07
349,0.067
350,0.058
351,0.063
353,0.072
354,0.065
355,0.056
356,0.058
357,0.078
358,0.06
359,0.081
362,0.09
363,0.055
367,0.053
371,0.057
372,0.046
373,0.053
375,0.066
379,0.049
380,0.042
381,0.052
382,0.081
383,0.046
384,0.055
385,0.065
387,0.058
388,0.055
389,0.041
390,0.063
392,0.058
393,0.043
394,0.049
395,0.05
396,0.062
397,0.05
398,0.045
399,0.033
401,0.054
402,0.048
403,0.037
405,0.041
406,0.044
407,0.059
408,0.051
409,0.053
410,0.057
411,0.046
412,0.051
414,0.043
415,0.028
416,0.054
418,0.053
419,0.051
420,0.037
421,0.018
422,0.059
424,0.049
426,0.054
427,0.037
428,0.046
429,0.049
430,0.046
431,0.044
432,0.041
433,0.056
434,0.031
435,0.045
436,0.042
437,0.042
439,0.048
440,0.035
441,0.042
442,0.027
443,0.04
444,0.05
445,0.035
446,0.056
447,0.033
448,0.039
449,0.039
450,0.035
451,0.05
452,0.034
453,0.049
454,0.03
457,0.046
458,0.035
459,0.046
462,0.049
463,0.033
464,0.05
465,0.044
466,0.042
467,0.033
469,0.048
471,0.037
473,0.036
474,0.029
475,0.036
476,0.046
478,0.036
479,0.043
480,0.039
483,0.065
485,0.023
487,0.04
488,0.036
489,0.024
491,0.041
492,0.038
493,0.031
494,0.038
496,0.037
497,0.023
498,0.042
500,0.03
501,0.046
502,0.035
504,0.025
505,0.044
506,0.028
507,0.032
508,0.033
509,0.026
511,0.035
512,0.018
513,0.032
514,0.029
515,0.034
516,0.034
517,0.026
518,0.037
519,0.027
520,0.025
522,0.028
523,0.038
524,0.023
526,0.028
527,0.035
528,0.039
529,0.04
530,0.039
531,0.039
532,0.022
533,0.028
534,0.022
535,0.04
536,0.033
537,0.025
539,0.054
540,0.031
541,0.014
542,0.012
543,0.038
544,0.034
545,0.037
547,0.008
548,0.043
549,0.018
550,0.022
552,0.033
553,0.026
554,0.029
555,0.024
556,0.036
557,0.038
558,0.025
560,0.026
561,0.031
562,0.024
563,0.022
565,0.045
566,0.02
567,0.032
568,0.024
569,0.03
570,0.013
571,0.027
573,0.035
574,0.015
575,0.018
576,0.047
577,0.018
578,0.04
579,0.02
580,0.018
581,0.032
582,0.021
583,0.019
584,0.024
586,0.021
587,0.02
588,0.025
590,0.028
591,0.016
592,0.033
593,0.018
595,0.018
596,0.03
597,0.02
598,0.018
599,0.036
600,0.019
601,0.018
602,0.006
604,0.045
605,0.029
606,0.024
607,0.013
608,0.013
609,0.036
610,0.021
611,0.022
612,0.026
613,0.03
614,0.029
615,0.019
616,0.029
617,0.022
618,0.03
621,0.021
622,0.024
623,0.019
626,0.043
627,0.016
630,0.024
631,0.013
634,0.031
636,0.02
638,0.013
639,0.026
642,0.018
644,0.033
647,0.024
649,0.021
669,0.016
674,0.019
69,0.847
82,0.654
119,0.379
131,0.339
160,0.225
171,0.218
173,0.19
180,0.192
184,0.185
203,0.172
213,0.149
252,0.115
304,0.09
321,0.087
331,0.066
343,0.075
345,0.058
352,0.062
364,0.034
391,0.055
404,0.043
413,0.047
417,0.062
425,0.026
455,0.051
472,0.047
477,0.037
482,0.021
486,0.01
495,0.045
546,0.016
564,0.029
585,0.016
625,0.016
628,0.021
632,0.018
633,0.017
635,0.014
637,0.02
643,0.015
645,0.008
646,0.026
648,0.014
653,0.018
655,0.018
658,0.007
665,0.03
667,0.011
668,0.011
672,0.02
675,0.015
677,0.017
678,0.013
683,0.028
684,0.023
685,0.022
686,0.025
687,0.015
688,0.025
689,0.014
690,0.014
695,0.01
697,0.029
699,0.028
703,0.024
704,0.017
705,0.035
706,0.012
707,0.028
708,0.022
709,0.017
713,0.012
714,0.026
716,0.02
717,0.023
718,0.008
719,0.034
724,0.023
727,0.016
728,0.009
729,0.005
734,0.009
735,0.013
737,0.013
738,0.016
740,0.016
743,0.017
744,0.01
745,0.02
746,0.003
747,0.016
748,0.009
749,0.021
753,0.008
755,0.021
756,0.007
758,0.015
764,0.012
766,0.014
768,0.015
769,0.024
774,0.011
775,0.031
776,0.018
778,0.02
779,0.025
783,0.007
784,0.006
785,0.032
786,0.019
787,0.018
788,0.02
789,0.011
795,0.01
796,0.011
797,0.022
798,0.014
799,0.008
800,0.016
804,0.012
806,0.015
807,0.012
814,0.007
815,0.021
816,0.009
817,0.012
818,0.014
819,0.012
825,0.015
827,0.016
828,0.018
830,0.011
835,0.023
836,0.009
837,0.011
838,0.012
839,0.014
845,0.019
846,0.023
847,0.026
848,0.015
849,0.013
850,0.002
856,0.008
857,0.009
858,0.016
860,0.013
866,0.019
868,0.02
870,0.01
875,0.019
876,0.014
877,0.007
879,0.022
880,0.013
887,0.009
888,0.012
889,0.009
890,0.012
893,0.015
895,0.012
896,0.006
897,0.011
898,0.012
900,0.019
901,0.007
904,0.004
905,0.005
907,0.013
908,0.011
909,0.014
910,0.007
911,0.006
912,0.003
915,0.014
916,0.01
917,0.013
919,0.006
920,0.003
921,0.008
925,0.014
926,0.006
927,0.005
928,0.011
929,0.012
930,0.012
931,0.012
936,0.018
937,0.012
939,0.015
940,0.018
941,0.011
944,0.014
945,0.008
946,0.014
948,0.007
949,0.009
950,0.013
951,0.007
955,0.015
956,0.011
958,0.007
959,0.02
961,0.017
962,0.007
966,0.023
969,0.013
970,0.017
976,0.019
977,0.01
979,0.009
980,0.011
981,0.01
982,0.018
985,0.007
986,0.006
987,0.013
988,0.007
989,0.021
990,0.014
991,0.013
992,0.014
996,0.011
997,0.017
998,0.008
999,0.004
1000,0.003
1001,0.014
1005,0.008
1006,0.007
1007,0.008
1008,0.012
1009,0.005
1010,0.005
1011,0.012
1016,0.011
1017,0.004
1018,0.011
1019,0.006
1020,0.008
1021,0.011
1022,0.007
1026,0.009
1028,0.016
1029,0.007
1030,0.006
1031,0.011
1032,0.008
1035,0.002
1037,0.014
1038,0.009
1039,0.004
1040,0.003
1041,0.004
1042,0.005
1046,0.006
1048,0.012
1049,0.004
1050,0.013
1051,0.008
1052,0.012
1056,0.004
1057,0.016
1058,0.007
1059,0.007
1060,0.006
1061,0.016
1062,0.009
1067,0.013
1068,0.011
1069,0.005
1070,0.015
1071,0.009
1072,0.016
1078,0.011
1079,0.01
1080,0.023
1081,0.012
1082,0.006
1087,0.013
1088,0.015
1090,0.016
1091,0.008
1092,0.008
1095,0.002
1097,0.005
1099,0.007
1100,0.009
1105,0.012
1107,0.01
1109,0.009
1111,0.007
1112,0.009
1113,0.014
1117,0.006
1118,0.009
1120,0.003
1122,0.013
1127,0.007
1128,0.006
1130,0.007
1132,0.011
1133,0.012
1136,0.002
1138,0.005
1139,0.016
1142,0.001
1143,0.002
1147,0.003
1148,0.017
1149,0.011
1150,0.003
1152,0.013
1154,0.003
1157,0.006
1159,0.005
1160,0.007
1161,0.006
1163,0.005
1167,0.006
1168,0.011
1169,0.007
1170,0.008
1171,0.007
1172,0.007
1173,0.003
1178,0.008
1179,0.004
1180,0.002
1181,0.007
1182,0.005
1183,0.004
1187,0.008
1188,0.004
1189,0.004
1190,0.005
1191,0.001
1192,0.007
1193,0.005
1194,0.004
1198,0.01
1199,0.007
1200,0.011
1201,0.005
1203,0.004
1204,0.007
1206,0.003
1207,0.006
1208,0.011
1209,0.006
1210,0.012
1211,0.01
1212,0.005
1213,0.008
1217,0.002
1220,0.009
1221,0.006
1222,0.007
1223,0.007
1224,0.006
1227,0.007
1228,0.011
1229,0.007
1230,0.006
1231,0.01
1232,0.007
1233,0.012
1238,0.012
1239,0.006
1240,0.008
1241,0.005
1242,0.002
1243,0.013
1247,0.006
1248,0.004
1249,0.007
1250,0.006
1251,0.003
1252,0.012
1253,0.018
1254,0.005
1255,0.003
1256,0.005
1258,0.009
1259,0.006
1260,0.008
1261,0.011
1263,0.008
1264,0.005
1267,0.004
1268,0.011
1269,0.012
1270,0.008
1271,0.011
1272,0.012
1273,0.007
1274,0.009
1278,0.005
1279,0.013
1280,0.008
1281,0.008
1282,0.009
1283,0.005
1284,0.007
1285,0.003
1288,0.003
1289,0.01
1290,0.006
1291,0.005
1292,0.009
1293,0.003
1294,0.01
1295,0.006
1296,0.009
1298,0.006
1299,0.008
1300,0.003
1301,0.005
1302,0.01
1303,0.006
1304,0.01
1305,0.004
1307,0.004
1309,0.012
1310,0.003
1311,0.012
1312,0.003
1313,0.006
1314,0.001
1318,0.003
1319,0.012
1320,0.003
1321,0.011
1323,0.005
1324,0.004
1327,0.001
1329,0.011
1330,0.003
1331,0.012
1335,0.001
1338,0.001
1339,0.006
1340,0.005
1341,0.003
1342,0.003
1343,0.006
1344,0.007
1347,0.005
1348,0.003
1349,0.001
1350,0.004
1351,0.004
1352,0.003
1353,0.004
1354,0.008
1355,0.002
1358,0.003
1359,0.002
1360,0.005
1361,0.008
1362,0.003
1363,0.002
1364,0.006
1369,0.005
1371,0.007
1373,0.01
1374,0.002
1384,0.004
1388,0.006
1389,0.001
1390,0.005
1392,0.006
1393,0.003
1394,0.007
1396,0.004
1399,0.005
1400,0.007
1402,0.004
1403,0.006
1404,0.006
1405,0.006
1406,0.004
1409,0.003
1410,0.006
1412,0.007
1413,0.006
1414,0.004
1415,0.006
1416,0.005
1420,0.003
1421,0.004
1423,0.01
1424,0.004
1425,0.006
1426,0.007
1429,0.001
1430,0.006
1431,0.009
1432,0.004
1433,0.008
1434,0.004
1435,0.004
1436,0.003
1438,0.006
1440,0.01
1444,0.003
1445,0.002
1450,0.004
1451,0.007
1452,0.005
1454,0.007
1463,0.002
1465,0.005
1470,0.002
1472,0.002
1474,0.006
1480,0.005
1481,0.009
1482,0.003
1484,0.002
1485,0.005
1490,0.006
1491,0.006
1492,0.004
1494,0.006
1495,0.002
1501,0.003
1504,0.007
1505,0.002
1510,0.011
1512,0.006
1514,0.005
1520,0.004
1575,0.009
55,1.16
57,1.096
58,1.091
59,1.062
61,0.973
62,1.004
63,0.941
66,0.932
67,0.878
71,0.82
72,0.792
74,0.734
75,0.78
76,0.717
79,0.69
80,0.68
83,0.663
84,0.62
85,0.632
86,0.591
88,0.578
89,0.587
90,0.545
91,0.605
92,0.508
93,0.576
94,0.523
95,0.551
96,0.495
97,0.517
98,0.535
99,0.48
101,0.469
102,0.519
104,0.478
110,0.461
103,0.464
105,0.45
106,0.457
107,0.45
109,0.419
113,0.394
116,0.395
117,0.384
121,0.383
112,0.441
114,0.43
115,0.379
118,0.382
120,0.367
122,0.374
123,0.342
124,0.372
125,0.338
127,0.327
128,0.369
130,0.306
132,0.333
135,0.309
136,0.324
138,0.312
139,0.303
140,0.301
144,0.259
145,0.295
148,0.276
153,0.265
156,0.249
158,0.255
161,0.246
162,0.225
164,0.213
167,0.222
168,0.221
170,0.209
174,0.22
175,0.223
176,0.213
178,0.206
179,0.188
182,0.176
183,0.21
186,0.197
187,0.175
188,0.195
190,0.182
193,0.164
196,0.183
197,0.152
200,0.169
201,0.14
205,0.158
214,0.155
149,0.268
199,0.159
210,0.139
212,0.127
218,0.147
222,0.135
223,0.128
225,0.134
226,0.151
227,0.127
231,0.132
236,0.13
253,0.099
256,0.098
257,0.114
260,0.105
264,0.108
266,0.108
269,0.107
278,0.109
279,0.073
282,0.094
283,0.092
287,0.092
289,0.074
291,0.086
294,0.081
300,0.063
308,0.089
309,0.084
318,0.081
334,0.073
338,0.059
339,0.065
346,0.058
347,0.041
360,0.047
366,0.05
368,0.063
369,0.058
370,0.052
374,0.067
377,0.067
386,0.053
400,0.05
438,0.036
460,0.03
461,0.026
468,0.036
470,0.023
481,0.009
490,0.028
503,0.045
510,0.023
521,0.028
525,0.035
538,0.015
551,0.019
559,0.016
589,0.015
232,0.131
235,0.117
239,0.124
240,0.115
243,0.081
244,0.133
258,0.094
265,0.096
292,0.074
296,0.091
297,0.088
320,0.06
361,0.047
365,0.058
376,0.06
378,0.044
456,0.029
499,0.031
572,0.028
594,0.018
603,0.018
619,0.027
620,0.022
624,0.029
629,0.026
640,0.019
641,0.023
650,0.018
651,0.029
652,0.018
654,0.026
656,0.024
659,0.039
660,0.017
661,0.03
662,0.004
663,0.005
664,0.036
666,0.017
670,0.024
671,0.024
679,0.016
680,0.016
692,0.02
694,0.021
701,0.017
721,0.028
657,0.014
676,0.018
681,0.031
691,0.023
693,0.008
702,0.015
712,0.014
736,0.013
739,0.018
742,0.016
750,0.012
751,0.025
759,0.008
762,0.012
763,0.022
765,0.016
777,0.018
790,0.004
802,0.02
808,0.01
809,0.017
811,0.011
812,0.01
813,0.013
820,0.008
821,0.014
822,0.01
823,0.011
824,0.007
826,0.011
834,0.016
844,0.003
851,0.003
859,0.018
862,0.015
863,0.008
869,0.005
871,0.011
872,0.025
873,0.008
874,0.013
881,0.017
882,0.012
884,0.015
906,0.023
922,0.006
923,0.013
924,0.013
933,0.012
934,0.007
935,0.015
942,0.011
943,0.008
947,0.012
953,0.02
954,0.016
957,0.008
960,0.012
964,0.001
965,0.005
967,0.015
994,0.007
1002,0.007
1003,0.011
1004,0.015
1014,0.006
1044,0.008
1055,0.01
1065,0.007
1066,0.007
1074,0.025
1075,0.004
1076,0.012
1077,0.005
1086,0.005
1089,0.011
1093,0.001
1094,0.001
1098,0.01
1101,0.005
1103,0.005
1110,0.008
1114,0.011
1115,0.009
1116,0.015
1124,0.01
1134,0.008
1135,0.006
1137,0.006
1151,0.009
1153,0.006
1162,0.002
1165,0.007
1175,0.006
1176,0.005
1177,0.005
1184,0.003
1185,0.007
1186,0.004
1195,0.012
1197,0.004
1202,0.005
1214,0.002
1219,0.005
1225,0.009
1226,0.01
1234,0.009
1235,0.003
1236,0.01
1237,0.004
1244,0.006
1245,0.002
1246,0.004
1257,0.003
1275,0.003
1286,0.006
1308,0.005
1316,0.003
1326,0.003
1332,0.002
1333,0.002
1336,0.003
1345,0.003
1346,0.002
1365,0.003
1367,0.005
1372,0.003
1377,0.004
1378,0.002
1379,0.005
1381,0.002
1383,0.002
1385,0.001
1395,0.006
1401,0.004
1407,0.001
1408,0.003
1417,0.002
1419,0.005
1428,0.003
1437,0.005
1439,0.005
1441,0.001
1443,0.004
1449,0.004
1453,0.002
1455,0.003
1464,0.008
1467,0.002
1468,0.006
1469,0.003
1473,0.002
1476,0.001
1477,0.005
1478,0.004
1479,0.004
1486,0.006
1488,0.011
1489,0.001
1497,0.003
1498,0.003
1499,0.008
1500,0.009
1502,0.006
1503,0.005
1506,0.001
1511,0.004
1513,0.004
1515,0.001
1516,0.005
1517,0.007
1518,0.003
1521,0.001
1523,0.002
1524,0.006
1525,0.006
1526,0.002
1527,0.006
1528,0.003
1529,0.009
1533,0.005
1534,0.009
1535,0.004
1536,0.007
1537,0.008
1538,0.001
1539,0.006
1540,0.01
1541,0.002
1542,0.009
1546,0.01
1547,0.006
1548,0.009
1549,0.008
1550,0.005
1551,0.002
1552,0.006
1553,0.003
1554,0.002
1555,0.005
1557,0.008
1558,0.006
1559,0.007
1560,0.004
1561,0.008
1562,0.003
1563,0.005
1564,0.007
1566,0.001
1567,0.002
1568,0.002
1570,0.005
1571,0.007
1573,0.008
1574,0.007
1576,0.005
1577,0.006
1583,0.007
1585,0.016
1586,0.003
1587,0.013
1588,0.004
1592,0.007
1594,0.002
1595,0.006
1596,0.002
1597,0.007
1598,0.006
1602,0.005
1606,0.001
1607,0.009
1608,0.004
1609,0.007
1610,0.001
1611,0.004
1612,0.002
1613,0.005
1614,0.001
1618,0.005
1619,0.003
1620,0.004
1621,0.004
1623,0.001
1625,0.007
1630,0.004
1631,0.004
1632,0.007
1635,0.009
1636,0.001
1637,0.002
1638,0.004
1639,0.004
1643,0.002
1645,0.002
1646,0.003
1647,0.001
1649,0.004
1659,0.001
1661,0.004
1662,0.002
1666,0.001
1667,0.002
1670,0.006
1671,0.003
1673,0.006
1675,0.001
1679,0.003
1680,0.009
1682,0.003
1683,0.002
1684,0.001
1686,0.001
1690,0.002
1691,0.002
1692,0.002
1694,0.005
1695,0.001
1696,0.006
1697,0.002
1698,0.006
1699,0.003
1704,0.002
1705,0.002
1706,0.005
1708,0.005
1709,0.002
1711,0.001
1715,0.003
1716,0.003
1717,0.002
1718,0.002
1719,0.004
1720,0.004
1721,0.004
1722,0.003
1723,0.004
1727,0.003
1728,0.001
1729,0.002
1730,0.005
1731,0.003
1733,0.005
1734,0.002
1741,0.002
1742,0.002
1744,0.002
1745,0.003
1746,0.002
1756,0.008
1758,0.003
1759,0.003
1764,0.001
1767,0.003
1769,0.003
1771,0.006
1776,0.002
1777,0.003
1778,0.001
1779,0.002
1780,0.003
1782,0.005
1783,0.006
1789,0.004
1791,0.003
1794,0.005
1801,0.001
1802,0.004
1806,0.003
1807,0.001
1813,0.003
1817,0.004
1826,0.001
1890,0.007
682,0.011
696,0.017
698,0.016
700,0.022
710,0.026
711,0.024
715,0.021
720,0.021
722,0.006
725,0.032
730,0.014
731,0.008
732,0.014
733,0.011
741,0.008
754,0.017
757,0.015
760,0.011
770,0.014
771,0.014
772,0.01
773,0.022
780,0.023
781,0.025
782,0.009
791,0.024
792,0.019
793,0.025
803,0.019
810,0.007
852,0.019
752,0.01
723,0.001
801,0.005
805,0.018
831,0.003
833,0.009
883,0.007
938,0.008
952,0.009
971,0.004
1012,0.008
1025,0.002
1034,0.003
1043,0.003
1045,0.013
1064,0.007
1073,0.007
1125,0.008
1131,0.01
1140,0.005
1146,0.005
1155,0.004
1196,0.003
1287,0.005
1317,0.001
1334,0.001
1357,0.002
1375,0.001
1376,0.002
1391,0.002
1397,0.004
1411,0.002
1427,0.001
1466,0.003
1483,0.002
1496,0.002
1508,0.001
1509,0.003
1531,0.004
1532,0.003
1543,0.001
1544,0.004
1556,0.003
1578,0.003
1579,0.004
1589,0.003
1590,0.003
1591,0.001
1600,0.004
1601,0.002
1603,0.003
1604,0.001
1605,0.003
1617,0.003
1622,0.003
1629,0.003
1633,0.001
1634,0.001
1648,0.002
1650,0.003
1658,0.003
1663,0.002
1665,0.001
1676,0.006
1678,0.001
1707,0.001
1710,0.001
1725,0.001
1726,0.001
1735,0.001
1736,0.004
1737,0.001
1739,0.003
1740,0.001
1743,0.002
1751,0.002
1753,0.002
1754,0.002
1755,0.001
1760,0.002
1768,0.001
1770,0.001
1773,0.003
1774,0.001
1775,0.001
1785,0.001
1792,0.002
1797,0.005
1798,0.001
1799,0.002
1805,0.002
1810,0.002
1811,0.002
1812,0.001
1814,0.007
1816,0.003
1819,0.002
1821,0.003
1827,0.002
1835,0.002
1836,0.001
1842,0.002
1843,0.003
1845,0.001
1846,0.001
1847,0.001
1848,0.001
1849,0.006
1850,0.002
1851,0.006
1852,0.001
1857,0.005
1858,0.001
1862,0.004
1864,0.004
1866,0.003
1872,0.001
1874,0.002
1875,0.007
1876,0.003
1877,0.006
1878,0.002
1879,0.006
1880,0.006
1881,0.005
1883,0.004
1888,0.006
1889,0.002
1891,0.002
1892,0.006
1893,0.001
1894,0.003
1896,0.001
1901,0.001
1903,0.008
1904,0.001
1905,0.006
1906,0.002
1907,0.007
1908,0.003
1909,0.004
1911,0.002
1917,0.002
1918,0.008
1920,0.011
1921,0.003
1922,0.003
1923,0.003
1924,0.002
1926,0.002
1927,0.001
1928,0.001
1932,0.004
1933,0.009
1934,0.002
1935,0.007
1936,0.002
1937,0.002
1938,0.005
1942,0.004
1944,0.001
1947,0.001
1948,0.007
1950,0.003
1952,0.003
1955,0.01
1956,0.001
1957,0.004
1958,0.003
1959,0.001
1960,0.001
1962,0.001
1963,0.006
1965,0.005
1966,0.001
1968,0.007
1970,0.005
1971,0.001
1972,0.006
1978,0.009
1981,0.009
1983,0.007
1984,0.003
1985,0.008
1986,0.002
1994,0.002
1995,0.003
1996,0.008
1998,0.006
2003,0.002
2008,0.003
2009,0.006
2010,0.001
2011,0.005
2015,0.006
2016,0.002
2023,0.002
2024,0.003
2025,0.001
2026,0.006
2027,0.001
2028,0.001
2029,0.001
2031,0.001
2033,0.006
2038,0.002
2039,0.002
2040,0.001
2041,0.005
2042,0.005
2043,0.002
2044,0.004
2049,0.001
2054,0.002
2076,0.007
2078,0.001
2084,0.002
2089,0.001
2091,0.007
2093,0.003
2099,0.006
2104,0.003
2105,0.004
2106,0.003
2107,0.003
2108,0.003
2113,0.002
2114,0.004
2115,0.001
2118,0.001
2119,0.006
2121,0.006
2122,0.005
2123,0.005
2130,0.001
2132,0.002
2135,0.003
2136,0.002
2144,0.001
2145,0.001
2146,0.002
2147,0.009
2148,0.002
2149,0.002
2150,0.002
2151,0.003
2152,0.003
2154,0.001
2156,0.002
2158,0.001
2160,0.003
2161,0.002
2162,0.003
2163,0.006
2164,0.001
2165,0.002
2166,0.002
2176,0.001
2177,0.002
2192,0.001
2199,0.001
2205,0.001
2212,0.002
2214,0.004
2220,0.002
2225,0.001
2229,0.003
2236,0.001
2240,0.001
2242,0.003
2243,0.001
2250,0.005
2253,0.001
2256,0.002
2258,0.004
2259,0.002
2268,0.002
2270,0.001
2272,0.003
2283,0.001
2363,0.002
761,0.012
829,0.003
832,0.014
840,0.012
841,0.016
843,0.003
853,0.01
854,0.017
855,0.011
861,0.024
864,0.021
865,0.011
867,0.008
885,0.007
892,0.01
899,0.01
902,0.013
914,0.01
918,0.004
932,0.009
972,0.002
975,0.01
983,0.005
1013,0.007
1047,0.002
1053,0.004
1054,0.006
1063,0.009
1083,0.006
1096,0.015
1104,0.008
1106,0.007
1108,0.009
1119,0.003
1121,0.003
1123,0.003
1126,0.005
1144,0.002
1156,0.002
1158,0.004
1164,0.001
1166,0.002
1174,0.005
1216,0.001
1277,0.001
1297,0.001
842,0.008
963,0.007
993,0.009
1145,0.001
1325,0.001
1386,0.001
1387,0.001
1447,0.001
1460,0.003
1507,0.001
1581,0.002
1615,0.004
1628,0.001
1642,0.001
1689,0.001
1693,0.005
1732,0.001
1749,0.003
1762,0.003
1788,0.003
1793,0.002
1796,0.002
1823,0.002
1840,0.004
1844,0.002
1884,0.002
1900,0.005
1913,0.001
1914,0.002
1930,0.001
1931,0.002
1943,0.001
1961,0.006
1974,0.001
1999,0.001
2021,0.003
2030,0.001
2034,0.002
2051,0.001
2059,0.004
2060,0.001
2064,0.003
2069,0.002
2086,0.001
2087,0.001
2095,0.001
2112,0.001
2120,0.001
2126,0.001
2129,0.001
2155,0.001
2159,0.004
2173,0.001
2181,0.003
2185,0.003
2186,0.004
2190,0.002
2203,0.001
2207,0.001
2216,0.002
2238,0.002
2241,0.002
2251,0.001
2263,0.002
2267,0.002
2276,0.002
2277,0.001
2281,0.003
2293,0.003
2294,0.002
2298,0.004
2302,0.003
2306,0.003
2307,0.003
2311,0.003
2324,0.003
2328,0.002
2332,0.003
2336,0.004
2337,0.004
2341,0.008
2351,0.001
2354,0.003
2358,0.003
2362,0.003
2367,0.004
2371,0.002
2384,0.001
2385,0.003
2388,0.004
2393,0.002
2394,0.001
2397,0.005
2401,0.001
2402,0.003
2414,0.004
2418,0.002
2419,0.007
2421,0.001
2423,0.003
2445,0.004
2449,0.005
2453,0.003
2458,0.003
2462,0.004
2475,0.001
2476,0.001
2480,0.007
2483,0.007
2484,0.002
2488,0.004
2492,0.002
2505,0.007
2506,0.005
2509,0.004
2510,0.001
2512,0.001
2514,0.004
2518,0.002
2523,0.006
2535,0.002
2536,0.001
2544,0.004
2548,0.001
2570,0.002
2575,0.002
2578,0.005
2600,0.002
2604,0.005
2605,0.001
2609,0.004
2613,0.002
2630,0.002
2635,0.002
2644,0.011
2665,0.001
2666,0.001
2669,0.001
2674,0.001
2687,0.006
2691,0.001
2695,0.003
2700,0.001
2704,0.005
2717,0.002
2721,0.002
2725,0.002
2730,0.006
2734,0.001
2736,0.001
2747,0.003
2752,0.001
2756,0.001
2760,0.003
2764,0.002
2765,0.002
2777,0.003
2778,0.001
2782,0.002
2785,0.004
2786,0.001
2787,0.001
2790,0.004
2794,0.001
2795,0.002
2812,0.002
2813,0.001
2816,0.001
2820,0.005
2821,0.002
2825,0.003
2838,0.001
2842,0.004
2846,0.002
2847,0.005
2850,0.002
2851,0.001
2855,0.001
2868,0.005
2872,0.003
2873,0.002
2876,0.002
2881,0.002
2890,0.001
2898,0.003
2907,0.001
2908,0.003
2911,0.001
2912,0.004
2931,0.001
2932,0.002
2933,0.002
2937,0.002
2938,0.001
2941,0.003
2942,0.004
2945,0.001
2946,0.003
2958,0.001
2967,0.003
2968,0.002
2969,0.002
2972,0.002
2975,0.001
2976,0.004
2977,0.002
2989,0.003
2990,0.003
2993,0.001
2994,0.001
2997,0.001
2998,0.002
2999,0.001
3001,0.001
3002,0.002
3006,0.002
3017,0.001
3019,0.003
3021,0.002
3024,0.004
3027,0.002
3028,0.003
3033,0.001
3037,0.002
3049,0.003
3050,0.002
3054,0.003
3055,0.002
3058,0.001
3062,0.002
3063,0.002
3064,0.002
3067,0.002
3068,0.003
3080,0.004
3081,0.001
3082,0.001
3085,0.003
3088,0.002
3089,0.001
3090,0.001
3094,0.001
3096,0.001
3097,0.002
3098,0.002
3099,0.001
3100,0.001
3111,0.002
3114,0.001
3115,0.001
3116,0.001
3120,0.001
3127,0.001
3140,0.001
3141,0.001
3144,0.002
3147,0.001
3149,0.002
3150,0.001
3153,0.002
3156,0.001
3158,0.003
3170,0.001
3172,0.001
3175,0.002
3176,0.002
3179,0.001
3181,0.002
3183,0.001
3184,0.003
3188,0.003
3201,0.004
3203,0.001
3205,0.004
3206,0.001
3209,0.001
3211,0.001
3214,0.002
3216,0.001
3219,0.001
3235,0.003
3236,0.001
3238,0.001
3239,0.001
3240,0.001
3242,0.001
3244,0.002
3245,0.003
3248,0.001
3249,0.001
3261,0.002
3262,0.001
3264,0.001
3267,0.001
3270,0.001
3274,0.002
3278,0.001
3279,0.003
3287,0.001
3291,0.001
3297,0.002
3304,0.001
3331,0.001
3341,0.001
3352,0.001
3356,0.001
3358,0.001
3366,0.001
3370,0.001
3383,0.001
3395,0.001
3400,0.001
3412,0.001
3414,0.002
3416,0.001
3417,0.001
3419,0.001
3421,0.001
3422,0.001
3426,0.001
3431,0.002
3443,0.001
3449,0.001
3452,0.002
3453,0.001
3454,0.001
3456,0.001
3460,0.001
3461,0.002
3471,0.001
3473,0.002
3477,0.001
3479,0.001
3482,0.003
3486,0.001
3487,0.001
3491,0.002
3492,0.001
3503,0.002
3504,0.003
3505,0.001
3507,0.001
3509,0.001
3512,0.002
3513,0.003
3517,0.001
3521,0.002
3539,0.001
3543,0.002
3547,0.003
3548,0.001
3551,0.001
3552,0.001
3564,0.001
3569,0.001
3581,0.001
3599,0.002
3604,0.002
3611,0.001
3612,0.002
3625,0.002
3629,0.005
3631,0.001
3633,0.001
3634,0.001
3638,0.004
3642,0.002
3643,0.002
3655,0.001
3660,0.003
3664,0.001
3668,0.003
3672,0.003
3673,0.001
3685,0.001
3686,0.001
3690,0.001
3693,0.002
3694,0.002
3695,0.001
3698,0.005
3702,0.001
3703,0.003
3708,0.001
3715,0.002
3716,0.002
3720,0.004
3724,0.006
3725,0.001
3726,0.001
3728,0.001
3729,0.004
3733,0.003
3745,0.001
3746,0.005
3750,0.004
3751,0.001
3754,0.004
3755,0.002
3757,0.001
3759,0.003
3760,0.001
3763,0.005
3767,0.001
3776,0.007
3777,0.001
3779,0.002
3780,0.004
3781,0.003
3782,0.001
3785,0.005
3789,0.001
3790,0.001
3793,0.001
3794,0.005
3798,0.001
3802,0.001
3806,0.006
3807,0.002
3810,0.001
3811,0.004
3814,0.001
3815,0.007
3816,0.001
3817,0.001
3820,0.002
3823,0.002
3824,0.005
3837,0.005
3841,0.008
3845,0.005
3846,0.001
3849,0.002
3850,0.001
3853,0.001
3854,0.004
3855,0.001
3866,0.001
3867,0.007
3872,0.002
3875,0.004
3876,0.003
3879,0.001
3880,0.005
3884,0.007
3885,0.002
3895,0.001
3897,0.004
3898,0.003
3901,0.001
3902,0.004
3906,0.008
3910,0.003
3911,0.002
3914,0.001
3915,0.002
3919,0.001
3927,0.004
3928,0.003
3932,0.004
3933,0.001
3936,0.011
3937,0.002
3940,0.003
3941,0.002
3944,0.002
3945,0.004
3957,0.001
3958,0.005
3962,0.005
3963,0.003
3966,0.006
3967,0.003
3970,0.003
3971,0.005
3975,0.003
3976,0.001
3988,0.01
3992,0.005
3996,0.005
3997,0.001
4006,0.001
4018,0.007
4019,0.002
4022,0.004
4023,0.004
4027,0.002
4031,0.005
4036,0.002
4053,0.004
4057,0.001
4066,0.002
4079,0.001
4080,0.001
4083,0.002
4087,0.002
4088,0.001
4091,0.001
4092,0.002
4096,0.001
4109,0.001
4118,0.002
4153,0.001
4156,0.002
4157,0.001
4169,0.002
4178,0.003
4187,0.001
4204,0.003
4208,0.001
4209,0.001
4212,0.002
4217,0.003
4222,0.001
4229,0.001
4230,0.002
4231,0.001
4234,0.001
4239,0.001
4243,0.001
4247,0.004
4248,0.002
4256,0.001
4261,0.001
4264,0.001
4265,0.001
4273,0.002
4274,0.002
4278,0.002
4290,0.003
4291,0.001
4292,0.001
4297,0.001
4299,0.003
4303,0.002
4304,0.003
4307,0.003
4308,0.004
4317,0.001
4320,0.003
4325,0.002
4326,0.001
4329,0.003
4330,0.001
4333,0.001
4334,0.001
4338,0.002
4355,0.002
4364,0.003
4368,0.002
4385,0.001
4398,0.001
4411,0.001
4412,0.001
4425,0.001
4428,0.001
4429,0.003
4446,0.001
4450,0.002
4454,0.001
4459,0.002
4472,0.001
4481,0.001
4507,0.001
4519,0.003
4532,0.001
4541,0.001
4567,0.001
767,0.017
886,0.015
894,0.006
913,0.003
974,0.011
973,0.005
1033,0.003
1085,0.001
1215,0.001
1370,0.001
1448,0.003
1457,0.004
1471,0.001
1569,0.003
1593,0.001
1641,0.002
1653,0.002
1655,0.004
1657,0.001
1713,0.001
1748,0.001
1752,0.001
1787,0.001
1800,0.001
1803,0.001
1820,0.003
1822,0.002
1824,0.001
1830,0.001
1831,0.004
1837,0.002
1854,0.004
1856,0.001
1860,0.005
1861,0.001
1863,0.003
1895,0.001
1897,0.002
1898,0.001
1912,0.004
1915,0.002
1916,0.001
1941,0.003
1964,0.003
1975,0.005
1992,0.003
1993,0.003
2000,0.001
2001,0.002
2013,0.003
2014,0.001
2017,0.001
2018,0.001
2022,0.001
2035,0.001
2036,0.004
2045,0.003
2052,0.001
2053,0.005
2062,0.003
2063,0.001
2065,0.003
2073,0.002
2074,0.001
2077,0.001
2079,0.002
2080,0.001
2085,0.003
2094,0.002
2096,0.004
2097,0.002
2100,0.001
2102,0.005
2103,0.001
2117,0.003
2125,0.003
2137,0.004
2139,0.001
2143,0.001
2157,0.003
2172,0.001
2174,0.003
2180,0.002
2182,0.001
2191,0.001
2194,0.001
2200,0.001
2206,0.001
2215,0.001
2217,0.001
2218,0.002
2221,0.001
2227,0.001
2235,0.001
2244,0.001
2265,0.001
2274,0.001
2278,0.002
2280,0.001
2284,0.001
2287,0.002
2295,0.001
2296,0.001
2297,0.001
2300,0.001
2301,0.001
2314,0.001
2315,0.001
2318,0.001
2320,0.002
2321,0.001
2322,0.001
2327,0.002
2335,0.002
2338,0.001
2339,0.001
2342,0.002
2344,0.001
2346,0.001
2347,0.002
2356,0.001
2364,0.001
2365,0.002
2366,0.001
2376,0.002
2379,0.001
2386,0.001
2389,0.001
2396,0.005
2398,0.001
2399,0.001
2400,0.001
2407,0.001
2408,0.003
2413,0.001
2415,0.001
2416,0.001
2420,0.001
2422,0.002
2425,0.004
2428,0.003
2440,0.002
2442,0.003
2448,0.002
2457,0.001
2460,0.001
2463,0.001
2464,0.001
2465,0.005
2466,0.001
2468,0.003
2477,0.006
2481,0.001
2482,0.001
2485,0.001
2486,0.001
2500,0.006
2503,0.007
2508,0.004
2511,0.001
2517,0.008
2519,0.002
2520,0.007
2521,0.001
2526,0.004
2529,0.006
2537,0.009
2539,0.002
2543,0.008
2545,0.001
2546,0.004
2549,0.007
2556,0.001
2557,0.002
2558,0.002
2560,0.005
2561,0.002
2563,0.005
2568,0.001
2569,0.004
2577,0.001
2579,0.001
2580,0.001
2581,0.003
2582,0.001
2583,0.003
2584,0.003
2585,0.002
2586,0.006
2589,0.006
2596,0.001
2598,0.005
2601,0.007
2603,0.001
2606,0.001
2607,0.005
2608,0.001
2610,0.001
2615,0.001
2618,0.011
2621,0.007
2622,0.001
2624,0.008
2627,0.004
2629,0.002
2638,0.005
2641,0.006
2647,0.008
2650,0.006
2658,0.006
2660,0.002
2661,0.005
2664,0.006
2678,0.005
2679,0.005
2680,0.001
2681,0.003
2682,0.001
2684,0.001
2690,0.001
2698,0.002
2699,0.001
2701,0.002
2702,0.003
2703,0.001
2709,0.001
2710,0.001
2719,0.001
2720,0.001
2727,0.001
2732,0.001
2742,0.001
2745,0.002
2768,0.001
2771,0.001
2779,0.002
2788,0.002
2791,0.001
2800,0.001
2802,0.002
2805,0.001
2808,0.004
2811,0.004
2818,0.001
2819,0.001
2822,0.001
2826,0.001
2828,0.002
2829,0.001
2831,0.005
2832,0.001
2837,0.001
2843,0.002
2848,0.002
2849,0.002
2859,0.001
2860,0.003
2861,0.001
2863,0.007
2864,0.001
2866,0.001
2869,0.003
2871,0.003
2875,0.001
2878,0.001
2880,0.002
2883,0.002
2884,0.002
2886,0.005
2889,0.002
2892,0.001
2909,0.003
2923,0.001
2926,0.001
2949,0.002
2952,0.003
2961,0.001
2964,0.001
2966,0.002
2981,0.001
2984,0.001
2987,0.001
2991,0.001
3004,0.001
3030,0.001
3044,0.001
3151,0.001
878,0.005
891,0.006
1015,0.005
1023,0.004
1024,0.001
1102,0.001
1129,0.001
903,0.002
