13,7.264
5,9.043
6,11.061
7,12.142
8,12.712
9,10.959
10,10.335
11,9.054
12,7.801
1,1.89
2,2.819
3,6.529
0,1.423
14,6.794
15,6.223
16,5.698
17,5.426
18,5.074
19,4.703
20,4.371
4,7.477
21,4.127
52,1.265
53,1.215
54,1.195
22,3.836
23,3.755
24,3.488
25,3.34
26,3.135
27,3.014
28,2.811
29,2.766
30,2.529
31,2.504
32,2.348
33,2.26
34,2.193
35,2.101
36,2.054
37,1.977
40,1.773
41,1.757
42,1.686
43,1.599
44,1.569
45,1.549
46,1.463
47,1.472
48,1.404
49,1.381
50,1.315
38,1.948
39,1.849
4052,0.002
4062,0.002
4172,0.001
4190,0.001
4191,0.001
4225,0.001
4226,0.001
4346,0.002
4354,0.001
4363,0.001
4502,0.001
4503,0.002
4587,0.003
4588,0.001
4604,0.001
4613,0.001
4614,0.001
4615,0.002
4622,0.002
4682,0.002
4683,0.002
4743,0.001
4744,0.001
4777,0.003
4778,0.001
4779,0.001
4795,0.002
4892,0.002
4899,0.004
4900,0.001
4916,0.002
4917,0.001
4967,0.003
4968,0.001
4969,0.001
4976,0.002
5010,0.002
5011,0.002
5012,0.001
5157,0.001
5201,0.001
5203,0.001
5226,0.001
5468,0.002
5470,0.001
5494,0.002
5495,0.002
5506,0.001
5520,0.001
5521,0.002
5555,0.002
5556,0.002
5566,0.001
5624,0.001
5625,0.001
5632,0.001
5641,0.003
5642,0.002
5643,0.002
5701,0.002
5702,0.001
5703,0.001
5736,0.001
5814,0.001
5815,0.001
5952,0.003
5953,0.001
5988,0.001
5989,0.001
5997,0.001
5998,0.001
5999,0.001
6005,0.001
6006,0.002
6056,0.001
6057,0.002
6058,0.001
6074,0.001
6099,0.002
6101,0.003
6126,0.002
6160,0.002
6161,0.001
6162,0.001
6168,0.001
6177,0.002
6178,0.001
6179,0.001
6229,0.001
6402,0.004
6470,0.001
6471,0.002
6472,0.001
6523,0.001
7733,0.001
7734,0.005
7735,0.002
7736,0.003
7744,0.002
7745,0.003
7872,0.001
7873,0.001
7932,0.002
7933,0.001
7934,0.005
7977,0.006
7978,0.002
7985,0.003
7986,0.003
7987,0.003
7993,0.003
7994,0.002
7995,0.002
8489,0.001
8494,0.003
8495,0.002
8548,0.001
8589,0.001
8591,0.002
8650,0.003
8652,0.001
8653,0.001
8729,0.002
8823,0.001
8945,0.001
8946,0.001
8947,0.001
5797,0.002
5799,0.002
5934,0.001
5935,0.001
5936,0.001
6116,0.001
6117,0.001
6376,0.001
6377,0.002
6378,0.001
7570,0.001
7571,0.003
7572,0.002
7682,0.004
7683,0.003
7684,0.004
5573,0.002
5574,0.002
4000,0.001
4182,0.003
4183,0.003
4527,0.001
4536,0.002
4537,0.002
4624,0.001
4657,0.001
4658,0.001
4673,0.001
4674,0.001
4675,0.001
4787,0.001
4788,0.001
4898,0.003
4918,0.001
5219,0.002
5391,0.001
5392,0.001
5393,0.001
5893,0.003
5894,0.003
7526,0.004
7527,0.002
7528,0.002
7588,0.003
7589,0.003
7614,0.002
7615,0.002
7752,0.001
7753,0.004
7754,0.002
7821,0.003
7822,0.001
7855,0.004
7856,0.003
7857,0.001
7708,0.004
7710,0.001
7864,0.003
7865,0.004
7866,0.003
5823,0.001
5825,0.003
5866,0.002
8857,0.001
8858,0.001
8963,0.001
8970,0.001
9074,0.001
9082,0.001
9084,0.001
9091,0.001
9376,0.001
9039,0.003
9125,0.001
1987,0.002
1997,0.003
2004,0.004
2012,0.003
2127,0.002
2128,0.001
3014,0.001
3835,0.001
3836,0.002
3948,0.001
5461,0.001
5462,0.001
5781,0.001
6238,0.002
6300,0.002
8900,0.001
4727,0.001
4728,0.001
2056,0.009
2057,0.002
2478,0.001
2479,0.003
2799,0.002
7796,0.002
7797,0.004
7798,0.002
7863,0.001
2686,0.001
4319,0.001
794,0.018
968,0.016
1027,0.01
1036,0.006
1442,0.011
2246,0.004
2308,0.001
2349,0.001
2540,0.009
2617,0.001
2626,0.001
2628,0.003
3336,0.002
3447,0.003
4010,0.001
5028,0.002
5383,0.001
5384,0.002
5385,0.001
5401,0.001
5402,0.001
5710,0.002
6135,0.002
6136,0.001
6222,0.001
6223,0.002
6367,0.001
8608,0.001
8609,0.001
8711,0.002
8712,0.002
8884,0.001
8909,0.001
8954,0.001
4120,0.001
4121,0.001
8460,0.001
8461,0.001
8462,0.001
7397,0.003
7441,0.001
7442,0.003
7552,0.003
7553,0.001
7554,0.004
7768,0.003
7769,0.004
7770,0.002
7771,0.003
7829,0.001
7830,0.003
7831,0.001
5590,0.001
5591,0.001
484,0.035
978,0.017
984,0.011
995,0.004
1461,0.002
1660,0.002
2237,0.004
2255,0.002
2738,0.001
2739,0.002
2833,0.001
2834,0.002
3033,0.002
3034,0.001
3084,0.003
3101,0.001
3112,0.002
3343,0.001
3344,0.001
3345,0.001
3397,0.002
3861,0.001
3862,0.001
3922,0.002
3931,0.004
4043,0.002
4044,0.001
4285,0.001
4286,0.001
4287,0.001
4294,0.002
4295,0.006
4302,0.002
4311,0.001
4312,0.001
4356,0.001
4371,0.002
4424,0.002
4562,0.003
4596,0.001
4597,0.002
4684,0.002
4786,0.002
5013,0.003
5020,0.002
5021,0.002
5582,0.002
5583,0.001
5816,0.001
5817,0.003
5876,0.001
5877,0.002
6316,0.002
7068,0.001
7069,0.001
7612,0.003
7613,0.002
673,0.01
726,0.028
1218,0.005
1322,0.008
1382,0.004
1418,0.003
1522,0.009
1624,0.003
1685,0.007
1833,0.001
1834,0.002
1885,0.001
2722,0.002
6724,0.001
7561,0.003
7562,0.003
7563,0.001
7621,0.001
7622,0.003
7623,0.002
7624,0.001
7638,0.001
7639,0.002
7640,0.001
7794,0.003
7812,0.005
7813,0.002
7874,0.001
1572,0.018
2532,0.001
2592,0.001
2593,0.002
2903,0.004
2922,0.001
2963,0.004
2971,0.002
2983,0.001
3051,0.002
3154,0.005
3155,0.001
3162,0.001
3215,0.001
3223,0.001
3233,0.001
3265,0.004
3285,0.001
3326,0.002
3386,0.002
3387,0.001
3440,0.001
3465,0.001
3466,0.001
3474,0.001
3498,0.001
3499,0.001
4794,0.001
5280,0.002
5512,0.001
5684,0.002
5685,0.002
5806,0.002
5868,0.002
6186,0.002
6488,0.001
6489,0.001
6531,0.002
6532,0.001
6549,0.001
7132,0.002
2134,0.005
3524,0.001
4416,0.002
6496,0.001
5019,0.002
8418,0.001
8419,0.001
3077,0.001
3138,0.001
3173,0.001
3207,0.001
3257,0.001
3259,0.001
3527,0.001
3593,0.001
3594,0.003
3595,0.002
3596,0.003
3654,0.001
4477,0.002
6289,0.002
6291,0.001
7976,0.003
6188,0.002
6193,0.001
6194,0.001
6196,0.002
4846,0.002
4847,0.003
7631,0.003
7632,0.006
7633,0.001
7080,0.001
4924,0.001
4925,0.001
3828,0.001
4069,0.001
5089,0.001
5090,0.001
5091,0.001
5396,0.001
5954,0.001
5955,0.001
7043,0.001
7045,0.001
7104,0.002
7105,0.001
8859,0.001
7267,0.001
7268,0.002
3890,0.001
3774,0.001
3818,0.002
3819,0.004
5654,0.001
5928,0.001
5929,0.001
7988,0.001
8434,0.003
8435,0.001
7026,0.002
7027,0.002
7138,0.002
7458,0.002
7459,0.001
8158,0.003
8183,0.001
8184,0.002
8641,0.002
7371,0.001
8736,0.001
8737,0.001
4950,0.002
7804,0.002
7805,0.001
8832,0.001
7492,0.001
7493,0.002
7494,0.001
8036,0.003
8037,0.004
8780,0.001
8771,0.001
8772,0.001
8175,0.001
8176,0.001
8478,0.001
8479,0.001
7189,0.002
7190,0.002
4961,0.002
4984,0.001
7875,0.002
7876,0.001
7036,0.002
7225,0.001
7226,0.002
7252,0.001
7285,0.002
7286,0.002
7287,0.002
7448,0.002
7449,0.002
7450,0.002
7457,0.001
7519,0.003
7520,0.004
7521,0.002
7555,0.001
7823,0.002
7952,0.003
8064,0.001
8065,0.001
8096,0.002
8105,0.001
8106,0.002
8132,0.001
8796,0.001
7760,0.004
7761,0.001
4824,0.001
7500,0.001
7501,0.001
7502,0.001
7629,0.001
7630,0.001
8496,0.001
8497,0.001
8045,0.003
8046,0.001
8314,0.001
8315,0.001
8436,0.001
8038,0.002
8039,0.003
7984,0.001
7916,0.001
7917,0.001
7918,0.001
6439,0.001
7009,0.001
7010,0.001
7466,0.001
7467,0.001
7468,0.001
7503,0.002
8124,0.001
8125,0.001
8425,0.002
8426,0.001
8427,0.001
8669,0.001
8670,0.001
8615,0.001
8616,0.001
4139,0.001
4140,0.001
7431,0.001
7432,0.001
7433,0.003
7557,0.001
7926,0.004
7927,0.001
7942,0.002
7943,0.004
7944,0.001
8580,0.001
8581,0.002
7641,0.001
7701,0.002
7702,0.001
7890,0.002
7891,0.004
7097,0.002
7129,0.001
7130,0.001
7751,0.002
8047,0.004
8304,0.001
8410,0.001
8919,0.001
9014,0.001
8049,0.001
8356,0.002
8357,0.001
8358,0.001
7690,0.003
7691,0.001
9003,0.001
6536,0.001
6947,0.002
8013,0.001
2116,0.004
5926,0.001
7517,0.001
7762,0.003
7924,0.001
7925,0.002
3887,0.001
3888,0.001
8851,0.001
8480,0.001
3534,0.002
3535,0.001
5350,0.001
7223,0.001
7224,0.001
7318,0.001
7451,0.001
7491,0.001
7510,0.003
7511,0.002
7573,0.001
7580,0.002
7597,0.001
7699,0.001
7700,0.002
7883,0.003
7884,0.002
8054,0.001
8667,0.001
7996,0.001
8063,0.003
7674,0.004
7675,0.001
7676,0.001
6983,0.001
6984,0.001
4174,0.001
5694,0.001
5695,0.001
5696,0.001
2142,0.004
2230,0.001
2291,0.001
2507,0.001
2651,0.001
3292,0.001
3293,0.002
3742,0.001
3863,0.001
4501,0.003
4829,0.003
4908,0.001
4909,0.001
5892,0.001
5937,0.002
4831,0.001
4927,0.001
5209,0.001
5210,0.001
5211,0.001
5410,0.001
5411,0.001
5571,0.001
5580,0.001
5581,0.001
5651,0.001
5037,0.001
5038,0.001
4535,0.001
4544,0.001
4545,0.002
5073,0.002
7007,0.001
7008,0.001
7692,0.001
8400,0.001
8401,0.001
5986,0.001
5987,0.001
8654,0.001
8659,0.002
8660,0.004
8661,0.001
7440,0.002
7647,0.001
7649,0.003
7199,0.002
4703,0.001
6234,0.001
7015,0.001
7016,0.001
8599,0.001
8600,0.001
6544,0.001
8523,0.001
8524,0.001
8445,0.001
8618,0.001
6595,0.001
8582,0.001
8583,0.001
8606,0.001
8607,0.001
8585,0.001
4770,0.002
4771,0.003
4890,0.001
3388,0.001
3040,0.001
3041,0.002
3171,0.003
8116,0.002
8365,0.001
8366,0.001
8367,0.002
8368,0.001
8617,0.001
6341,0.001
6342,0.001
6343,0.001
6344,0.001
6352,0.001
6353,0.001
6965,0.002
5884,0.002
5885,0.002
5886,0.001
5943,0.001
5944,0.001
6039,0.001
6040,0.002
6041,0.002
6042,0.001
6047,0.001
6048,0.001
6049,0.001
6050,0.001
6066,0.001
6068,0.001
6103,0.001
6170,0.002
6171,0.001
6298,0.001
6405,0.001
6406,0.001
6408,0.001
6410,0.001
6411,0.001
6413,0.001
6429,0.001
6473,0.001
6479,0.001
6481,0.002
6483,0.001
6485,0.001
6494,0.001
6498,0.001
6501,0.001
7018,0.001
7019,0.001
7025,0.001
7693,0.001
7694,0.001
6655,0.001
6656,0.002
4406,0.001
4414,0.001
4589,0.001
4606,0.001
4607,0.001
4676,0.001
5030,0.002
5082,0.001
5693,0.001
6309,0.002
7389,0.001
7390,0.002
5945,0.002
7329,0.001
7330,0.003
423,0.082
5564,0.002
7881,0.001
7882,0.001
5946,0.001
8192,0.002
2712,0.001
3568,0.001
3689,0.002
3699,0.004
3758,0.005
3982,0.001
4017,0.002
4104,0.001
4129,0.001
4475,0.001
4493,0.001
4656,0.001
4665,0.001
4666,0.001
4803,0.001
4804,0.001
4952,0.001
5212,0.001
6198,0.001
6256,0.001
6257,0.001
6319,0.001
8167,0.001
4138,0.001
6283,0.001
7535,0.001
7950,0.002
6663,0.001
6664,0.001
7582,0.001
4837,0.001
4838,0.001
7915,0.001
8185,0.001
8468,0.001
8486,0.001
7259,0.003
7260,0.001
6112,0.001
6732,0.001
6975,0.001
7094,0.001
7095,0.001
7344,0.001
7345,0.001
7509,0.003
5260,0.002
5981,0.002
6014,0.001
6015,0.001
5254,0.001
2654,0.001
3518,0.001
3993,0.003
2566,0.006
3585,0.001
5859,0.001
5860,0.001
2497,0.006
2619,0.001
3025,0.001
3086,0.001
3561,0.002
4198,0.001
4199,0.002
4233,0.001
4321,0.002
4483,0.001
4552,0.001
5331,0.001
5339,0.001
5409,0.001
5514,0.001
6163,0.001
4485,0.004
1815,0.004
2248,0.001
2437,0.001
3871,0.006
1141,0.012
1262,0.013
2178,0.002
2973,0.001
3093,0.002
3145,0.002
3164,0.001
3282,0.001
3455,0.001
3639,0.001
3656,0.001
3896,0.001
7347,0.001
7832,0.001
6620,0.001
3681,0.001
6363,0.001
7158,0.001
5746,0.001
5748,0.001
5151,0.001
7261,0.001
7328,0.001
7968,0.001
7941,0.001
8626,0.001
6355,0.001
4648,0.001
6109,0.001
6540,0.001
6541,0.001
6583,0.001
6587,0.001
4959,0.001
5435,0.001
6831,0.001
6930,0.001
6973,0.001
6558,0.001
6559,0.001
6201,0.001
6292,0.001
6294,0.001
6120,0.001
6003,0.001
6129,0.001
8374,0.001
5374,0.001
5375,0.001
8194,0.001
8237,0.001
8238,0.001
8339,0.001
8546,0.002
4253,0.001
6957,0.001
6959,0.001
7406,0.001
7407,0.001
2359,0.003
5762,0.001
5763,0.001
6863,0.001
6887,0.001
6895,0.001
6165,0.001
7399,0.001
4708,0.001
4709,0.001
4710,0.001
4716,0.001
4717,0.002
4719,0.001
5448,0.001
5451,0.001
5529,0.002
6744,0.001
7078,0.001
7192,0.002
7202,0.001
7337,0.001
7373,0.001
7374,0.001
7605,0.001
8218,0.001
7123,0.001
7277,0.001
8114,0.001
8245,0.001
6827,0.001
6828,0.002
8540,0.001
6776,0.001
6420,0.001
6422,0.001
5677,0.001
5678,0.001
4113,0.001
4185,0.001
4200,0.005
4244,0.002
4441,0.001
4634,0.001
4840,0.001
5039,0.001
5097,0.001
5141,0.001
5144,0.001
5531,0.001
5627,0.001
5669,0.001
5687,0.001
5712,0.001
5738,0.001
5739,0.001
5808,0.002
5832,0.001
5858,0.001
5995,0.001
6013,0.001
6232,0.001
6307,0.002
6350,0.001
6575,0.001
6646,0.001
6673,0.001
6713,0.001
6773,0.001
6791,0.001
6795,0.001
6800,0.001
6802,0.001
6804,0.001
6820,0.001
6833,0.001
6835,0.001
6837,0.001
6839,0.001
6842,0.001
6898,0.001
6905,0.001
6909,0.001
6912,0.001
6920,0.001
6955,0.001
7380,0.001
8074,0.001
2877,0.002
4433,0.002
4735,0.001
4725,0.001
4122,0.003
4193,0.001
4380,0.001
4382,0.001
4555,0.001
4008,0.001
5272,0.001
5288,0.001
6609,0.001
2956,0.001
2929,0.003
2775,0.001
2895,0.001
51,1.323
55,1.157
674,0.019
287,0.09
288,0.09
289,0.085
290,0.088
298,0.098
299,0.076
310,0.071
311,0.069
312,0.07
318,0.072
319,0.065
323,0.073
324,0.055
325,0.059
326,0.109
327,0.066
328,0.062
329,0.066
331,0.069
332,0.069
333,0.065
336,0.069
337,0.069
340,0.049
341,0.08
342,0.074
348,0.067
349,0.069
350,0.057
351,0.063
353,0.077
354,0.062
355,0.056
356,0.05
357,0.077
358,0.074
359,0.072
362,0.096
363,0.048
371,0.059
372,0.048
373,0.052
383,0.055
384,0.057
385,0.065
391,0.045
392,0.059
393,0.047
394,0.036
395,0.068
396,0.055
397,0.057
398,0.04
399,0.036
401,0.057
402,0.042
403,0.041
405,0.043
406,0.044
407,0.059
410,0.06
411,0.041
412,0.056
414,0.047
415,0.025
420,0.034
421,0.018
422,0.063
424,0.044
426,0.054
427,0.036
428,0.044
429,0.049
430,0.046
431,0.045
432,0.041
433,0.059
434,0.025
435,0.047
436,0.038
437,0.046
439,0.044
440,0.043
441,0.037
442,0.019
443,0.048
444,0.052
445,0.035
452,0.037
453,0.048
454,0.032
457,0.042
458,0.037
459,0.048
462,0.047
463,0.034
464,0.052
465,0.042
466,0.045
467,0.026
530,0.046
531,0.036
532,0.017
538,0.018
539,0.053
540,0.031
541,0.013
542,0.011
543,0.034
547,0.007
548,0.045
549,0.017
550,0.022
552,0.032
553,0.026
560,0.029
561,0.029
562,0.021
564,0.027
565,0.044
566,0.018
567,0.035
568,0.021
569,0.032
570,0.013
571,0.025
596,0.033
597,0.019
598,0.019
603,0.019
604,0.048
605,0.029
606,0.023
607,0.01
608,0.02
609,0.031
610,0.024
611,0.02
612,0.026
613,0.031
614,0.027
615,0.019
616,0.028
617,0.023
618,0.03
622,0.025
623,0.021
626,0.036
627,0.019
630,0.023
631,0.012
635,0.02
636,0.018
638,0.015
639,0.028
554,0.029
555,0.024
563,0.028
591,0.018
592,0.032
593,0.019
599,0.033
600,0.023
601,0.016
495,0.054
496,0.033
497,0.027
525,0.025
526,0.039
527,0.033
284,0.078
285,0.071
293,0.089
313,0.077
314,0.078
315,0.073
322,0.084
380,0.042
381,0.055
388,0.058
390,0.077
416,0.044
448,0.036
449,0.031
450,0.041
544,0.037
545,0.039
556,0.036
557,0.039
558,0.021
528,0.036
529,0.037
409,0.053
634,0.027
647,0.024
649,0.018
669,0.015
643,0.016
644,0.033
141,0.283
142,0.268
143,0.31
146,0.309
147,0.249
150,0.264
151,0.26
152,0.247
156,0.261
157,0.231
159,0.271
181,0.204
198,0.183
224,0.132
233,0.137
234,0.115
250,0.101
272,0.093
273,0.11
274,0.089
185,0.17
189,0.165
191,0.188
295,0.074
447,0.037
306,0.084
307,0.065
534,0.02
535,0.041
536,0.032
537,0.023
204,0.141
193,0.161
194,0.153
195,0.17
249,0.096
270,0.089
316,0.064
56,1.14
64,0.956
65,0.858
68,0.888
70,0.859
73,0.725
87,0.62
100,0.44
137,0.305
154,0.275
166,0.231
202,0.183
206,0.15
207,0.167
208,0.134
211,0.178
215,0.128
216,0.145
217,0.146
219,0.134
220,0.142
221,0.144
237,0.108
238,0.145
241,0.155
242,0.091
245,0.127
246,0.134
247,0.13
301,0.064
302,0.107
303,0.062
418,0.051
419,0.049
577,0.034
578,0.034
579,0.02
621,0.022
492,0.043
493,0.027
505,0.047
506,0.025
408,0.05
60,1.027
126,0.316
177,0.146
228,0.148
229,0.129
232,0.124
248,0.11
254,0.087
255,0.144
275,0.09
276,0.09
367,0.056
133,0.339
134,0.303
503,0.046
77,0.721
78,0.694
108,0.414
111,0.41
129,0.347
163,0.238
192,0.181
478,0.032
479,0.046
480,0.039
488,0.037
489,0.019
499,0.03
500,0.032
501,0.043
209,0.185
259,0.126
261,0.126
262,0.087
263,0.1
267,0.103
268,0.111
277,0.103
280,0.104
281,0.075
513,0.037
514,0.025
515,0.036
473,0.035
474,0.031
475,0.033
508,0.037
509,0.021
516,0.032
517,0.028
518,0.039
498,0.041
335,0.07
510,0.024
502,0.037
521,0.023
522,0.037
523,0.031
581,0.03
582,0.021
583,0.022
584,0.023
580,0.022
483,0.063
485,0.023
574,0.02
575,0.021
595,0.015
573,0.027
344,0.07
511,0.038
587,0.02
588,0.026
519,0.025
487,0.042
476,0.047
169,0.192
446,0.052
590,0.03
375,0.078
172,0.24
81,0.642
469,0.046
471,0.038
1575,0.009
695,0.012
697,0.029
724,0.023
727,0.014
728,0.01
729,0.005
746,0.004
747,0.013
748,0.012
768,0.017
769,0.023
775,0.034
776,0.017
778,0.019
779,0.026
787,0.016
788,0.02
789,0.01
795,0.011
796,0.011
797,0.022
814,0.01
815,0.021
816,0.009
825,0.016
827,0.02
828,0.016
835,0.026
836,0.008
837,0.012
838,0.012
839,0.014
845,0.017
846,0.022
847,0.03
848,0.013
849,0.012
850,0.003
858,0.018
860,0.014
866,0.019
868,0.02
870,0.01
899,0.012
900,0.017
901,0.009
909,0.016
910,0.007
911,0.006
915,0.014
916,0.012
917,0.013
919,0.006
920,0.002
921,0.008
925,0.013
926,0.007
927,0.005
928,0.011
929,0.012
930,0.008
936,0.019
937,0.011
939,0.02
940,0.01
941,0.012
945,0.008
946,0.014
948,0.007
949,0.009
950,0.013
958,0.006
959,0.021
969,0.014
970,0.018
987,0.014
988,0.005
989,0.023
990,0.013
997,0.02
998,0.006
999,0.004
1000,0.003
1001,0.014
1017,0.007
1018,0.011
1019,0.005
1020,0.009
1021,0.011
1022,0.007
1026,0.009
1028,0.013
1029,0.01
1030,0.006
1057,0.015
1058,0.007
1059,0.008
1060,0.005
1067,0.019
1068,0.01
1078,0.012
1079,0.009
1080,0.023
1087,0.012
1088,0.014
1258,0.01
1259,0.006
1260,0.007
1288,0.004
1289,0.01
1290,0.006
1291,0.005
1318,0.003
1319,0.012
1320,0.003
1321,0.011
1323,0.005
1330,0.009
1331,0.01
1412,0.007
1413,0.006
1414,0.004
1415,0.006
1416,0.005
1423,0.01
1424,0.004
1425,0.006
1426,0.007
1430,0.007
1431,0.009
1432,0.004
1433,0.008
1439,0.007
1440,0.01
1453,0.004
1454,0.008
1465,0.007
1484,0.002
1485,0.005
1490,0.006
1491,0.006
1492,0.004
1504,0.005
1505,0.002
966,0.022
985,0.008
986,0.005
1007,0.011
1008,0.011
1009,0.005
1037,0.017
1038,0.007
1061,0.013
1062,0.012
1261,0.011
1281,0.01
1282,0.008
1283,0.005
1311,0.013
1312,0.003
1313,0.005
1403,0.006
1404,0.006
1405,0.006
1406,0.004
1409,0.003
1410,0.006
1421,0.003
1420,0.003
1434,0.004
1435,0.004
1187,0.009
1188,0.004
1189,0.004
1252,0.014
1253,0.017
1254,0.005
1263,0.008
1264,0.005
665,0.03
675,0.017
798,0.014
799,0.006
817,0.012
889,0.01
890,0.012
896,0.007
897,0.008
907,0.015
908,0.008
951,0.007
1050,0.013
1051,0.008
1052,0.012
1081,0.014
1278,0.005
1279,0.013
1298,0.006
1299,0.008
1300,0.003
1301,0.005
1302,0.01
1303,0.006
1140,0.007
1142,0.001
1284,0.007
1285,0.003
1309,0.012
1339,0.007
1340,0.005
1341,0.003
957,0.009
1031,0.011
1032,0.007
1471,0.002
1472,0.002
1474,0.006
1480,0.005
1481,0.009
1482,0.003
1494,0.006
1495,0.002
1512,0.006
1514,0.005
1436,0.003
1520,0.004
507,0.032
533,0.034
546,0.016
632,0.021
633,0.015
637,0.017
677,0.019
678,0.01
683,0.021
684,0.025
685,0.025
686,0.023
687,0.015
706,0.012
707,0.026
708,0.022
743,0.016
744,0.01
875,0.02
876,0.014
961,0.018
962,0.007
1039,0.005
1040,0.002
1048,0.012
1049,0.004
343,0.071
413,0.04
688,0.024
767,0.019
1035,0.002
717,0.021
718,0.011
719,0.033
1249,0.009
1250,0.007
1251,0.002
477,0.039
689,0.016
131,0.34
160,0.23
171,0.196
173,0.168
203,0.167
382,0.067
486,0.009
504,0.024
703,0.024
704,0.019
705,0.034
818,0.012
819,0.014
879,0.023
880,0.012
979,0.007
980,0.011
1010,0.004
1069,0.005
1070,0.016
1071,0.008
1242,0.003
1243,0.012
1268,0.011
1269,0.013
1270,0.008
1271,0.01
1292,0.009
1501,0.003
1151,0.01
1152,0.013
1154,0.003
1230,0.007
1231,0.01
1232,0.007
1233,0.012
1239,0.009
1240,0.007
1241,0.005
1248,0.002
1257,0.003
1293,0.003
1294,0.007
1295,0.009
931,0.017
1304,0.01
1305,0.004
82,0.681
165,0.206
455,0.049
524,0.027
585,0.016
586,0.02
709,0.016
713,0.013
714,0.026
734,0.008
735,0.014
737,0.012
755,0.022
756,0.008
758,0.013
766,0.013
857,0.009
977,0.01
1056,0.006
119,0.39
252,0.111
304,0.079
321,0.081
345,0.065
494,0.032
1082,0.006
1090,0.016
1091,0.006
1117,0.008
1118,0.008
1120,0.003
1122,0.007
1143,0.002
1167,0.006
1168,0.011
1169,0.007
1324,0.004
1328,0.001
1329,0.007
364,0.041
472,0.049
482,0.018
625,0.03
648,0.015
800,0.018
976,0.017
1016,0.008
1072,0.011
1179,0.004
1180,0.002
1181,0.007
1227,0.007
1228,0.011
645,0.008
646,0.026
654,0.028
655,0.02
955,0.015
956,0.011
1272,0.014
1273,0.006
1006,0.004
806,0.015
807,0.011
1172,0.007
1173,0.002
1105,0.012
1206,0.003
1207,0.006
1208,0.011
1160,0.01
1161,0.005
912,0.003
1210,0.016
1211,0.009
1212,0.005
1213,0.008
804,0.011
628,0.02
784,0.01
785,0.022
1011,0.012
1462,0.001
1463,0.001
1222,0.007
1223,0.006
1224,0.007
1170,0.008
1171,0.007
1220,0.011
1221,0.005
1247,0.005
1360,0.005
1361,0.009
1362,0.003
1363,0.002
1364,0.006
1450,0.005
1452,0.003
1444,0.004
1445,0.001
425,0.028
1198,0.009
1199,0.007
830,0.011
1092,0.009
1127,0.008
1128,0.005
1147,0.003
1148,0.017
1149,0.01
1238,0.011
1274,0.009
1342,0.003
1343,0.007
1344,0.007
1347,0.006
1348,0.003
1349,0.001
1350,0.004
1351,0.004
1353,0.004
1354,0.008
1355,0.002
1391,0.003
1392,0.006
1393,0.002
1399,0.005
1400,0.007
1402,0.004
1041,0.003
753,0.007
1384,0.005
1352,0.003
1099,0.006
1100,0.009
1107,0.008
1163,0.005
1182,0.005
1183,0.004
1190,0.005
1202,0.004
1203,0.007
1204,0.004
1373,0.009
1374,0.002
749,0.021
1510,0.011
1370,0.003
1371,0.006
1192,0.005
1193,0.007
1194,0.003
1369,0.004
1157,0.006
352,0.057
1307,0.004
1314,0.002
1200,0.011
1201,0.005
1209,0.003
1335,0.001
1388,0.006
1389,0.001
417,0.078
887,0.008
904,0.003
905,0.006
981,0.012
982,0.013
893,0.016
895,0.011
699,0.027
1047,0.004
1296,0.009
1178,0.008
1394,0.008
991,0.015
992,0.011
1005,0.012
764,0.012
1109,0.006
1191,0.001
69,0.829
1358,0.002
1042,0.004
653,0.015
658,0.01
667,0.01
668,0.013
1255,0.003
1138,0.005
1139,0.015
1396,0.005
996,0.01
213,0.148
180,0.21
690,0.014
877,0.007
184,0.195
1111,0.004
1112,0.011
1113,0.014
1097,0.005
1136,0.004
1132,0.014
1133,0.011
1217,0.003
738,0.015
740,0.014
1095,0.002
57,1.083
58,1.086
59,1.082
61,0.949
62,1.018
63,0.916
66,0.955
67,0.844
71,0.779
72,0.811
74,0.766
83,0.629
84,0.615
85,0.641
86,0.597
88,0.587
89,0.564
90,0.541
91,0.598
92,0.502
93,0.595
94,0.527
95,0.515
96,0.518
97,0.504
98,0.539
99,0.482
101,0.5
102,0.502
110,0.424
79,0.681
80,0.69
75,0.745
76,0.727
104,0.504
116,0.422
117,0.369
103,0.44
105,0.426
106,0.468
107,0.443
109,0.433
112,0.417
113,0.402
121,0.377
114,0.437
115,0.352
118,0.366
122,0.373
123,0.339
124,0.344
125,0.372
127,0.36
128,0.333
130,0.294
132,0.317
135,0.315
136,0.313
138,0.304
139,0.293
140,0.31
144,0.262
145,0.275
148,0.27
170,0.229
174,0.249
175,0.188
176,0.238
178,0.227
179,0.176
182,0.206
186,0.192
187,0.185
188,0.188
190,0.188
196,0.178
197,0.155
199,0.166
200,0.155
201,0.138
205,0.168
214,0.156
158,0.252
161,0.231
162,0.241
168,0.229
120,0.364
155,0.223
164,0.219
167,0.221
153,0.248
183,0.187
149,0.27
210,0.132
212,0.123
218,0.133
222,0.121
223,0.138
225,0.138
226,0.141
227,0.129
230,0.115
231,0.142
589,0.012
251,0.114
253,0.107
256,0.086
260,0.101
271,0.08
278,0.112
279,0.065
286,0.085
291,0.081
294,0.088
305,0.077
308,0.083
309,0.097
317,0.087
338,0.055
339,0.068
346,0.057
347,0.04
360,0.049
369,0.056
370,0.052
374,0.052
377,0.068
378,0.043
386,0.053
387,0.055
400,0.047
404,0.042
481,0.01
490,0.035
491,0.034
551,0.019
559,0.018
389,0.03
520,0.023
460,0.031
461,0.024
257,0.114
282,0.108
283,0.09
334,0.065
366,0.049
368,0.06
468,0.042
470,0.023
236,0.142
269,0.098
264,0.115
235,0.109
438,0.037
300,0.065
451,0.049
512,0.015
239,0.118
292,0.077
296,0.092
297,0.088
320,0.055
330,0.076
243,0.093
244,0.125
240,0.11
265,0.101
266,0.102
258,0.089
365,0.053
376,0.056
361,0.043
456,0.031
572,0.032
594,0.017
642,0.018
650,0.019
651,0.027
652,0.022
656,0.023
659,0.039
660,0.018
661,0.03
662,0.004
663,0.005
664,0.034
670,0.026
671,0.018
693,0.009
694,0.018
666,0.019
640,0.018
619,0.026
679,0.018
680,0.013
721,0.029
701,0.016
692,0.02
576,0.033
629,0.026
620,0.021
624,0.016
641,0.022
1890,0.007
869,0.004
871,0.013
872,0.024
873,0.008
874,0.011
922,0.007
923,0.013
924,0.013
933,0.012
934,0.007
935,0.015
944,0.015
947,0.012
1002,0.007
1003,0.011
1015,0.006
1043,0.002
1044,0.011
1093,0.001
1094,0.001
1101,0.005
1102,0.002
1114,0.009
1115,0.013
1116,0.011
1124,0.008
1137,0.005
1153,0.006
1162,0.002
1184,0.003
1185,0.006
1186,0.004
1195,0.013
1197,0.007
1214,0.002
1219,0.004
1234,0.009
1235,0.003
1236,0.01
1244,0.006
1245,0.002
1246,0.004
1280,0.006
1308,0.005
1310,0.002
1511,0.004
1546,0.01
1547,0.005
1584,0.004
1585,0.017
1586,0.002
1587,0.014
1588,0.004
1596,0.003
1597,0.007
1598,0.006
1695,0.002
1696,0.006
1697,0.002
1698,0.006
1699,0.003
1708,0.004
1709,0.003
1711,0.001
1716,0.004
1717,0.002
1718,0.002
1744,0.002
1745,0.003
1746,0.002
1758,0.003
1759,0.004
1781,0.001
1782,0.005
1783,0.006
1790,0.001
1791,0.003
1806,0.003
1807,0.001
1693,0.006
1694,0.003
1705,0.002
1706,0.004
1729,0.002
1730,0.005
1731,0.003
1719,0.004
1720,0.004
1721,0.004
1722,0.003
1503,0.007
1515,0.001
1516,0.004
1517,0.008
1535,0.009
1536,0.007
1537,0.008
1548,0.01
1549,0.008
953,0.022
954,0.012
1076,0.012
1177,0.008
1513,0.004
1518,0.003
1534,0.006
1550,0.005
1558,0.007
1559,0.007
1560,0.004
1539,0.006
1540,0.01
1541,0.001
1542,0.008
1573,0.008
1574,0.006
1134,0.008
1135,0.005
1165,0.006
1767,0.003
1769,0.003
1771,0.006
1776,0.002
1777,0.003
1778,0.001
1813,0.003
1826,0.001
1817,0.004
602,0.003
676,0.017
820,0.008
821,0.014
822,0.009
1225,0.007
1226,0.012
1561,0.008
1256,0.004
1684,0.001
1686,0.001
1499,0.008
1500,0.011
1571,0.004
763,0.022
765,0.015
826,0.008
862,0.012
863,0.012
1075,0.005
1110,0.009
1174,0.006
1175,0.006
1524,0.008
1525,0.006
1526,0.003
1779,0.002
1789,0.003
1801,0.001
1802,0.004
823,0.012
1383,0.001
1478,0.005
1479,0.004
1487,0.003
1488,0.009
1489,0.001
1523,0.001
1552,0.007
1553,0.002
1554,0.002
1004,0.011
1563,0.008
1564,0.006
1566,0.001
700,0.024
702,0.015
712,0.013
808,0.011
809,0.015
851,0.001
881,0.017
882,0.011
884,0.016
906,0.022
1521,0.001
1345,0.003
1346,0.001
1372,0.004
1401,0.004
1527,0.005
1528,0.003
1551,0.002
1562,0.002
657,0.011
750,0.011
751,0.026
811,0.011
812,0.01
813,0.01
1286,0.006
1417,0.002
1473,0.002
1538,0.001
742,0.015
1159,0.002
1682,0.003
1683,0.002
736,0.014
1237,0.003
1407,0.002
1408,0.002
1583,0.003
1326,0.003
1464,0.006
1395,0.005
1419,0.005
1576,0.005
1577,0.006
1086,0.006
739,0.019
777,0.019
856,0.007
1130,0.006
1756,0.007
1275,0.003
1497,0.003
1635,0.009
1636,0.001
1741,0.003
1742,0.002
1764,0.001
994,0.007
1733,0.006
1734,0.001
1437,0.004
1438,0.005
1486,0.005
1529,0.009
1610,0.001
1611,0.004
1612,0.002
1613,0.005
1614,0.002
1618,0.005
1619,0.003
1625,0.007
1679,0.003
1680,0.009
1690,0.002
1691,0.002
1606,0.001
1607,0.009
1608,0.004
1609,0.007
759,0.011
964,0.001
965,0.005
1661,0.004
1662,0.002
1622,0.004
1623,0.002
1631,0.004
1632,0.007
1428,0.003
1443,0.005
1467,0.002
1468,0.006
1469,0.003
1648,0.003
1649,0.004
1723,0.004
1089,0.012
1794,0.005
942,0.013
1502,0.006
1692,0.002
1645,0.002
1646,0.003
1643,0.002
1620,0.004
1621,0.002
1377,0.004
1378,0.002
1594,0.002
1595,0.005
1568,0.002
1451,0.007
1476,0.001
1477,0.004
1567,0.002
1592,0.007
1602,0.005
1666,0.001
1667,0.002
967,0.014
1065,0.006
1055,0.009
1103,0.004
960,0.011
1441,0.001
1379,0.005
1381,0.001
1455,0.002
1670,0.006
1671,0.003
1555,0.004
844,0.003
1704,0.002
1638,0.004
1639,0.004
1727,0.003
1728,0.001
1673,0.006
1332,0.003
1333,0.001
1630,0.004
790,0.005
894,0.007
898,0.013
1366,0.002
1367,0.004
1675,0.001
681,0.027
774,0.01
802,0.021
1098,0.011
1637,0.002
1316,0.003
1365,0.002
1359,0.002
1390,0.004
1506,0.001
888,0.011
1336,0.003
379,0.05
698,0.017
715,0.02
720,0.022
722,0.006
725,0.03
760,0.009
761,0.014
770,0.016
771,0.013
772,0.01
780,0.022
781,0.025
782,0.009
786,0.031
792,0.017
793,0.027
803,0.02
810,0.008
716,0.019
754,0.016
682,0.021
691,0.022
710,0.027
711,0.024
824,0.006
852,0.021
783,0.003
791,0.024
672,0.024
741,0.012
730,0.013
731,0.009
732,0.017
733,0.009
757,0.014
696,0.015
745,0.019
752,0.01
2363,0.002
1045,0.013
1046,0.004
1125,0.008
1146,0.005
1155,0.004
1411,0.002
1422,0.001
1543,0.003
1544,0.004
1589,0.003
1590,0.003
1600,0.004
1601,0.002
1603,0.003
1617,0.003
1629,0.003
1863,0.005
1864,0.004
1888,0.006
1889,0.002
1932,0.004
1933,0.009
1934,0.002
2076,0.007
2114,0.004
2115,0.001
2121,0.006
2122,0.005
2123,0.005
2146,0.002
2147,0.009
2148,0.002
2161,0.002
2162,0.003
2163,0.005
2205,0.001
2229,0.003
2258,0.004
2259,0.002
1483,0.002
1633,0.001
1891,0.003
1892,0.005
1893,0.002
2107,0.005
2108,0.002
2118,0.001
2119,0.006
2132,0.002
2131,0.001
2149,0.002
2150,0.002
1919,0.004
1920,0.011
1921,0.003
1996,0.009
1998,0.006
1935,0.007
1936,0.001
1131,0.009
1508,0.001
1509,0.003
1556,0.004
1557,0.007
1880,0.01
1881,0.003
1902,0.001
1903,0.008
1904,0.001
1962,0.001
1963,0.006
2214,0.004
2240,0.001
2242,0.003
2243,0.001
2268,0.002
2270,0.001
2272,0.003
2283,0.001
2151,0.003
2152,0.003
2154,0.001
2256,0.002
1531,0.004
1532,0.003
1570,0.004
2106,0.002
1578,0.003
1579,0.004
1077,0.004
859,0.017
1470,0.001
1591,0.001
1866,0.003
1875,0.007
1876,0.003
1877,0.007
1905,0.006
1906,0.002
1907,0.007
2164,0.002
2225,0.001
1820,0.004
1821,0.003
1845,0.001
1846,0.001
1847,0.001
1848,0.001
1849,0.006
1850,0.001
1851,0.007
1942,0.004
1397,0.003
1533,0.004
1956,0.004
1957,0.003
1958,0.003
801,0.004
833,0.007
952,0.009
1064,0.013
1073,0.013
1196,0.001
1427,0.001
1634,0.001
1908,0.003
1909,0.004
1917,0.002
1918,0.004
1922,0.003
1923,0.003
1947,0.001
1948,0.007
1968,0.007
723,0.001
762,0.012
805,0.018
938,0.008
1466,0.002
1604,0.001
1605,0.003
1770,0.001
1842,0.002
1843,0.003
1986,0.006
1449,0.003
2104,0.003
2105,0.004
1760,0.001
1658,0.003
1810,0.002
1811,0.002
1812,0.001
1937,0.003
1938,0.005
1743,0.002
2025,0.002
2026,0.006
2027,0.001
1970,0.005
1971,0.001
1972,0.006
2220,0.002
1816,0.002
1995,0.003
1715,0.002
1755,0.002
1773,0.003
1774,0.001
1835,0.002
1836,0.001
2041,0.005
2042,0.005
2043,0.002
2044,0.004
2176,0.001
2177,0.002
1965,0.005
1966,0.001
2010,0.004
2011,0.004
2192,0.001
1725,0.001
1726,0.001
1751,0.002
1857,0.005
1858,0.001
1955,0.008
1984,0.008
1985,0.005
2013,0.004
2015,0.006
2016,0.002
2113,0.002
2199,0.001
2212,0.002
2008,0.003
2009,0.004
1874,0.002
2078,0.001
1926,0.002
1927,0.001
1928,0.001
2028,0.001
2029,0.001
2039,0.002
2040,0.001
1650,0.003
1775,0.001
1785,0.001
1805,0.002
1879,0.004
1924,0.002
2135,0.003
2136,0.002
1375,0.001
1376,0.002
1862,0.002
1878,0.001
1981,0.009
1983,0.002
2253,0.001
2054,0.002
2236,0.001
2250,0.005
1735,0.001
1736,0.004
1737,0.001
1753,0.002
1754,0.002
2099,0.006
883,0.007
1950,0.003
1952,0.003
1961,0.007
1814,0.006
1872,0.001
1959,0.001
2165,0.002
2166,0.002
2003,0.002
2084,0.002
1357,0.002
2144,0.001
2145,0.001
1978,0.009
1798,0.003
1799,0.002
2031,0.001
2089,0.001
1944,0.001
2049,0.001
2156,0.002
2158,0.001
2160,0.003
1768,0.001
1676,0.006
971,0.004
2091,0.007
1678,0.001
1267,0.003
1852,0.001
2023,0.003
2038,0.002
1883,0.004
1707,0.002
2093,0.003
1496,0.002
1317,0.001
1033,0.004
1034,0.003
1287,0.004
1334,0.001
831,0.002
1498,0.001
1994,0.001
2033,0.006
1739,0.003
1911,0.002
1780,0.002
1827,0.002
1819,0.002
1896,0.001
1025,0.002
1792,0.002
1663,0.002
1665,0.001
1012,0.008
829,0.003
853,0.009
854,0.018
855,0.011
914,0.008
932,0.008
1104,0.008
1106,0.006
1277,0.001
864,0.019
865,0.013
1108,0.013
1229,0.006
1074,0.022
1083,0.006
861,0.023
902,0.012
1096,0.014
1123,0.011
832,0.015
867,0.008
1297,0.001
840,0.012
841,0.017
918,0.004
1066,0.002
1054,0.007
1063,0.004
1121,0.003
885,0.007
1013,0.007
1014,0.006
1126,0.004
1166,0.003
983,0.012
1150,0.003
1156,0.002
1158,0.004
1164,0.001
943,0.007
1176,0.002
974,0.011
975,0.011
843,0.003
1119,0.003
1144,0.002
892,0.008
2112,0.001
2181,0.004
2203,0.001
2251,0.001
2281,0.003
2293,0.003
2294,0.002
2306,0.003
2307,0.003
2311,0.003
2332,0.003
2336,0.004
2337,0.004
2341,0.007
2367,0.004
2371,0.002
2388,0.004
2397,0.005
2449,0.005
2475,0.001
2476,0.001
2505,0.007
2506,0.005
2544,0.004
2578,0.005
2600,0.002
2730,0.006
2734,0.001
2747,0.003
2756,0.001
2760,0.003
2764,0.002
2765,0.002
2777,0.003
2778,0.001
2812,0.002
2813,0.001
2820,0.006
2821,0.002
2825,0.003
2842,0.004
2850,0.002
2851,0.001
2881,0.002
2989,0.003
2990,0.003
2993,0.001
2994,0.001
2997,0.001
2998,0.002
2999,0.001
3001,0.001
3002,0.002
3027,0.002
3028,0.003
3080,0.004
3081,0.001
3088,0.002
3089,0.001
3090,0.001
3114,0.001
3115,0.001
3201,0.004
3203,0.001
3205,0.004
3206,0.001
3235,0.003
3236,0.001
3261,0.002
3262,0.001
3274,0.002
3728,0.001
3729,0.004
3866,0.001
3867,0.007
3872,0.002
3910,0.003
3911,0.002
3966,0.006
3967,0.003
4153,0.001
4230,0.002
4231,0.001
4243,0.001
4273,0.002
4274,0.002
4325,0.002
4326,0.001
4364,0.003
4368,0.002
4411,0.001
4412,0.001
4459,0.002
2816,0.001
2967,0.003
2968,0.002
3188,0.003
3264,0.001
3785,0.005
4264,0.001
4265,0.001
4299,0.003
4303,0.002
4304,0.003
3841,0.007
3842,0.001
2263,0.002
2267,0.002
2324,0.003
2458,0.003
2480,0.007
2609,0.004
2785,0.004
2786,0.001
2787,0.001
3018,0.001
3019,0.003
3062,0.002
3063,0.002
3763,0.005
3793,0.001
3794,0.005
3806,0.006
3807,0.002
3875,0.004
3876,0.003
3927,0.004
3928,0.003
3853,0.001
3854,0.004
3855,0.001
3932,0.004
3933,0.001
4022,0.004
4023,0.004
2876,0.002
2911,0.001
2912,0.004
3037,0.002
4428,0.001
4429,0.003
4450,0.002
4481,0.001
4541,0.001
4567,0.001
4519,0.003
993,0.01
1507,0.001
1793,0.002
1913,0.001
1914,0.002
2059,0.004
2060,0.001
2890,0.001
3064,0.002
3148,0.001
3149,0.001
3150,0.002
3901,0.001
3902,0.004
2362,0.003
3156,0.001
3183,0.001
3184,0.003
3897,0.004
3898,0.003
1386,0.001
1387,0.001
2159,0.004
3096,0.001
3097,0.002
3098,0.002
3099,0.001
3100,0.001
1460,0.003
2120,0.001
2302,0.003
3049,0.003
3050,0.002
4446,0.001
4454,0.001
4229,0.001
3460,0.001
3461,0.002
3642,0.002
3643,0.002
3693,0.002
3694,0.002
3698,0.005
3702,0.001
3703,0.003
3776,0.007
3777,0.001
3779,0.002
3780,0.004
3781,0.003
3782,0.001
3884,0.007
3885,0.002
2794,0.001
2795,0.002
3067,0.002
3068,0.003
1788,0.003
1900,0.005
1930,0.001
1931,0.002
2021,0.003
2129,0.001
2155,0.001
2173,0.001
2185,0.003
2186,0.004
2190,0.002
2207,0.001
2298,0.003
2384,0.001
2385,0.003
2393,0.002
2394,0.001
2453,0.003
2509,0.004
2510,0.001
2514,0.004
2674,0.001
2695,0.003
2782,0.002
2790,0.004
2907,0.001
2908,0.003
3116,0.001
842,0.007
963,0.007
1325,0.001
3248,0.001
3249,0.001
3357,0.001
3358,0.001
3672,0.003
3673,0.001
3810,0.001
3811,0.004
3820,0.002
3845,0.005
3846,0.001
3906,0.008
3936,0.011
3937,0.002
3988,0.01
3992,0.005
3996,0.005
3997,0.001
1145,0.001
1581,0.002
1615,0.003
1628,0.001
1642,0.001
1689,0.001
1732,0.001
1762,0.003
2752,0.001
2932,0.002
2933,0.002
2941,0.003
2942,0.004
3054,0.003
3055,0.002
3244,0.002
3245,0.003
3270,0.001
3975,0.003
3976,0.001
2898,0.003
4208,0.001
4209,0.001
1749,0.003
1796,0.001
1797,0.004
1840,0.004
1844,0.002
2238,0.002
3144,0.002
3366,0.001
2422,0.003
2423,0.003
3521,0.002
3664,0.001
3815,0.008
3816,0.001
3817,0.001
3486,0.001
3487,0.001
2462,0.004
2034,0.002
2976,0.005
2977,0.002
3153,0.002
4053,0.004
3633,0.001
3634,0.001
3638,0.004
1884,0.002
3094,0.001
3431,0.002
3512,0.002
3513,0.003
3517,0.001
3547,0.003
3548,0.001
3724,0.006
3725,0.001
3745,0.001
3746,0.005
3879,0.001
3880,0.005
4091,0.001
4092,0.002
4320,0.003
3685,0.001
3686,0.001
4355,0.002
2483,0.007
2484,0.002
4333,0.001
4334,0.001
4385,0.001
4087,0.002
4088,0.001
2492,0.002
3452,0.002
3453,0.001
3454,0.001
3503,0.002
3504,0.003
3715,0.002
3716,0.002
3823,0.002
3824,0.005
3957,0.001
3958,0.005
3970,0.003
3971,0.005
4027,0.002
4031,0.005
4036,0.002
4066,0.002
4178,0.003
4204,0.003
4278,0.002
4338,0.002
4398,0.001
3750,0.004
3751,0.001
2945,0.001
2946,0.003
2488,0.004
4156,0.002
4157,0.001
4217,0.003
4018,0.007
4019,0.002
3219,0.001
3278,0.001
3279,0.003
3491,0.002
3492,0.001
3505,0.001
3569,0.001
3733,0.003
4247,0.004
4248,0.002
4307,0.002
4308,0.005
2613,0.002
3720,0.004
3759,0.003
3760,0.001
3962,0.005
3963,0.003
4472,0.001
4507,0.001
4532,0.001
3944,0.002
3945,0.004
4425,0.001
4109,0.001
4212,0.002
3473,0.002
4006,0.001
2721,0.002
2512,0.001
3611,0.001
3612,0.002
3629,0.005
3695,0.001
3726,0.001
3754,0.004
3755,0.002
3798,0.001
3849,0.002
3850,0.001
3940,0.003
3941,0.002
4169,0.002
4330,0.002
3837,0.005
2086,0.001
2087,0.001
2846,0.002
2847,0.005
2414,0.004
2418,0.002
2419,0.008
2665,0.001
2666,0.001
2969,0.002
2604,0.005
2605,0.001
2691,0.001
2700,0.001
2704,0.005
2401,0.001
2402,0.003
2518,0.002
2535,0.001
2536,0.002
3660,0.003
3668,0.003
3599,0.002
4329,0.002
3604,0.002
3551,0.001
3552,0.001
4079,0.001
4080,0.001
4234,0.001
3482,0.003
2351,0.001
3120,0.001
4239,0.001
3383,0.001
3708,0.001
4222,0.001
3297,0.002
4290,0.003
4291,0.001
4292,0.001
3111,0.002
3267,0.001
3352,0.001
1999,0.001
4261,0.001
3170,0.001
3172,0.001
3175,0.002
3176,0.002
2972,0.002
3021,0.002
3023,0.001
3024,0.003
3032,0.001
3085,0.003
3214,0.002
3216,0.001
3238,0.001
3239,0.001
3240,0.001
3242,0.001
3508,0.001
3509,0.001
2868,0.005
2523,0.006
3564,0.001
4057,0.001
4083,0.002
1943,0.001
2064,0.003
2276,0.002
2277,0.002
2354,0.003
2931,0.001
3158,0.003
3140,0.001
3141,0.001
3767,0.001
3416,0.001
3417,0.001
3789,0.001
3790,0.001
4118,0.002
3421,0.001
3422,0.001
3543,0.002
3919,0.001
2635,0.002
2958,0.001
3006,0.002
1823,0.002
1974,0.001
2030,0.001
2069,0.002
2241,0.002
2328,0.002
2575,0.002
2669,0.001
2937,0.002
2938,0.001
3914,0.001
3915,0.002
3180,0.001
3181,0.001
3895,0.001
3210,0.001
3211,0.001
2872,0.003
2873,0.002
4297,0.001
3426,0.001
3179,0.001
3291,0.001
2717,0.002
3413,0.001
3414,0.002
3471,0.001
3400,0.001
3690,0.001
2630,0.002
4187,0.001
2445,0.004
4256,0.001
4317,0.001
2126,0.001
3478,0.001
3479,0.001
3443,0.001
3449,0.001
3082,0.001
4096,0.001
2358,0.002
2725,0.002
3539,0.001
3625,0.002
3655,0.001
3802,0.001
3581,0.001
3631,0.001
2051,0.001
2838,0.001
2095,0.001
2548,0.001
2570,0.002
2687,0.006
2855,0.001
3127,0.001
3287,0.001
3331,0.001
3341,0.001
3370,0.001
3395,0.001
3419,0.001
3456,0.001
2216,0.002
2736,0.001
2644,0.011
3058,0.001
3304,0.001
1447,0.001
878,0.006
886,0.016
834,0.016
773,0.021
913,0.003
3151,0.001
1448,0.003
1457,0.004
1593,0.001
1657,0.001
1822,0.001
1830,0.001
1831,0.004
1837,0.002
1860,0.005
1861,0.001
1897,0.002
1898,0.001
1992,0.003
1993,0.003
2000,0.001
2001,0.002
2024,0.002
2052,0.001
2053,0.005
2157,0.003
2182,0.001
2580,0.001
2581,0.003
2582,0.001
2664,0.006
2768,0.001
2819,0.001
2828,0.002
2829,0.001
2831,0.005
2848,0.002
2849,0.002
2863,0.007
2864,0.001
2883,0.002
2884,0.002
2909,0.003
2125,0.003
2522,0.001
2811,0.004
2843,0.002
2869,0.003
2519,0.002
2520,0.007
1856,0.001
1964,0.003
1975,0.005
2077,0.001
2529,0.006
2618,0.011
2568,0.001
2569,0.004
2621,0.007
2622,0.001
2680,0.003
2681,0.002
2682,0.001
1916,0.001
1941,0.003
2952,0.003
2987,0.001
2991,0.001
3030,0.001
3044,0.001
2871,0.003
2079,0.002
2080,0.001
2098,0.001
2100,0.001
2601,0.007
2966,0.002
2094,0.002
2073,0.002
2074,0.001
2102,0.005
2103,0.001
2065,0.003
973,0.006
1800,0.001
1854,0.004
2559,0.001
2560,0.005
2561,0.002
2964,0.001
2984,0.001
2428,0.003
2463,0.001
2464,0.001
2465,0.005
2466,0.001
2481,0.001
2517,0.008
2538,0.001
2539,0.001
2589,0.006
2608,0.002
2610,0.001
2045,0.003
2356,0.001
2537,0.008
2174,0.003
2180,0.001
2448,0.002
2556,0.001
2557,0.002
2558,0.001
2563,0.005
2598,0.005
2603,0.001
2624,0.008
2660,0.002
2661,0.005
1085,0.001
1894,0.002
1895,0.001
1915,0.002
2035,0.001
2036,0.004
2143,0.001
2650,0.006
2545,0.001
2546,0.004
2096,0.004
2097,0.001
2172,0.001
2014,0.001
2062,0.003
2063,0.001
2346,0.001
2347,0.002
2413,0.001
2584,0.003
2585,0.002
2586,0.006
2485,0.001
2486,0.001
2322,0.001
1641,0.002
1803,0.001
1824,0.001
2701,0.002
2702,0.003
2703,0.001
2627,0.005
2629,0.002
2961,0.001
2425,0.004
2287,0.002
2340,0.001
2342,0.002
2344,0.001
2583,0.003
2727,0.001
1655,0.003
1656,0.001
2678,0.005
2679,0.004
2889,0.002
2926,0.001
2923,0.001
2396,0.005
1653,0.002
2335,0.002
2407,0.001
2408,0.003
2477,0.006
2482,0.001
2543,0.008
2549,0.007
2606,0.001
2607,0.004
2638,0.005
2647,0.008
2658,0.006
2698,0.002
2699,0.001
2709,0.001
2710,0.001
2808,0.004
2879,0.001
2880,0.002
2892,0.001
2949,0.002
2500,0.006
2771,0.001
2805,0.001
2215,0.001
2327,0.002
2379,0.001
2832,0.001
2577,0.001
2579,0.001
2981,0.001
3004,0.001
2742,0.001
2364,0.001
2365,0.002
2366,0.001
2376,0.002
2508,0.004
2801,0.001
2802,0.002
2314,0.001
2315,0.001
2295,0.001
2296,0.001
2297,0.001
2641,0.006
2826,0.001
2684,0.001
2420,0.001
2503,0.007
2526,0.004
2615,0.001
2779,0.002
2886,0.005
1787,0.001
2860,0.003
2861,0.001
2300,0.001
2301,0.001
2398,0.001
2399,0.001
2400,0.001
2719,0.001
2720,0.001
2321,0.002
2338,0.001
2339,0.001
2866,0.001
2732,0.001
2859,0.001
2875,0.001
2235,0.001
2137,0.004
2788,0.002
2117,0.003
2320,0.001
2017,0.001
2018,0.001
2217,0.001
2218,0.002
1912,0.004
2468,0.003
2085,0.003
1569,0.003
2511,0.001
2278,0.001
2745,0.002
2280,0.001
1215,0.001
2206,0.001
2596,0.001
2386,0.001
2441,0.002
2442,0.003
2284,0.001
2194,0.001
2200,0.001
2274,0.001
2266,0.001
2460,0.001
1752,0.001
2791,0.001
2837,0.001
2318,0.001
2415,0.001
2416,0.001
2457,0.001
2822,0.001
2244,0.001
2389,0.001
1713,0.001
1748,0.001
2139,0.001
2191,0.001
2221,0.001
2227,0.001
2690,0.001
1053,0.003
891,0.006
1129,0.002
1023,0.004
1024,0.001
903,0.002
