File,Gamma,V,T,E,TG_edges,Tnb_gmBBR19,G_edges,nb_gmBBR19
test0745,2,111,110,27831,0.07695508,2.67325377,27577,527
test1002,2,71,70,49211,0.09935808,5.70715618,48507,556
test1086,2,151,150,60901,0.14212942,14.45518708,60494,912
test1256,2,87,86,63727,0.18919039,9.93200421,62985,708
test0705,2,77,76,82157,0.25453448,12.81950784,81075,758
test1094,2,148,147,27931,0.06945682,2.19700646,27740,610
test0390,2,81,80,65601,0.14984345,12.03019547,64780,693
test0016,2,28,29,10207,0.02589464,0.37926102,9828,162
test1349,2,129,128,94849,0.23801541,27.01370454,94107,1057
