File,Gamma,V,T,E,TG_edges,Tnb_gmBBR19,G_edges,nb_gmBBR19
rollernet1264,2,62,8,10094,0.01737332,0.06493473,7126,96
rollernet2410,2,62,5,6803,0.00471735,0.0231781,4717,59
rollernet458,2,62,22,18207,0.01299524,0.26868391,11624,253
rollernet2420,2,62,5,6753,0.00509357,0.0263865,4669,60
rollernet1488,2,62,7,9318,0.01617527,0.04894495,6704,86
rollernet2094,2,62,5,7339,0.004843,0.02353406,5183,58
rollernet3286,2,62,4,5247,0.00289035,0.0104146,3326,45
rollernet264,2,62,38,23917,0.01599264,0.41501284,13872,423
rollernet2649,2,62,4,6193,0.01204133,0.01658154,4212,45
rollernet3567,2,62,3,4996,0.00284123,0.00963712,3089,31
rollernet2928,2,62,4,6008,0.00350428,0.01538086,4059,52
rollernet2884,2,62,4,6047,0.00379229,0.01438379,4092,50
rollernet3129,2,62,4,5688,0.00341511,0.01337337,3759,47
rollernet2016,2,62,5,7398,0.00948882,0.02508831,5241,60
rollernet2102,2,62,5,7336,0.00705171,0.04072666,5181,60
rollernet2132,2,62,5,7329,0.02094436,0.04159474,5182,59
rollernet3163,2,62,4,5599,0.00432396,0.01513481,3669,51
rollernet1540,2,62,7,9191,0.01191878,0.04031539,6638,83
rollernet2444,2,62,5,6643,0.00512218,0.02203321,4567,58
rollernet2875,2,62,4,6047,0.00419116,0.03328395,4090,49
rollernet952,2,62,11,12186,0.00966763,0.07729244,8606,134
rollernet3164,2,62,4,5592,0.00576329,0.01661229,3662,49
rollernet663,2,62,16,14911,0.02042437,0.12794232,10048,178
rollernet687,2,62,15,14702,0.02904463,0.14287877,10022,178
rollernet3021,2,62,4,5889,0.00400281,0.0142839,3942,49
rollernet2253,2,62,5,7215,0.00464463,0.0236969,5100,59
rollernet1837,2,62,6,8223,0.0080874,0.03228307,5903,68
rollernet2124,2,62,5,7329,0.00487423,0.02540445,5178,60
rollernet2076,2,62,5,7349,0.00464296,0.03782511,5180,60
rollernet474,2,62,22,17846,0.02701235,0.20100164,11437,243
rollernet830,2,62,13,12964,0.01899958,0.08753562,8906,144
rollernet3562,2,62,3,4994,0.00346565,0.01178384,3087,31
rollernet1688,2,62,6,8436,0.01186061,0.04438758,6064,76
rollernet2134,2,62,5,7329,0.00591946,0.02716875,5181,60
rollernet1674,2,62,6,8447,0.00632644,0.03558803,6076,74
rollernet1215,2,62,9,10560,0.01537061,0.06093264,7559,106
rollernet497,2,62,21,17504,0.02580142,0.25468636,11368,239
rollernet1044,2,62,10,11478,0.01756096,0.06743622,8027,118
rollernet3197,2,62,4,5516,0.00343013,0.01300025,3580,49
rollernet532,2,62,19,16816,0.01100516,0.23693419,11011,219
rollernet2866,2,62,4,6049,0.00527334,0.01886201,4094,50
rollernet244,2,62,41,24663,0.02127504,0.55280948,14050,461
rollernet2563,2,62,4,6249,0.00568342,0.01821613,4237,51
rollernet246,2,62,41,24623,0.0137465,0.45818901,14028,463
rollernet2252,2,62,5,7218,0.00521541,0.02234459,5104,60
rollernet2157,2,62,5,7328,0.01080132,0.02375913,5190,59
rollernet1168,2,62,9,10896,0.00814652,0.06400371,7879,101
rollernet2328,2,62,5,7047,0.01227903,0.037045,4944,59
